-0.5503 -0.8993759022 1.192208567 0.8575508343 2.469340766 -1.918978503 -1.107081521 
-0.5503 -0.9044046752 1.192664386 0.8725168821 2.466728864 -1.913501354 -1.098892199 
-0.5503 -0.9102330021 1.192570524 0.8891637258 2.46457455 -1.907179219 -1.089987164 
-0.5503 -0.9153739762 1.192975801 0.9042118336 2.462100026 -1.901632065 -1.081712902 
-0.5503 -0.9208286356 1.193641877 0.9203391751 2.459180386 -1.89581246 -1.072729568 
-0.5503 -0.9258556506 1.194340733 0.935194459 2.456458096 -1.890444068 -1.064378566 
-0.4503 -0.8930537752 1.072650036 0.8246660776 2.452254672 -1.902280686 -1.123995843 
-0.4503 -0.8994217992 1.07130221 0.8423170947 2.451339569 -1.894702781 -1.115097286 
-0.4503 -0.9057237093 1.07092716 0.8605043293 2.449161003 -1.887315558 -1.105532351 
-0.4503 -0.9120811226 1.069887502 0.8780430535 2.44796751 -1.879881533 -1.096555948 
-0.4503 -0.9187220195 1.069246175 0.8965981378 2.446191955 -1.8722561 -1.086859231 
-0.4503 -0.9243913874 1.069483122 0.913082298 2.443638204 -1.86575801 -1.077887795 
-0.4503 -0.9308239715 1.06937557 0.9312521082 2.441366993 -1.858547007 -1.068120484 
-0.4503 -0.9365667507 1.069681921 0.947776716 2.438806904 -1.852067646 -1.059042628 
-0.4503 -0.9425469161 1.070376096 0.9652499099 2.435712289 -1.845465008 -1.049234645 
-0.4503 -0.948121489 1.071051115 0.9814919078 2.432803189 -1.839255823 -1.040080244 
-0.3503 -0.9099767264 0.9433328742 0.8749403962 2.436136507 -1.843357044 -1.09701523 
-0.3503 -0.9171589325 0.9428743363 0.8950489902 2.433903412 -1.834976929 -1.086489788 
-0.3503 -0.923818924 0.9425759618 0.9136669203 2.431683982 -1.827165592 -1.076677091 
-0.3503 -0.9304316655 0.9431535783 0.9328129975 2.428391789 -1.819589904 -1.066037428 
-0.3503 -0.9371088638 0.9429855272 0.951352885 2.426053427 -1.811890118 -1.05625377 
-0.3503 -0.9433981851 0.9441305078 0.9699374805 2.422189008 -1.804813309 -1.045649533 
-0.3503 -0.949879109 0.9443739382 0.9881072391 2.419445419 -1.797456854 -1.035716422 
-0.3503 -0.9562253536 0.9454987265 1.006654049 2.41567807 -1.790432563 -1.025060789 
-0.3503 -0.9621846729 0.9465602233 1.024063521 2.412044663 -1.783749355 -1.015040971 
-0.3503 -0.9683014104 0.9480652921 1.042267778 2.407866504 -1.777087344 -1.004283063 
-0.2503 -0.9255293639 0.8140149697 0.9395689765 2.41991605 -1.773061585 -1.058856342 
-0.2503 -0.9328288839 0.8148910078 0.9602479747 2.416012702 -1.764863365 -1.047407221 
-0.2503 -0.9396527648 0.8157556462 0.979591843 2.412212117 -1.75710672 -1.036650941 
-0.2503 -0.9463244362 0.8174821129 0.9992548933 2.407365594 -1.74972793 -1.025074748 
-0.2503 -0.9531573904 0.8183716838 1.018501336 2.403589882 -1.742089107 -1.014354334 
-0.2503 -0.9596153526 0.8203393286 1.037795146 2.398435246 -1.734934537 -1.002817936 
-0.2503 -0.9661205163 0.8216765583 1.056476386 2.394235877 -1.72785688 -0.9919365256 
-0.2503 -0.9726323283 0.8236404171 1.075836322 2.389102436 -1.720786417 -0.9802484305 
-0.2503 -0.9785683846 0.8255647707 1.093598769 2.384259885 -1.714362333 -0.9693854497 
-0.2503 -0.9848134168 0.8277949711 1.112511218 2.378862444 -1.707670898 -0.9576408719 
-0.1503 -0.9381565265 0.6888604108 1.014667654 2.398606291 -1.695580889 -1.009056024 
-0.1503 -0.9455060267 0.691043145 1.035840679 2.392738977 -1.687692112 -0.9965358116 
-0.1503 -0.9521983352 0.6931556604 1.055227669 2.387228351 -1.680513808 -0.9849157512 
-0.1503 -0.9592140846 0.6956308124 1.075810139 2.381069143 -1.673088354 -0.9723425487 
-0.1503 -0.9655835819 0.6979758672 1.094677442 2.375239999 -1.666340485 -0.9606841276 
-0.1503 -0.9719813593 0.700835049 1.114214582 2.368603828 -1.659542196 -0.948213642 
-0.1503 -0.9788486313 0.7033819163 1.134587623 2.362290427 -1.652436082 -0.9354474709 
-0.1503 -0.9847386287 0.7060957748 1.152683423 2.356081914 -1.646397338 -0.9236906456 
-0.1503 -0.9911031441 0.7091529253 1.172261835 2.349316921 -1.639879487 -0.9108063836 
-0.1503 -0.9967614722 0.711766491 1.189988457 2.342997622 -1.63396571 -0.8991406183 
-0.0503 -0.9470428611 0.5694651767 1.098352967 2.36900839 -1.613431474 -0.9463778919 
-0.0503 -0.953752022 0.5725076624 1.118074029 2.361808407 -1.606621182 -0.9337856131 
-0.0503 -0.960667576 0.576143844 1.138786355 2.353849475 -1.59993105 -0.9201214324 
-0.0503 -0.9668411372 0.5791754841 1.157634394 2.346417239 -1.593539278 -0.9077217652 
-0.0503 -0.9736626907 0.5825568605 1.17823537 2.338506617 -1.586820539 -0.8940478289 
-0.0503 -0.979542097 0.5858710733 1.196636411 2.330881535 -1.580979936 -0.8814601433 
-0.0503 -0.9859771183 0.5894956395 1.216639237 2.322757451 -1.574842352 -0.8676802211 
0 -0.9622587997 0.5182999876 1.180510973 2.334718872 -1.558842516 -0.8844834847 
0 -0.9688050884 0.5223775756 1.200752258 2.325799348 -1.552846681 -0.8703305202 
0 -0.9749612378 0.5256515523 1.219765247 2.317607304 -1.546676973 -0.8572899847 
0 -0.98117406 0.5297343496 1.239515449 2.308595547 -1.541054839 -0.843102806 
0 -0.9869353903 0.5330733739 1.257908568 2.300296663 -1.535419617 -0.8300715412 
0.0497 -0.9629128599 0.4630108181 1.224583518 2.312344725 -1.517849879 -0.8443438579 
0.0497 -0.9688241048 0.4667232613 1.243268927 2.303302535 -1.512242988 -0.8309218861 
0.0497 -0.9752632833 0.4707780554 1.263540375 2.293618863 -1.506389156 -0.8162475263 
0.0497 -0.980859966 0.4747331893 1.281766111 2.284440839 -1.501369518 -0.8026255576 
0.0497 -0.9868640228 0.4786046772 1.301372049 2.274755388 -1.495919465 -0.7880981472 
0.0497 -0.9924051849 0.482425711 1.319620724 2.265558889 -1.490907961 -0.7743047984 
0.0497 -0.9979940959 0.4862763595 1.338629528 2.255751678 -1.485845519 -0.759788825 
0.1497 -0.9397571227 0.3391566192 1.253400478 2.294735858 -1.450550898 -0.8011903319 
0.1497 -0.9459339582 0.343689349 1.272587221 2.284050517 -1.44547226 -0.7865910229 
0.1497 -0.952348102 0.3481560005 1.292936465 2.272667717 -1.43995119 -0.771083993 
0.1497 -0.9581008073 0.352573698 1.31149744 2.262024152 -1.435349677 -0.7565284362 
0.1497 -0.9641939731 0.3568783203 1.331430098 2.250641186 -1.430098442 -0.7409773998 
0.1497 -0.9696518424 0.361148029 1.349631009 2.239976015 -1.425747125 -0.7263743126 
0.1497 -0.9753355921 0.365486245 1.368982434 2.228544669 -1.421096411 -0.7107607807 
0.1497 -0.9804492757 0.3692608847 1.386718211 2.218013686 -1.41678011 -0.6963835009 
0.1497 -0.9858023998 0.373635865 1.405604031 2.206556407 -1.412617129 -0.6806770026 
0.1497 -0.9906112081 0.3774693756 1.422935493 2.195957443 -1.408776005 -0.6661878987 
0.1497 -0.9956280667 0.3815314975 1.441386865 2.184539357 -1.404808573 -0.6505848499 
0.2497 -0.9337815321 0.2338789269 1.35991229 2.228334611 -1.361294703 -0.6883809471 
0.2497 -0.9396990822 0.238649753 1.379601583 2.21517478 -1.356934467 -0.6717588493 
0.2497 -0.9449237177 0.2428148908 1.397496375 2.203093925 -1.353044402 -0.6564978709 
0.2497 -0.9504507131 0.24748719 1.416963803 2.189818532 -1.348938245 -0.6395736529 
0.2497 -0.9554754895 0.2516076336 1.434372878 2.17779095 -1.345512713 -0.6243653183 
0.2497 -0.9606188635 0.2559192353 1.453049555 2.164768517 -1.341868498 -0.6078116145 
0.2497 -0.9651890011 0.2598373712 1.470093426 2.152734108 -1.338721263 -0.5924959983 
0.2497 -0.9700105996 0.2639244826 1.488386204 2.139724008 -1.335343982 -0.5759370492 
0.2497 -0.9742813971 0.2676419712 1.505067466 2.127703587 -1.33245721 -0.5606259683 
0.2497 -0.9787323215 0.271537366 1.52286138 2.114752723 -1.329469816 -0.5441308589 
0.3497 -0.9118009555 0.1230162341 1.444715097 2.164422179 -1.277266464 -0.5777328909 
0.3497 -0.9170818696 0.1276455584 1.463461542 2.14961152 -1.274090364 -0.5601512651 
0.3497 -0.9215993427 0.1316374207 1.480377863 2.135872087 -1.271113332 -0.5439784349 
0.3497 -0.9266080188 0.1359941151 1.498847958 2.121128352 -1.268216238 -0.5263464836 
0.3497 -0.9314666818 0.1402490645 1.517139674 2.10643512 -1.265528851 -0.5087033113 
0.3497 -0.9356751595 0.1439860353 1.533766213 2.09284428 -1.26312661 -0.492408685 
0.3497 -0.9398694572 0.1478449221 1.550933898 2.078336296 -1.260855818 -0.4752351392 
0.3497 -0.9437314287 0.151330749 1.567145366 2.064822521 -1.258754075 -0.4589905171 
0.3497 -0.9475741286 0.1549267194 1.583900474 2.050389313 -1.256791665 -0.4418653259 
0.3497 -0.9511169556 0.1581771469 1.599752744 2.036932974 -1.254978658 -0.4256464652 
0.3497 -0.9548195084 0.1615690454 1.616731617 2.022462721 -1.253177705 -0.4081481718 
0.3497 -0.9578824158 0.1645551898 1.631693748 2.009139201 -1.251782586 -0.392329088 
0.3497 -0.9610984809 0.1676709241 1.647782301 1.994799996 -1.250410542 -0.3752295426 
0.3497 -0.9640723244 0.1704926364 1.663064534 1.981409794 -1.24915633 -0.3589926966 
0.3497 -0.9670072119 0.1733889531 1.678889946 1.967094905 -1.248074535 -0.3418722879 
0.3497 -0.969544442 0.1759629398 1.693344311 1.953820194 -1.247213982 -0.3260337578 
0.3497 -0.9721482196 0.1786310366 1.708783419 1.939535623 -1.246435725 -0.3089771187 
0.3497 -0.9742779075 0.1809606819 1.722466644 1.926364754 -1.245935759 -0.2935229601 
0.3497 -0.9766744278 0.1834430427 1.737916243 1.91203991 -1.245395843 -0.2762522295 
0.3497 -0.978638174 0.1856090907 1.751677559 1.898820336 -1.245106872 -0.2605586041 
0.3497 -0.9805982106 0.1878333157 1.766307389 1.884595914 -1.24494853 -0.2437047086 
0.3497 -0.9822757055 0.1897986569 1.779717675 1.871397557 -1.244942753 -0.2280991524 
0.3497 -0.9839299119 0.1918081072 1.793973522 1.857193584 -1.245087923 -0.2113421093 
0.3497 -0.9852785731 0.1935580604 1.806924023 1.844023467 -1.245367658 -0.1959036521 
0.3497 -0.9866780692 0.195371791 1.820929287 1.829824372 -1.245808531 -0.1791723411 
0.3497 -0.9877523281 0.1969247218 1.833543838 1.816668507 -1.246364957 -0.163832324 
0.3497 -0.9888496035 0.1985270369 1.847187524 1.802480971 -1.247105129 -0.1472035714 
0.3497 -0.9897504344 0.2000027175 1.860532067 1.788310959 -1.248002523 -0.1307090541 
0.3497 -0.9904499828 0.2012749531 1.872759462 1.775157091 -1.248972652 -0.115444136 
0.3497 -0.9910563734 0.2025393797 1.885752079 1.760995001 -1.250164113 -0.09906147544 
0.3497 -0.9914833633 0.2036152008 1.89765487 1.747847256 -1.251406104 -0.08390245566 
0.3497 -0.9917969937 0.2046676608 1.910300096 1.733690512 -1.252889042 -0.06763602595 
0.3497 -0.9919527135 0.2055460907 1.921882185 1.72054663 -1.254400477 -0.05258695978 
0.3497 -0.9919746922 0.2063852024 1.934183901 1.706392919 -1.256172263 -0.03644111106 
0.3497 -0.9918599246 0.2070646606 1.945448607 1.693250852 -1.257950667 -0.02150601418 
0.3497 -0.9915908415 0.2076884103 1.957410091 1.679098055 -1.260008593 -0.00548503751 
0.3497 -0.9912059095 0.2081667443 1.968360189 1.665955902 -1.262051404 0.009332144981 
0.3497 -0.9906458833 0.2085725168 1.979984148 1.651802028 -1.264392647 0.02522405173 
0.3497 -0.9899906945 0.2088470289 1.990621898 1.638657976 -1.266697179 0.0399194755 
0.3497 -0.9891394173 0.209031636 2.001910497 1.624501102 -1.269318768 0.05567823798 
0.3497 -0.9882135033 0.2090991087 2.012237665 1.611353381 -1.271882179 0.07024818796 
0.3497 -0.9870702837 0.2090588152 2.02319255 1.597191605 -1.27478096 0.08586988614 
0.3497 -0.9858728378 0.208915535 2.033210431 1.584038444 -1.277600226 0.1003108035 
0.3497 -0.9844366411 0.2086460844 2.043832748 1.569869843 -1.280772829 0.1157917001 
0.3497 -0.9829665571 0.2082878666 2.053542177 1.556709438 -1.283844712 0.1301002091 
0.3497 -0.9812360455 0.2077845087 2.063832584 1.542532042 -1.287287525 0.1454367763 
0.3497 -0.9794919544 0.2072067225 2.073233952 1.529362531 -1.290608546 0.159609709 
0.3497 -0.9774655266 0.2064642416 2.083192632 1.515174298 -1.294317682 0.1747986579 
0.3497 -0.9754458337 0.2056618393 2.092285893 1.501993746 -1.297884095 0.1888330794 
0.3497 -0.9731216669 0.2046745875 2.101912568 1.487792551 -1.301855364 0.2038713849 
0.3497 -0.9708245903 0.2036421361 2.110697252 1.474598947 -1.30566313 0.217764618 
0.3497 -0.9682006815 0.2024040702 2.119991194 1.460382581 -1.309892018 0.2326495463 
0.3497 -0.9654205152 0.2010334551 2.129112173 1.446157455 -1.314252591 0.2474539735 
0.3497 -0.9626081697 0.1995432919 2.137111565 1.432927997 -1.318315577 0.2609070671 
0.3497 -0.9596153069 0.1980092501 2.146212763 1.418696243 -1.323029074 0.2757758485 
0.3497 -0.9565000101 0.1962723016 2.153917331 1.405431441 -1.327323838 0.2891230349 
0.3497 -0.9532223851 0.1944723897 2.162665317 1.391195633 -1.332279926 0.3037923112 
0.3497 -0.9499334086 0.1925826491 2.170354626 1.377939217 -1.336899984 0.3171718602 
0.3497 -0.9462373688 0.1904093794 2.178465782 1.363651125 -1.341994059 0.3315002997 
0.3497 -0.9426617583 0.1882613997 2.185839462 1.350371995 -1.34683299 0.3447304628 
0.3497 -0.9386559269 0.1858064214 2.193609387 1.336058327 -1.352159586 0.358897542 
0.3497 -0.9347916451 0.1833934944 2.200664901 1.322754444 -1.357211373 0.3719775241 
0.3497 -0.9304738828 0.1806495653 2.208090698 1.308413085 -1.362763799 0.3859826133 
0.3497 -0.9263903162 0.1779737415 2.214838397 1.29510919 -1.368005966 0.3988562078 
0.3497 -0.9216873278 0.1749248813 2.221903694 1.280711649 -1.373793156 0.4127549934 
0.3497 -0.9173048517 0.1719695851 2.228327156 1.267375691 -1.379235127 0.4254848471 
0.3497 -0.912292739 0.1686186501 2.23504185 1.252950857 -1.385233285 0.4392151241 
0.3497 -0.9075516493 0.165370962 2.241124914 1.23956265 -1.390883546 0.4518442136 
0.3497 -0.9022871011 0.161717577 2.247498238 1.225128359 -1.39706899 0.4653644691 
0.3497 -0.8972509085 0.1581789242 2.253250484 1.211709904 -1.402904059 0.4778447592 
0.3497 -0.891668031 0.1542090176 2.259265646 1.197242857 -1.409284285 0.4912055702 
0.3497 -0.8863358522 0.1503736176 2.264683538 1.183793983 -1.415296197 0.5035386848 
0.3497 -0.8804339067 0.1460812268 2.270336709 1.169294376 -1.421862437 0.5167421015 
0.3497 -0.8748815368 0.1419509522 2.27543635 1.155835746 -1.428018946 0.5288792351 
0.3497 -0.8685839921 0.137323616 2.280704063 1.14128455 -1.434786026 0.5419789202 
0.3497 -0.8621972086 0.1325315858 2.285800292 1.126737873 -1.441617207 0.5549486451 
0.3497 -0.8561185616 0.1279270206 2.290360504 1.113216927 -1.448037031 0.5669221106 
0.3497 -0.8494130983 0.1228006058 2.295085384 1.098642402 -1.455030718 0.5797423956 
0.3497 -0.8430390182 0.1178839698 2.299299177 1.08509728 -1.46159693 0.5915790198 
0.3497 -0.8360160828 0.1124200528 2.30364935 1.070498878 -1.468743364 0.6042541802 
0.3497 -0.829348001 0.1071889542 2.307513759 1.056933917 -1.475446827 0.6159582829 
0.3497 -0.8220094813 0.1013855345 2.311486224 1.042317043 -1.482736106 0.628493307 
0.3497 -0.815049482 0.09583867923 2.314998664 1.028737981 -1.489567589 0.6400698331 
0.3497 -0.8073979884 0.08969499943 2.318590881 1.014109624 -1.496989751 0.6524703832 
0.3497 -0.8001488431 0.08383229986 2.321749245 1.000523732 -1.503940005 0.6639249004 
0.3497 -0.7921877422 0.07734895569 2.324959242 0.9858925992 -1.511485117 0.6761973022 
0.3497 -0.7846529358 0.07117162621 2.327762 0.9723088014 -1.518544963 0.6875359876 
0.3497 -0.7763863699 0.06435065733 2.330588477 0.9576854298 -1.526203213 0.6996872139 
0.3497 -0.7685701122 0.05786128788 2.33303477 0.9441143932 -1.533363631 0.7109168323 
0.3497 -0.7600030071 0.05070624706 2.335477201 0.9295112401 -1.541125426 0.7229544725 
0.3497 -0.7519102338 0.04390885384 2.337566929 0.915965444 -1.548377643 0.7340823451 
0.3497 -0.7430482889 0.03642484524 2.33962565 0.9013969411 -1.556233707 0.7460145671 
0.3497 -0.7346846437 0.02932489399 2.341359555 0.8878907132 -1.56356929 0.7570485306 
0.3497 -0.7255343079 0.02151858272 2.343035849 0.8733732882 -1.571510759 0.7688840323 
0.3497 -0.7169061137 0.01412297978 2.344415585 0.8599228049 -1.5789217 0.7798323895 
0.3497 -0.7074745426 0.006002565486 2.345711746 0.8454748624 -1.586940211 0.7915803408 
0.3497 -0.6985887525 -0.00168038138 2.346739934 0.8320981138 -1.594419004 0.8024518042 
0.3497 -0.6888837507 -0.01010522538 2.347659321 0.8177399765 -1.602506771 0.8141217824 
0.3497 -0.679747888 -0.01806588095 2.348339589 0.8044566921 -1.61004648 0.8249254104 
0.3497 -0.6697778342 -0.02678410341 2.348886665 0.7902105021 -1.618196364 0.8365273312 
0.3497 -0.659673809 -0.03564967879 2.349242817 0.7760316385 -1.626375876 0.8480979576 
0.3497 -0.650173675 -0.0440109117 2.34940402 0.7629316231 -1.633996237 0.8588165084 
0.3497 -0.6398182176 -0.05315075009 2.349396776 0.748901491 -1.642228368 0.8703346193 
0.3497 -0.6301986559 -0.06176526794 2.349265814 0.7359395616 -1.649845842 0.8809628931 
0.3497 -0.6194914641 -0.07116053899 2.348860417 0.7220961618 -1.658174444 0.8924852888 
0.3497 -0.6095419046 -0.08000515857 2.348360493 0.7093210005 -1.665882795 0.9031257404 
0.3497 -0.5987148972 -0.08964000153 2.34765106 0.6956844126 -1.674207882 0.9145643006 
0.3497 -0.5885511661 -0.09871683434 2.346830742 0.683093078 -1.681951032 0.9251863626 
0.3497 -0.5774837422 -0.1086501098 2.345771487 0.669585086 -1.690296816 0.936640066 
0.3497 -0.5671354787 -0.1178657207 2.344653117 0.6573225327 -1.698092616 0.9472115244 
0.2497 -0.5766619395 -0.01635543084 2.384122621 0.6133452892 -1.787474807 0.8907725081 
0.2497 -0.5661766282 -0.02686206857 2.381933214 0.5997043336 -1.794687537 0.8999638403 
0.2497 -0.554815928 -0.03827385895 2.379406502 0.5851390574 -1.802438772 0.9098617796 
0.2497 -0.5442055994 -0.04895561678 2.376906731 0.5717380081 -1.809621368 0.9190549826 
0.2497 -0.5327162837 -0.06054532544 2.374053044 0.5574480225 -1.817340664 0.9289606505 
0.2497 -0.5219919368 -0.07138253965 2.371256558 0.5443181832 -1.824494306 0.9381662235 
0.2497 -0.510385447 -0.08312936839 2.368090926 0.530336863 -1.832183414 0.9480906796 
0.2497 -0.4995573064 -0.09410314013 2.365011957 0.5175088483 -1.839310141 0.9573186597 
0.2497 -0.4878441983 -0.1059872448 2.361549971 0.503868696 -1.84697166 0.9672724633 
0.2497 -0.4769216205 -0.1170796734 2.358203215 0.4913722035 -1.854074227 0.9765324287 
0.1497 -0.4743904126 -0.02667014319 2.384169571 0.4288426733 -1.931937873 0.9004861932 
0.1497 -0.4638114229 -0.03886814588 2.379715038 0.4148585603 -1.937893081 0.9082875729 
0.1497 -0.4524169679 -0.05203179186 2.374785892 0.3999996892 -1.944268216 0.9167204968 
0.1497 -0.4408364931 -0.0652262001 2.369626277 0.3853614585 -1.950680719 0.9252311681 
0.1497 -0.4304438011 -0.07748050598 2.364910881 0.3719593529 -1.956460969 0.9330837709 
0.1497 -0.4189850125 -0.09070683516 2.359565559 0.3577213425 -1.962752293 0.9416291743 
0.1497 -0.4084570311 -0.1030916687 2.354555458 0.3447295313 -1.968510423 0.9496713299 
0.1497 -0.3970932652 -0.1162573337 2.349044369 0.3310130103 -1.974747412 0.9582395781 
0.1497 -0.3865053398 -0.1286549738 2.343791702 0.3184340466 -1.980481092 0.9663641422 
0.1497 -0.3751643489 -0.1417907922 2.338082102 0.3052111357 -1.986679542 0.9749902408 
0.0497 -0.3669817734 -0.05905523844 2.349826287 0.2206816946 -2.043634128 0.8749622691 
0.0497 -0.3566579639 -0.0729027996 2.343111677 0.2060208386 -2.048039813 0.8821511215 
0.0497 -0.3470839498 -0.08591565238 2.336757406 0.1925856686 -2.052065643 0.8890296705 
0.0497 -0.3366883028 -0.09965583652 2.329787056 0.1784767887 -2.056488232 0.8963360515 
0.0497 -0.327372963 -0.1125981471 2.323389982 0.1655057072 -2.060403965 0.9033013268 
0.0497 -0.3171575413 -0.1266827705 2.316272904 0.1517844924 -2.064650894 0.9110518799 
0.0497 -0.307823821 -0.1391824893 2.30972982 0.1394335107 -2.068660933 0.9178514939 
0.0497 -0.2977533797 -0.1528971376 2.302546793 0.1263245201 -2.072923768 0.9254819229 
0.0497 -0.2884412061 -0.1655888033 2.295819756 0.1144041946 -2.076874441 0.9326194462 
0.0497 -0.2784533137 -0.1792098041 2.288516996 0.1018397555 -2.081123615 0.9403617968 
0 -0.2716554458 -0.1460033568 2.285447184 0.04410526484 -2.098205564 0.8842033986 
0 -0.2624855788 -0.1596868073 2.277742598 0.0312196144 -2.101426038 0.8914477193 
0 -0.2540181368 -0.1723348003 2.27054519 0.0195044492 -2.104417156 0.898227512 
0 -0.2448921826 -0.1861391775 2.262685001 0.007124697449 -2.107630428 0.9058121353 
0 -0.2365706635 -0.1984276078 2.255473545 -0.004059796626 -2.110641179 0.912467001 
0 -0.2275619686 -0.2119909519 2.247563773 -0.01588368432 -2.113877762 0.9200515729 
0 -0.2192980914 -0.2242885657 2.240251102 -0.02659261346 -2.116896039 0.9269131653 
0 -0.2104057102 -0.2376096186 2.232304608 -0.03787213706 -2.120157068 0.9344824595 
0 -0.2015539995 -0.2508722839 2.224324875 -0.04887674626 -2.123433151 0.9421041381 
-0.0503 -0.2002378792 -0.2162617225 2.218184794 -0.1132430893 -2.127699221 0.8788817295 
-0.0503 -0.1923000876 -0.2294150521 2.209890128 -0.1245612922 -2.130005557 0.8861298227 
-0.0503 -0.1850994616 -0.2415338936 2.202276339 -0.134837049 -2.131999208 0.8928712369 
-0.0503 -0.1772302039 -0.254854387 2.193895358 -0.1456565191 -2.134286176 0.9005104102 
-0.0503 -0.1702372683 -0.2669405971 2.186281835 -0.1555756931 -2.136408818 0.9073749348 
-0.0503 -0.1624228945 -0.2794293538 2.177950468 -0.1658159427 -2.13868421 0.9144322299 
-0.0503 -0.1551751518 -0.2911411542 2.170137049 -0.1751437254 -2.140882244 0.9211721553 
-0.0503 -0.1475631737 -0.3040732172 2.161769957 -0.1850086804 -2.143238193 0.9288213469 
-0.0503 -0.1403685327 -0.3158464847 2.153902964 -0.19389165 -2.145493699 0.9357978513 
-0.0503 -0.1328991927 -0.328512295 2.145577399 -0.2033039485 -2.147874687 0.9433541843 
-0.1503 -0.1503527692 -0.2411687417 2.139422776 -0.3306550502 -2.122542423 0.8037692313 
-0.1503 -0.1450265199 -0.2533435895 2.130979494 -0.3411098165 -2.122771372 0.8108759558 
-0.1503 -0.1399225566 -0.2645481572 2.122990319 -0.3505934196 -2.123061243 0.8174789765 
-0.1503 -0.1346970532 -0.2765646101 2.114532981 -0.3606754679 -2.123337731 0.8246278117 
-0.1503 -0.129729473 -0.2874686331 2.10659277 -0.3698302647 -2.123635308 0.8311052501 
-0.1503 -0.1245487754 -0.2994884 2.098062789 -0.3795343143 -2.123997013 0.8384483691 
-0.1503 -0.1196816674 -0.3102875734 2.090119442 -0.3883618934 -2.124336122 0.8449865432 
-0.1503 -0.1146020997 -0.322133528 2.081597559 -0.3977177034 -2.124741479 0.8523268959 
-0.1503 -0.1097580467 -0.3329233392 2.073590013 -0.4062004339 -2.125162365 0.8590144262 
-0.1503 -0.1047643272 -0.3445023182 2.065088675 -0.4152221719 -2.12559257 0.8662433271 
-0.2503 -0.1342884638 -0.2477492654 2.065015927 -0.5413613556 -2.068029228 0.7333223459 
-0.2503 -0.1315004585 -0.2585516128 2.05671041 -0.5511960531 -2.066421272 0.7407351519 
-0.2503 -0.128744655 -0.2684652992 2.04884455 -0.5601658881 -2.064989621 0.7475877231 
-0.2503 -0.1259914498 -0.2790614258 2.040489335 -0.5697398054 -2.063422785 0.7549857638 
-0.2503 -0.1232486664 -0.289551303 2.032104988 -0.5791811551 -2.061877087 0.7623727007 
-0.2503 -0.1205218736 -0.2991748622 2.024163081 -0.5877840141 -2.060502612 0.7691934918 
-0.2503 -0.1179085277 -0.3092995869 2.015849877 -0.5970105599 -2.058918034 0.7763914589 
-0.2503 -0.1154420623 -0.3188970718 2.007996243 -0.6054409029 -2.057557932 0.7833525131 
-0.2503 -0.1129239563 -0.3288305549 1.999686859 -0.6144525002 -2.055982937 0.7905289961 
-0.2503 -0.1105356023 -0.3382591928 1.991831216 -0.6226809494 -2.054641112 0.7974733818 
-0.2503 -0.1081092619 -0.3480135133 1.983524724 -0.6314875992 -2.053074364 0.8046324055 
-0.2503 -0.1057950371 -0.3572852279 1.975665727 -0.639522523 -2.051750477 0.8115643594 
-0.2503 -0.1034563402 -0.3668723658 1.967360679 -0.6481331788 -2.050191609 0.8187102464 
-0.2503 -0.1012115796 -0.3759990412 1.959496492 -0.655981898 -2.04888629 0.8256342441 
-0.2503 -0.09895570819 -0.385430916 1.951190948 -0.6644044268 -2.047335927 0.8327715337 
-0.2503 -0.09677501425 -0.39442444 1.943319272 -0.6720731699 -2.046050807 0.8396922152 
-0.2503 -0.09492122051 -0.4035920291 1.935261349 -0.6804380167 -2.044373449 0.8467212485 
-0.2503 -0.0926104652 -0.4122724957 1.927295872 -0.6878871897 -2.043082175 0.8534471363 
-0.2503 -0.09041379921 -0.4216362919 1.918871866 -0.6959016659 -2.041662996 0.8607806059 
-0.2503 -0.08859906797 -0.4298485697 1.91127563 -0.7033789195 -2.040117343 0.8671870118 
-0.2503 -0.08644497167 -0.4391355756 1.902819017 -0.7112088877 -2.038740127 0.8745660082 
-0.2503 -0.08473042202 -0.4471720242 1.895254295 -0.7185595458 -2.037159886 0.8809191247 
-0.2503 -0.08265421154 -0.4563048326 1.886810426 -0.7262347636 -2.03577744 0.8882644311 
-0.2503 -0.08099284197 -0.4642623319 1.879226994 -0.7334382712 -2.034215046 0.8946507671 
-0.2503 -0.0794309159 -0.4728963105 1.87115465 -0.7411869562 -2.032536379 0.9016625254 
-0.2503 -0.07737327161 -0.4811392084 1.863188283 -0.7480222263 -2.031289781 0.9083891437 
-0.2503 -0.07598957312 -0.489391522 1.855240285 -0.7557143914 -2.029448255 0.9151591451 
-0.2503 -0.07392146978 -0.4980978572 1.846728964 -0.7629692193 -2.028059516 0.9223503137 
-0.2503 -0.07238932382 -0.5058525096 1.839110641 -0.7698314217 -2.026530167 0.92879574 
-0.2503 -0.07079036267 -0.5141191397 1.830924008 -0.777170295 -2.024859851 0.9357105222 
-0.2503 -0.06935379349 -0.5217166183 1.823339286 -0.7839399925 -2.023285558 0.9421065102 
-0.2503 -0.06785952973 -0.5298135047 1.815190372 -0.7911848652 -2.021563253 0.9489673722 
-0.2503 -0.0665219331 -0.5372527638 1.807642097 -0.7978725523 -2.019937277 0.9553127105 
-0.2503 -0.06513627034 -0.5451784367 1.799533966 -0.8050348576 -2.018155554 0.9621184563 
-0.2503 -0.06403261578 -0.5524311893 1.792085497 -0.8117407907 -2.016411191 0.9684079295 
-0.2503 -0.06262886588 -0.5602100446 1.783960702 -0.8187427616 -2.014621889 0.9751617884 
-0.2503 -0.06180236712 -0.5671479637 1.776475747 -0.8253930691 -2.01253335 0.9814677736 
-0.2503 -0.06057172513 -0.5749190273 1.768602064 -0.8324354697 -2.010897867 0.9881414268 
-0.2503 -0.05957242744 -0.5818479305 1.761257205 -0.8388831143 -2.009083398 0.9943003294 
-0.2503 -0.05830007898 -0.5892501519 1.753087359 -0.8458257708 -2.007113265 1.000919398 
-0.2503 -0.05740213137 -0.5960322634 1.74571344 -0.8522963338 -2.005206085 1.007054121 
-0.2503 -0.05650082458 -0.6032429197 1.737799276 -0.8592497369 -2.00310438 1.0136319 
-0.2503 -0.05595818504 -0.6098411325 1.730673155 -0.8657364441 -2.001071123 1.01972721 
-0.2503 -0.05517192159 -0.6168802556 1.722729471 -0.872732722 -1.998855974 1.026277622 
-0.2503 -0.05458195832 -0.6230986229 1.715302963 -0.8791489766 -1.996525079 1.032412591 
-0.2503 -0.05369753729 -0.6301206069 1.707550869 -0.8859925367 -1.994484993 1.038723545 
-0.2503 -0.05352511061 -0.636076639 1.700368515 -0.8925863092 -1.991916431 1.044728198 
-0.2503 -0.0529117451 -0.6429829718 1.692698892 -0.8994629129 -1.989793132 1.051144978 
-0.2503 -0.05257500289 -0.6490367384 1.68551985 -0.9059647669 -1.987450436 1.057090133 
-0.2503 -0.05233161379 -0.6554299746 1.677918417 -0.9129252569 -1.984866684 1.063436751 
-0.2503 -0.05210018264 -0.6612683502 1.670821188 -0.9193903914 -1.982412315 1.069299357 
-0.2503 -0.05198447916 -0.6674449428 1.663223256 -0.9264127322 -1.979680412 1.075602161 
-0.2503 -0.05193777113 -0.6734984987 1.655657174 -0.9334447712 -1.976873147 1.081868988 
-0.2503 -0.05189985843 -0.6790083628 1.648627334 -0.9399609278 -1.974207522 1.087645543 
-0.2503 -0.05219913835 -0.6846644192 1.641001819 -0.9471011393 -1.970951289 1.093985265 
-0.2503 -0.05210956545 -0.6900976283 1.634144732 -0.9536080156 -1.968419566 1.099572376 
-0.2503 -0.05274722214 -0.6955100991 1.62668887 -0.9609193478 -1.964981878 1.105885854 
-0.2503 -0.05302929807 -0.7006666686 1.6200332 -0.9675401996 -1.962217119 1.111447116 
-0.2503 -0.05367195638 -0.7059496829 1.612676208 -0.9749496156 -1.958824982 1.117618483 
-0.2503 -0.05430447229 -0.7107153467 1.605916222 -0.9817881836 -1.955607248 1.123283716 
-0.2503 -0.05512679246 -0.7156978614 1.598691587 -0.9892343132 -1.952026948 1.129370264 
-0.2503 -0.05594643949 -0.7201847574 1.592000533 -0.996184987 -1.948609319 1.13499088 
-0.2503 -0.05697869457 -0.7248572032 1.584852853 -1.003763475 -1.944805003 1.14103198 
-0.2503 -0.0579947644 -0.7290436819 1.578300456 -1.01077858 -1.941188909 1.146579871 
-0.2503 -0.05942800397 -0.7332557516 1.571079847 -1.018649887 -1.936897018 1.152735997 
-0.2503 -0.06052757789 -0.7372625627 1.564647325 -1.025835864 -1.93325239 1.158166486 
-0.2503 -0.06232234655 -0.74112813 1.557660267 -1.033898375 -1.928724779 1.164275336 
-0.2503 -0.06405032533 -0.7445770124 1.55122876 -1.041452056 -1.924451912 1.169903022 
-0.2503 -0.06576399193 -0.7483579234 1.544574621 -1.049547573 -1.920137523 1.175709061 
-0.2503 -0.06767555988 -0.7515144013 1.538260491 -1.057307419 -1.915701887 1.181265767 
-0.2503 -0.06989475589 -0.7547070326 1.531550401 -1.065762149 -1.910777519 1.187330586 
-0.2503 -0.07208508715 -0.7574742162 1.52536782 -1.073726741 -1.90606077 1.192775165 
-0.2503 -0.07462144384 -0.7602332412 1.518773862 -1.082451979 -1.900814018 1.198745244 
-0.2503 -0.07731085565 -0.7624112559 1.51257964 -1.090772027 -1.895519658 1.204453305 
-0.2503 -0.08000815013 -0.7648448252 1.506124391 -1.099675048 -1.890177518 1.21042394 
-0.2503 -0.08307267219 -0.7669286378 1.499839219 -1.10890864 -1.884422119 1.216271053 
-0.2503 -0.08623281422 -0.7685301063 1.493954336 -1.117684098 -1.878788289 1.221929121 
-0.2503 -0.08979932976 -0.7700171825 1.487699741 -1.127298412 -1.872565062 1.228023758 
-0.2503 -0.09328134482 -0.7711624449 1.481968334 -1.136391897 -1.86662455 1.233696784 
-0.2503 -0.09720765945 -0.7721419751 1.47588357 -1.146363575 -1.860058652 1.239817641 
-0.2503 -0.1010442196 -0.7727979135 1.470315431 -1.155807887 -1.853784999 1.245528803 
-0.2503 -0.1053641182 -0.7732348414 1.464411547 -1.166171538 -1.846849771 1.251701562 
-0.2503 -0.1095870017 -0.7733685012 1.459017148 -1.175999207 -1.840218822 1.25747668 
-0.2503 -0.1143329055 -0.7732284093 1.453305942 -1.186788739 -1.832890497 1.263729799 
-0.2503 -0.1188383905 -0.7729005144 1.448041126 -1.196911623 -1.82604936 1.269648308 
-0.2503 -0.1241743738 -0.7720579252 1.442590475 -1.208279103 -1.818139905 1.275961917 
-0.2503 -0.1292303831 -0.7710716702 1.437585111 -1.21894975 -1.810759599 1.28193215 
-0.2503 -0.1348807661 -0.7696963252 1.432294914 -1.230663617 -1.802607672 1.288423567 
-0.2503 -0.1403905105 -0.7680901741 1.427477856 -1.241795114 -1.794806057 1.294555719 
-0.2503 -0.146533699 -0.7660381624 1.4223975 -1.254013955 -1.786200377 1.301235633 
-0.2503 -0.1525195229 -0.7637859008 1.417778533 -1.265631819 -1.77796733 1.307569006 
-0.2503 -0.1593510635 -0.7608327879 1.412768037 -1.278487884 -1.768650682 1.314698537 
-0.2503 -0.1656549665 -0.7581128912 1.408508324 -1.290506071 -1.760233974 1.321055037 
-0.2503 -0.1728388028 -0.7546391531 1.403881185 -1.303804061 -1.750709335 1.328239352 
-0.2503 -0.1798226546 -0.7510370569 1.399688701 -1.316454884 -1.741612402 1.335099365 
-0.2503 -0.1875418927 -0.7468309673 1.395305112 -1.330317224 -1.731639135 1.342601729 
-0.2503 -0.1947869855 -0.742699405 1.391393478 -1.343341423 -1.722304761 1.34958585 
-0.2503 -0.202777773 -0.7379250133 1.387315087 -1.357600384 -1.712080997 1.357232132 
-0.2503 -0.2104544557 -0.7331711328 1.383683333 -1.371111255 -1.702416898 1.364486889 
-0.2503 -0.2189012977 -0.7277335847 1.379914508 -1.385890175 -1.69185324 1.372435609 
-0.2503 -0.2275797278 -0.7219582403 1.376313348 -1.400936306 -1.681126008 1.380550883 
-0.2503 -0.2358986667 -0.7162826978 1.373141242 -1.415181772 -1.671015917 1.388265041 
-0.2503 -0.2450187771 -0.7098692961 1.369878746 -1.43074028 -1.659999829 1.396722807 
-0.2503 -0.253749949 -0.7036092667 1.367031989 -1.445462507 -1.64963836 1.404770789 
-0.2503 -0.2632987152 -0.6965811179 1.364126371 -1.461523579 -1.638372605 1.413595571 
-0.2503 -0.2724299988 -0.6897602703 1.361621712 -1.476712491 -1.62779799 1.422000082 
-0.2503 -0.2820463584 -0.6822375487 1.358984401 -1.493037627 -1.616382084 1.431055619 
-0.2503 -0.2915166521 -0.6748963732 1.356823357 -1.508649674 -1.60564072 1.439812904 
-0.2503 -0.3016349098 -0.6667912164 1.354608741 -1.525517212 -1.594039886 1.449320199 
-0.2503 -0.3111543003 -0.6590339675 1.352722266 -1.541358566 -1.583213125 1.458315453 
-0.2503 -0.321529736 -0.6504416528 1.350875691 -1.558602854 -1.571506051 1.468183067 
-0.2503 -0.3312702506 -0.6422514217 1.349334409 -1.574779159 -1.560601208 1.477513458 
-0.2503 -0.3418647011 -0.6332140932 1.347862842 -1.592367756 -1.548831906 1.487741733 
-0.2503 -0.3517908494 -0.6246306566 1.346672409 -1.608848277 -1.537889217 1.497406037 
-0.2503 -0.3622890312 -0.6152644991 1.345497912 -1.626568894 -1.526127385 1.507846959 
-0.2503 -0.3726428772 -0.6062554527 1.344745491 -1.643500795 -1.515158028 1.517986177 
-0.2503 -0.3836245144 -0.5964060649 1.344072988 -1.661736971 -1.503314671 1.528932084 
-0.2503 -0.3937547601 -0.5872099152 1.343559503 -1.678670749 -1.492483812 1.539241365 
-0.2503 -0.4047810563 -0.577098082 1.343237219 -1.697088946 -1.480772769 1.550522788 
-0.2503 -0.4150575752 -0.5675771311 1.343117013 -1.714292319 -1.469936998 1.561154313 
-0.2503 -0.4261568525 -0.5571928388 1.343180213 -1.732919075 -1.458317624 1.57276864 
-0.2503 -0.4364858468 -0.5474380385 1.343417453 -1.750300683 -1.44758154 1.58370374 
-0.2503 -0.4474945816 -0.5368546119 1.343826247 -1.769020051 -1.436085921 1.595561856 
-0.2503 -0.4590253075 -0.5260400015 1.344583099 -1.788141906 -1.424661133 1.607883097 
-0.2503 -0.4691284796 -0.5160618457 1.345285676 -1.805578824 -1.414126067 1.619106913 
-0.1503 -0.04513611432 -1.056719372 1.208175522 -1.308649654 -1.78291807 1.52528487 
-0.1503 -0.09071046186 -1.002346566 1.209212573 -1.370307736 -1.736948349 1.537308948 
-0.1503 0.1100776518 -1.270600696 1.198087828 -1.1150021 -1.92898143 1.524109448 
-0.1503 0.1259894209 -1.297137928 1.19558722 -1.097239056 -1.941973902 1.528255198 
-0.1503 0.1402483095 -1.322051116 1.193013479 -1.081756697 -1.953102952 1.532746812 
-0.1503 0.1517244011 -1.342950652 1.19071512 -1.069605284 -1.961672108 1.536901235 
-0.1503 0.1627314017 -1.36375685 1.188329572 -1.058213736 -1.969540866 1.541338038 
-0.1503 0.1720018655 -1.381888676 1.186194059 -1.048819218 -1.975886831 1.545415452 
-0.1503 0.181186004 -1.400422257 1.183978443 -1.039690013 -1.981908279 1.549757027 
-0.1503 0.1891142892 -1.416891759 1.181998872 -1.031948229 -1.986886418 1.553741468 
-0.1503 0.1971217405 -1.433977599 1.179951012 -1.024255678 -1.991701665 1.557981931 
-0.1503 0.204168445 -1.449315059 1.178300538 -1.017672028 -1.995810003 1.561691129 
-0.1503 0.2113274113 -1.46542511 1.176249846 -1.010904425 -1.999704939 1.566016041 
-0.1503 0.217696077 -1.479998884 1.174585829 -1.005033365 -2.003065126 1.569819254 
-0.1503 0.2242726784 -1.495356881 1.172880713 -0.9990391603 -2.006385449 1.573869808 
-0.1503 0.2301499841 -1.509345259 1.171378854 -0.9937373843 -2.00922369 1.577590535 
-0.1503 0.2362618206 -1.524152689 1.169850027 -0.9882751398 -2.012045952 1.581555482 
-0.1503 0.2417576308 -1.537691505 1.168513358 -0.9834045209 -2.014471454 1.585199676 
-0.1503 0.247504079 -1.552070344 1.167163969 -0.978349881 -2.016894318 1.589085321 
-0.1503 0.2527390401 -1.565249626 1.166162447 -0.9738485205 -2.019060969 1.592491653 
-0.1503 0.2581499078 -1.579292176 1.164828177 -0.9690767211 -2.021079519 1.596471011 
-0.1503 0.2630109041 -1.592216779 1.163978961 -0.9649160902 -2.02302483 1.599877411 
-0.1503 0.2683113264 -1.605951088 1.162847647 -0.9603187284 -2.024711882 1.603723502 
-0.1503 0.2734186617 -1.619586403 1.161962026 -0.9559453188 -2.026406208 1.607435021 
-0.1503 0.2780741181 -1.632146166 1.16122671 -0.9519730533 -2.027875241 1.610853022 
-0.1503 0.2830021769 -1.64557177 1.160529034 -0.9477812344 -2.029352943 1.614504585 
-0.1503 0.2875055218 -1.657952508 1.159969047 -0.9439610494 -2.030634616 1.617869141 
-0.1503 0.2922836133 -1.671200125 1.159460975 -0.9399173262 -2.031923743 1.621465475 
-0.1503 0.2966592919 -1.683427689 1.159077708 -0.9362217666 -2.033041266 1.624780847 
-0.1503 0.3013121829 -1.696534254 1.158999498 -0.9323870738 -2.0343143 1.628119023 
-0.1503 0.3055791387 -1.708616163 1.158555141 -0.9287075177 -2.03513613 1.631596621 
-0.1503 0.3097114732 -1.720828807 1.15833683 -0.9256813033 -2.035726908 1.634791048 
-0.1503 0.3141759911 -1.733559007 1.158395358 -0.9214793047 -2.037004034 1.638351055 
-0.1503 0.3186251767 -1.746397503 1.158461404 -0.9177492278 -2.03784645 1.641807579 
-0.1503 0.3228554609 -1.758262871 1.158623209 -0.9142118793 -2.038516456 1.644972155 
-0.1503 0.3272336191 -1.77099385 1.158883982 -0.9105488916 -2.039235784 1.648389927 
-0.1503 0.331267643 -1.782768154 1.159215901 -0.9071774833 -2.039850729 1.651546885 
-0.1503 0.3354372981 -1.795399911 1.159654903 -0.9036936348 -2.0405131 1.654954132 
-0.1503 0.3394182268 -1.807083412 1.160165517 -0.9003748554 -2.041026435 1.658078727 
-0.1503 0.3434458659 -1.818916789 1.160722371 -0.8974452264 -2.041140679 1.661090383 
-0.1503 0.3477499919 -1.831220993 1.161519749 -0.8934427873 -2.041898206 1.664505333 
-0.1503 0.3516035702 -1.843087674 1.16205326 -0.8905183354 -2.041901057 1.667743871 
-0.1503 0.3557550763 -1.855185213 1.163215353 -0.8868009253 -2.042674351 1.670915434 
-0.1503 0.35993191 -1.867547126 1.164247663 -0.8833447276 -2.042987211 1.674212531 
-0.1503 0.3637250147 -1.878984008 1.165284162 -0.8802132615 -2.043261233 1.677271821 
-0.1503 0.3678910145 -1.891262784 1.166510957 -0.8767802314 -2.043479122 1.680544483 
-0.1503 0.3718678148 -1.902632744 1.167759896 -0.8735080723 -2.043600591 1.683562559 
-0.1503 0.3758437402 -1.914820127 1.169148915 -0.8702521561 -2.043791268 1.686833394 
-0.1503 0.3800106668 -1.926976183 1.170671991 -0.866844381 -2.043870316 1.690076371 
-0.1503 0.3838748242 -1.938222261 1.172349209 -0.8637642017 -2.044015535 1.692930047 
-0.1503 0.387985968 -1.950297792 1.173880557 -0.8603544735 -2.043917694 1.696314451 
-0.1503 0.391782645 -1.961461597 1.175726667 -0.8573557605 -2.044010205 1.699156581 
-0.1503 0.3958115106 -1.973449718 1.177425557 -0.8540387833 -2.043854111 1.702537915 
-0.1503 0.3995354491 -1.984535476 1.179251503 -0.8510543279 -2.0437819 1.705528699 
-0.1503 0.4036347294 -1.996439002 1.181330128 -0.847778979 -2.043635578 1.708740831 
-0.1503 0.4073625005 -2.007445408 1.183328015 -0.8448198797 -2.043488639 1.711722999 
-0.1503 0.4114690057 -2.019263376 1.185592253 -0.8415709702 -2.043262269 1.714928616 
-0.1503 0.415207006 -2.030189156 1.187761112 -0.8386353701 -2.04304037 1.717904819 
-0.1503 0.4193272119 -2.04191995 1.190209749 -0.8354113839 -2.042733545 1.721106796 
-0.1503 0.4231540107 -2.052758768 1.192744345 -0.8325107765 -2.042524472 1.723923758 
-0.1503 0.427221785 -2.064405325 1.195180259 -0.8292974674 -2.042048023 1.727281011 
-0.1503 0.4310373037 -2.075154002 1.197891729 -0.8264541203 -2.041782891 1.730083418 
-0.1503 0.435070684 -2.086705345 1.20047587 -0.8233080041 -2.041232611 1.733454926 
-0.1503 0.43881046 -2.097371781 1.203132661 -0.8204907735 -2.040800828 1.736427136 
-0.1503 0.4429310467 -2.108819964 1.206103781 -0.8174019305 -2.040270084 1.739631837 
-0.1503 0.4466801547 -2.119395276 1.208918608 -0.8146244112 -2.03976626 1.742606179 
-0.1503 0.4508136864 -2.130744397 1.212059662 -0.8115780719 -2.039157196 1.745815498 
-0.1503 0.4545774053 -2.141226296 1.215030476 -0.8088396093 -2.038579582 1.748793819 
-0.1503 0.4587292518 -2.152473805 1.218339117 -0.8058353896 -2.037890247 1.752009754 
-0.1503 0.4625947137 -2.162847477 1.221681453 -0.8031503222 -2.037331056 1.754828242 
-0.1503 0.4666882573 -2.174003338 1.224937677 -0.8001729493 -2.036465104 1.758218543 
-0.1503 0.4706843657 -2.184715304 1.22824787 -0.7975640586 -2.035338358 1.76132282 
-0.1503 0.4747075084 -2.195328967 1.231852796 -0.7945844569 -2.03487531 1.764446526 
-0.1503 0.478892031 -2.206268487 1.235543391 -0.7917150131 -2.033978113 1.767680803 
-0.1503 0.4827437362 -2.216439264 1.239062826 -0.789114503 -2.033131985 1.770692148 
-0.1503 0.4869799912 -2.227333598 1.242948207 -0.7862759916 -2.032152634 1.773948385 
-0.1503 0.4908066132 -2.237329339 1.246561914 -0.7837622046 -2.031229989 1.776957512 
-0.1503 0.4950205252 -2.248038012 1.250550115 -0.7810136472 -2.030168145 1.780213059 
-0.1503 0.498905811 -2.25799452 1.254344255 -0.7785265161 -2.029163911 1.783244826 
-0.1503 0.5031656924 -2.268625202 1.258503506 -0.7758215551 -2.028013322 1.786520668 
-0.1503 0.5070510123 -2.278430358 1.262404087 -0.7734062314 -2.026928081 1.789556419 
-0.1503 0.5113955741 -2.288947677 1.266724601 -0.7707136257 -2.025669988 1.7928557 
-0.1503 0.5153546776 -2.298645655 1.270770914 -0.7683152102 -2.024485639 1.795912172 
-0.1503 0.5196693354 -2.308971734 1.275179389 -0.7657243889 -2.02314709 1.799210168 
-0.1503 0.5236773536 -2.318617467 1.279388572 -0.7633760331 -2.021875112 1.802291635 
-0.1503 0.5280411849 -2.328874798 1.2839638 -0.7608421841 -2.020441386 1.805615535 
-0.1503 0.5320282719 -2.338341963 1.288250487 -0.7585866876 -2.019090371 1.808695425 
-0.1503 0.5363772174 -2.348415067 1.292913739 -0.7561463527 -2.017571256 1.812019726 
-0.1503 0.5404167439 -2.357815614 1.297350234 -0.7539448674 -2.016125121 1.815124316 
-0.1503 0.5448265468 -2.367818505 1.302175231 -0.7515613258 -2.014501382 1.818477278 
-0.1503 0.5488521651 -2.37703518 1.306681529 -0.7494479952 -2.012972902 1.821579256 
-0.1503 0.5534104904 -2.386918279 1.311756664 -0.7469843223 -2.011225991 1.824944149 
-0.1503 0.5575258387 -2.396020077 1.316303517 -0.7449497514 -2.009570521 1.828104878 
-0.1503 0.5620700836 -2.405764438 1.321387385 -0.7426566643 -2.007720747 1.831506867 
-0.1503 0.5662185947 -2.414739034 1.326128526 -0.7406302688 -2.005981382 1.834652015 
-0.1503 0.5707770622 -2.42434457 1.331315379 -0.738428141 -2.004031847 1.83806563 
-0.1503 0.5753736085 -2.43392144 1.336583633 -0.7362635552 -2.00201846 1.841498361 
-0.1503 0.5795171466 -2.442655217 1.341436517 -0.7343723334 -2.000146184 1.844645099 
-0.1503 0.584154477 -2.452120245 1.346821699 -0.7322916828 -1.998019012 1.848098401 
-0.1503 0.5884008376 -2.460654812 1.352002248 -0.7305031421 -1.996155437 1.851070939 
-0.1503 0.5929153556 -2.46994546 1.357176251 -0.7285023532 -1.993840741 1.854687491 
-0.1503 0.5973862001 -2.478441731 1.362525565 -0.7266578153 -1.991794012 1.857756155 
-0.1503 0.6020887699 -2.487604607 1.367868185 -0.7246328893 -1.989327714 1.861413187 
-0.1503 0.6064752128 -2.496002446 1.373058327 -0.7228675974 -1.987093157 1.864644977 
-0.1503 0.6110633321 -2.504956927 1.378635788 -0.7211205361 -1.984679543 1.868083014 
-0.1503 0.6156812376 -2.513243539 1.383977091 -0.7192871974 -1.982269477 1.871389944 
-0.1503 0.6202920778 -2.522052162 1.389633439 -0.717631722 -1.979742321 1.874834016 
-0.1503 0.6249214723 -2.530201138 1.395041792 -0.7158941704 -1.977227503 1.878146677 
-0.1503 0.6297928468 -2.538884531 1.40093836 -0.7141102303 -1.974511763 1.88164464 
-0.1503 0.6342983051 -2.546832837 1.406480529 -0.7126969654 -1.972046708 1.884762051 
-0.1503 0.6390791333 -2.555411807 1.412124162 -0.7110580534 -1.969124622 1.88844108 
-0.1503 0.6438293175 -2.56324399 1.41787627 -0.7095193028 -1.966471482 1.891621718 
-0.1503 0.6488467793 -2.571691791 1.423708618 -0.7078105933 -1.963363778 1.895355244 
-0.1503 0.6532945473 -2.579401894 1.429179036 -0.7065339059 -1.960596999 1.898608997 
-0.1503 0.6583472648 -2.587650821 1.435272402 -0.7049813909 -1.957473586 1.902172072 
-0.1503 0.663041581 -2.595245619 1.440866477 -0.7036444982 -1.95451036 1.905513936 
-0.1503 0.668156841 -2.603347979 1.447018771 -0.7021681825 -1.95124565 1.909096807 
-0.1503 0.6729157687 -2.610806009 1.452686188 -0.7008860638 -1.948149879 1.912451627 
-0.1503 0.6782724677 -2.618779652 1.458944801 -0.6993748256 -1.944673758 1.916128415 
-0.1503 0.6833979246 -2.626659792 1.465017218 -0.6981525529 -1.941211716 1.919761804 
-0.1503 0.6881627931 -2.633890127 1.470870167 -0.6969440548 -1.93795298 1.923047585 
-0.1503 0.693723825 -2.641580274 1.477483423 -0.6955729781 -1.934357556 1.926572766 
-0.1503 0.6983709083 -2.648732369 1.482970054 -0.6945216274 -1.930874649 1.930069346 
-0.1503 0.7037164394 -2.656299087 1.489305731 -0.693290286 -1.92709579 1.93370774 
-0.1503 0.708721407 -2.663287248 1.495174719 -0.6922235486 -1.923499309 1.937121179 
-0.1503 0.7141877287 -2.670750287 1.501608163 -0.6910521691 -1.919529551 1.940791301 
-0.1503 0.7192220151 -2.677553076 1.507486698 -0.6900397467 -1.915819201 1.944199406 
-0.1503 0.7247391387 -2.684828778 1.51395651 -0.6889141482 -1.911713468 1.947864293 
-0.1503 0.7298805616 -2.691528023 1.519908027 -0.6879603249 -1.907826073 1.951300351 
-0.1503 0.7357489716 -2.698613988 1.526739198 -0.6868206209 -1.903584865 1.954889684 
-0.1503 0.7407049691 -2.705210107 1.532440209 -0.6859755499 -1.899511174 1.958420341 
-0.1503 0.7466678291 -2.712154967 1.539255812 -0.6849033765 -1.895079725 1.962068518 
-0.1503 0.7516576976 -2.718606911 1.544946465 -0.6841785565 -1.89088106 1.965594403 
-0.1503 0.7574361446 -2.725433515 1.551556399 -0.6832185721 -1.886262252 1.969298115 
-0.1503 0.7627838853 -2.731709182 1.55754451 -0.6824725863 -1.881915969 1.972786815 
-0.1503 0.7687055911 -2.738424374 1.564249278 -0.681556923 -1.877074651 1.97651497 
-0.1503 0.774129972 -2.744505698 1.570347204 -0.680763975 -1.872590968 1.979961661 
-0.1503 0.7800751225 -2.75104023 1.576959139 -0.6799636338 -1.867614485 1.983712459 
-0.1503 0.7855895083 -2.757020705 1.583020465 -0.6792928859 -1.862942212 1.987211365 
-0.1503 0.7919248251 -2.763346214 1.590016283 -0.6783862601 -1.857778721 1.99089955 
-0.1503 0.797285497 -2.769224709 1.595899051 -0.6777990687 -1.852913039 1.994435816 
-0.1503 0.8034945187 -2.775394889 1.602753824 -0.6770907457 -1.847644278 1.998087625 
-0.1503 0.8092580737 -2.781074171 1.609011786 -0.6764717663 -1.842635788 2.001543064 
-0.1503 0.8153614015 -2.78719429 1.615407848 -0.6757945753 -1.837001898 2.005478531 
-0.1503 0.8216451788 -2.793180993 1.622089916 -0.6751616264 -1.831359981 2.009264575 
-0.1503 0.8275078224 -2.798648158 1.628292705 -0.6745815253 -1.826051053 2.012772962 
-0.1503 0.8338838683 -2.804467699 1.634982682 -0.6739839015 -1.820221758 2.01656168 
-0.1503 0.8398294815 -2.809804814 1.641137415 -0.6734942624 -1.814728003 2.020102643 
-0.1503 0.8463339601 -2.815459281 1.647897527 -0.6728883284 -1.808682881 2.023879906 
-0.1503 0.8526720882 -2.820612503 1.654394684 -0.6722358392 -1.802924916 2.027395003 
-0.1503 0.8589903139 -2.826143639 1.660823253 -0.6718629953 -1.796746233 2.031211821 
-0.1503 0.8654099204 -2.831169669 1.667193869 -0.6713026949 -1.790781026 2.034805501 
-0.1503 0.8719591073 -2.836468543 1.673982798 -0.6708924239 -1.784479001 2.038433699 
-0.1503 0.8782755752 -2.841335471 1.680312049 -0.6704011455 -1.778387851 2.041931045 
-0.1503 0.8849414859 -2.846580768 1.686679204 -0.6699988226 -1.77164574 2.045909966 
-0.1503 0.8913331337 -2.851309073 1.692933044 -0.6695567967 -1.765343888 2.049442916 
-0.1503 0.8982459455 -2.85632809 1.699595347 -0.6691471385 -1.758464822 2.053272573 
-0.1503 0.9048770367 -2.860842254 1.706135774 -0.6686894987 -1.752034084 2.05666205 
-0.1503 0.9118741194 -2.865710466 1.712712011 -0.6683261988 -1.744922437 2.060530102 
-0.1503 0.9186223088 -2.870174348 1.718827999 -0.6678858646 -1.738056066 2.064261335 
-0.1503 0.9255358397 -2.874865078 1.725368658 -0.6675701653 -1.730798793 2.068014942 
-0.1503 0.9322732344 -2.879121154 1.731619993 -0.6672058916 -1.723893083 2.071534141 
-0.1503 0.9395970488 -2.883616946 1.738357466 -0.6668186709 -1.7163431 2.075317561 
-0.1503 0.9464683807 -2.887710569 1.744635325 -0.6664009378 -1.709178259 2.078826943 
-0.1503 0.9538614375 -2.892057289 1.751228875 -0.6660936153 -1.70140436 2.082660492 
-0.1503 0.9608217761 -2.896002595 1.757424425 -0.6657061937 -1.694012134 2.086195378 
-0.1503 0.968334439 -2.900180814 1.763981291 -0.6653880713 -1.685976497 2.09003687 
-0.1503 0.9759451232 -2.904272898 1.770564753 -0.6650386356 -1.677767949 2.093872332 
-0.1503 0.9830214061 -2.907981881 1.776613587 -0.6646945527 -1.670053759 2.097439485 
-0.1503 0.9907304091 -2.911894483 1.783132426 -0.6643353356 -1.661606047 2.101317117 
-0.1503 0.9979275704 -2.915454532 1.789125079 -0.664004967 -1.653630753 2.104860787 
-0.1503 1.005870067 -2.919143748 1.795825185 -0.6636160937 -1.644996519 2.108591559 
-0.1503 1.013148609 -2.922553748 1.801702537 -0.6632882685 -1.636759704 2.112205801 
-0.1503 1.021140821 -2.926097296 1.8081951 -0.6629081308 -1.627816504 2.116008309 
-0.1503 1.028623511 -2.929302863 1.814204932 -0.6625483075 -1.619391558 2.11953491 
-0.1503 1.036748071 -2.932662962 1.820655642 -0.6621520685 -1.610187813 2.123327621 
-0.1503 1.044354002 -2.935696985 1.826624809 -0.6617747472 -1.601519294 2.126844117 
-0.1503 1.052611573 -2.938871036 1.833029779 -0.6613568566 -1.592051539 2.130624808 
-0.1503 1.060341204 -2.941731066 1.838954656 -0.6609567624 -1.583136352 2.134129037 
-0.1503 1.05213785 -2.938692282 1.832664451 -0.6613810847 -1.592596268 2.130408956 
-0.1503 1.044119086 -2.935604872 1.826441449 -0.6617865043 -1.601787779 2.126735999 
-0.1503 1.036212601 -2.932453911 1.820221346 -0.6622279012 -1.610824544 2.123178984 
-0.1503 1.028432061 -2.929188782 1.814101201 -0.6625491706 -1.619677027 2.119389339 
-0.1503 1.020678169 -2.925849774 1.807887505 -0.6629193228 -1.628428694 2.115713536 
-0.1503 1.012983348 -2.922424534 1.801644913 -0.6632837624 -1.637052474 2.112037395 
-0.1503 1.005289463 -2.918888072 1.795324386 -0.6636466927 -1.645610632 2.108335877 
-0.1503 0.9977115988 -2.915292103 1.789024194 -0.6640033854 -1.65397953 2.104661939 
-0.1503 0.9901911783 -2.911612223 1.782695621 -0.6643579897 -1.662222457 2.100990447 
-0.1503 0.9827276317 -2.907849171 1.776338886 -0.6647116273 -1.670340106 2.097322276 
-0.1503 0.9753235023 -2.904050755 1.769869016 -0.6651792892 -1.678302641 2.093811061 
-0.1503 0.9679132463 -2.900047617 1.763491513 -0.6654231967 -1.686259418 2.089973579 
-0.1503 0.9608708252 -2.896181637 1.7571771 -0.6657221796 -1.694003708 2.086515866 
-0.1503 0.9534438216 -2.891918183 1.7507319 -0.6661278251 -1.701674403 2.082601476 
-0.1503 0.9463001403 -2.887728591 1.744334521 -0.6664848169 -1.709206778 2.078914154 
-0.1503 0.9392165264 -2.883456412 1.737926626 -0.6668463222 -1.716623791 2.075226434 
-0.2503 0.9573161449 -3.025325232 1.800224786 -0.6130697346 -1.813528454 2.100143399 
-0.2503 0.9505486052 -3.02122928 1.794221216 -0.6122371818 -1.82151973 2.096603841 
-0.2503 0.9438545755 -3.017055933 1.788211048 -0.6114094837 -1.829391151 2.093063505 
-0.2503 0.9372333558 -3.012805898 1.782195122 -0.6105875707 -1.837144099 2.089522591 
-0.2503 0.9308502515 -3.008627569 1.776206773 -0.6097114953 -1.844829458 2.086190536 
-0.2503 0.9241587728 -3.004045616 1.770104702 -0.608958732 -1.852355398 2.082413541 
-0.2503 0.9177779675 -2.999548935 1.764128506 -0.6082007638 -1.859808332 2.078828654 
-0.2503 0.9114621481 -2.994981745 1.758139844 -0.6074439247 -1.867137908 2.075251521 
-0.2503 0.9052638599 -2.990321389 1.752264232 -0.6066013222 -1.874305637 2.071649088 
-0.2503 0.8990343107 -2.985579327 1.74622058 -0.605829434 -1.881438211 2.068062161 
-0.2503 0.8927723217 -2.980893157 1.739903156 -0.6050575049 -1.888316238 2.064682658 
-0.2503 0.8867082877 -2.976052108 1.733871179 -0.6043123404 -1.895169668 2.061143436 
-0.2503 0.880828117 -2.97106358 1.728099303 -0.6035967386 -1.901993181 2.057456659 
-0.2503 0.8748307174 -2.966114731 1.721919606 -0.6029396409 -1.908645003 2.053976002 
-0.2503 0.8689040318 -2.961040108 1.715823003 -0.6021819898 -1.915188612 2.050449425 
-0.2503 0.8630632854 -2.955945161 1.709724231 -0.6014630875 -1.921583981 2.046971037 
-0.2503 0.8575811156 -2.950732607 1.703851657 -0.6007528661 -1.927849743 2.043480122 
-0.2503 0.8517259757 -2.945432915 1.697870691 -0.6002064828 -1.934250942 2.039777732 
-0.2503 0.8460284285 -2.940167271 1.691697476 -0.5994911707 -1.940295662 2.036376493 
-0.2503 0.8404001009 -2.934746188 1.685574614 -0.5989195489 -1.946401687 2.032842036 
-0.2503 0.8349024718 -2.929285314 1.679580113 -0.5983190895 -1.952348976 2.029317715 
-0.2503 0.8294671266 -2.923756794 1.673602353 -0.5977317543 -1.958200446 2.025793754 
-0.2503 0.8240929868 -2.91816124 1.667641449 -0.5971585229 -1.96395769 2.022270507 
-0.2503 0.8188932261 -2.912420133 1.661956637 -0.5966290077 -1.969701681 2.018589532 
-0.2503 0.8137735517 -2.906694014 1.65595863 -0.5959578298 -1.975159415 2.015214917 
-0.2503 0.808300265 -2.900930278 1.649848571 -0.5955080092 -1.9807138 2.011675543 
-0.2503 0.8033935254 -2.89504087 1.6441191 -0.5949779525 -1.986076211 2.00815584 
-0.2503 0.7980412012 -2.889165046 1.637978673 -0.5945808138 -1.991435819 2.00466578 
-0.2503 0.7929972392 -2.883185623 1.632075398 -0.5941422796 -1.996666198 2.001163146 
-0.2503 0.7879825759 -2.877092968 1.626179722 -0.5936985395 -2.001844285 1.997630335 
-0.2503 0.7830490737 -2.870986157 1.620318374 -0.5932971843 -2.006905518 1.994132145 
-0.2503 0.7781692385 -2.864816634 1.614478174 -0.5929154698 -2.011884476 1.990636568 
-0.2503 0.7733420785 -2.858584934 1.608659063 -0.5925542737 -2.016782537 1.987143933 
-0.2503 0.7685406391 -2.852240809 1.602845672 -0.5921935633 -2.02163255 1.983623282 
-0.2503 0.7640684038 -2.845846705 1.597292796 -0.5918126492 -2.026337841 1.980113549 
-0.2503 0.7591411036 -2.839470613 1.591311076 -0.5915827815 -2.031035549 1.976656047 
-0.2503 0.7547439295 -2.832948242 1.585807225 -0.5912686254 -2.035611399 1.973125799 
-0.2503 0.7499360518 -2.82646043 1.579856258 -0.591069772 -2.040136145 1.969706155 
-0.2503 0.745380988 -2.819813203 1.574148197 -0.5908290963 -2.044605093 1.966206846 
-0.2503 0.7408989518 -2.813158947 1.568481496 -0.5906307522 -2.048971399 1.962742343 
-0.2503 0.7364634669 -2.806446073 1.562839052 -0.5904568409 -2.053266436 1.959282481 
-0.2503 0.7320736595 -2.799675087 1.557220717 -0.5903081366 -2.057491379 1.955827558 
-0.2503 0.7277286676 -2.792846498 1.551626319 -0.5901854149 -2.061647376 1.952377868 
-0.2503 0.7234025789 -2.785906779 1.546036158 -0.5900742373 -2.065763737 1.948904414 
-0.2503 0.7193750879 -2.778917832 1.540729285 -0.589955912 -2.069778741 1.945404001 
-0.2503 0.7149292578 -2.771965561 1.534964363 -0.5899668735 -2.073740304 1.942034165 
-0.2503 0.71098336 -2.764851027 1.52977064 -0.5898819889 -2.077638699 1.938512397 
-0.2503 0.7066591029 -2.757786367 1.524110099 -0.5898909081 -2.081450261 1.935168425 
-0.2503 0.7025609831 -2.75055858 1.518701341 -0.5898819305 -2.085237938 1.9317168 
-0.2503 0.6984949435 -2.743345643 1.513227989 -0.5899904292 -2.088943641 1.928318737 
-0.2503 0.6944996026 -2.736065552 1.507887426 -0.590055665 -2.092582717 1.924910058 
-0.2503 0.6905455255 -2.728731043 1.502582035 -0.5901443757 -2.096162052 1.921507144 
-0.2503 0.6866609434 -2.721330371 1.497413285 -0.5901876928 -2.099678636 1.918094288 
-0.2503 0.68275646 -2.713834308 1.4921323 -0.5903307179 -2.103167811 1.91467992 
-0.2503 0.6791224886 -2.70629295 1.48714782 -0.5904789305 -2.106591147 1.9112079 
-0.2503 0.675105142 -2.698801478 1.481692567 -0.5907319284 -2.109926892 1.9079305 
-0.2503 0.6714694135 -2.690889978 1.476720252 -0.5910213132 -2.113037896 1.904261249 
-0.2503 0.6677860083 -2.683508278 1.47153142 -0.591047618 -2.116415359 1.901235924 
-0.2503 0.6639320733 -2.675788676 1.466432441 -0.5914104657 -2.119676474 1.897808329 
-0.2503 0.6602935173 -2.668034419 1.461442414 -0.5916797272 -2.122813407 1.894455844 
-0.2503 0.6566925954 -2.660230005 1.45649596 -0.5919702108 -2.125899624 1.891110166 
-0.2503 0.6531289595 -2.652375969 1.451594026 -0.5922815455 -2.128936109 1.887771404 
-0.2503 0.6495762861 -2.644414138 1.44670176 -0.5926158678 -2.131945795 1.884415016 
-0.2503 0.6462710799 -2.636479691 1.441962316 -0.5928416382 -2.134813 1.881156616 
-0.2503 0.6427448246 -2.628156163 1.437278758 -0.5934275995 -2.137599263 1.877476839 
-0.2503 0.6392155155 -2.620415058 1.432415781 -0.5937300488 -2.140625249 1.87446321 
-0.2503 0.6359120462 -2.612044967 1.427824372 -0.5942905834 -2.14327594 1.870881903 
-0.2503 0.6326078116 -2.604134868 1.423158212 -0.5944675579 -2.146150505 1.867890601 
-0.2503 0.6293465994 -2.595954115 1.418614454 -0.5948764662 -2.148847025 1.864619292 
-0.2503 0.6258757412 -2.587704403 1.414029256 -0.5954768644 -2.151594338 1.861274664 
-0.2503 0.6226343408 -2.579429839 1.409571781 -0.5959551557 -2.15422661 1.858003036 
-0.2503 0.6194273483 -2.571111928 1.40516842 -0.5964491492 -2.15681892 1.854739358 
-0.2503 0.6162311625 -2.562689313 1.400788137 -0.5969620064 -2.159391014 1.851459637 
-0.2503 0.6132446319 -2.55430211 1.396554389 -0.5973735943 -2.161849768 1.848259259 
-0.2503 0.6100560563 -2.545571911 1.392322807 -0.5981872165 -2.164234018 1.844697183 
-0.2503 0.6069164859 -2.537358761 1.38808469 -0.5985725753 -2.166826 1.841742083 
-0.2503 0.603988028 -2.528672061 1.384099881 -0.5992819503 -2.169088935 1.838281164 
-0.2503 0.6009699376 -2.520221797 1.379923734 -0.5996231859 -2.171580245 1.835315915 
-0.2503 0.5980400196 -2.511625994 1.375942586 -0.6001751112 -2.173904899 1.832121669 
-0.2503 0.5951280133 -2.502991786 1.372017499 -0.6007477237 -2.176202961 1.828931458 
-0.2503 0.5920365113 -2.49429923 1.368075456 -0.6014918269 -2.178546074 1.825691698 
-0.2503 0.5893440776 -2.485585405 1.364326591 -0.6019576407 -2.180731264 1.822553726 
-0.2503 0.5864833355 -2.47684115 1.360575258 -0.6025894783 -2.18295564 1.819377073 
-0.2503 0.5836388564 -2.468062101 1.356883611 -0.6032399586 -2.185157562 1.81620543 
-0.2503 0.5807617523 -2.458934721 1.353256009 -0.604144691 -2.187260552 1.812738188 
-0.2503 0.5779683312 -2.450337031 1.349653944 -0.6046059334 -2.189517037 1.809852861 
-0.2503 0.5753063662 -2.441262102 1.346250279 -0.6053914578 -2.191536425 1.806484622 
-0.2503 0.5725353307 -2.432294321 1.342571887 -0.6060522047 -2.193424471 1.803445867 
-0.2503 0.5700407727 -2.423594278 1.339460372 -0.6064137764 -2.195747094 1.800485166 
-0.2503 0.567448412 -2.414645088 1.336204567 -0.607031028 -2.197780557 1.797383428 
-0.2503 0.5648758812 -2.405669233 1.333016439 -0.607656098 -2.199797346 1.794288225 
-0.2503 0.5623229501 -2.396667896 1.329896908 -0.6082880708 -2.201798556 1.791199781 
-0.2503 0.5597894088 -2.387642293 1.326846903 -0.6089259888 -2.203785291 1.788118334 
-0.2503 0.5570942347 -2.378234517 1.323599574 -0.609853966 -2.205521268 1.784852525 
-0.2503 0.5547349469 -2.369244766 1.320974023 -0.6104351698 -2.207664618 1.781711482 
-0.2503 0.5522767764 -2.360364258 1.318099881 -0.6108768362 -2.209687093 1.778894246 
-0.2503 0.5499315574 -2.351100735 1.315433925 -0.6116000024 -2.211544068 1.775658948 
-0.2503 0.5474986755 -2.3419327 1.312546149 -0.6121953384 -2.213285302 1.772721042 
-0.2503 0.5451370993 -2.332659546 1.309890929 -0.6128261555 -2.215118433 1.769643676 
-0.2503 0.5428428956 -2.323474425 1.307363211 -0.613406691 -2.216956175 1.766617765 
-0.2503 0.5405869759 -2.314304251 1.30493652 -0.6139524187 -2.218811445 1.763615902 
-0.2503 0.5383695578 -2.305150461 1.302611648 -0.6144615262 -2.220685311 1.76063798 
-0.2503 0.5361908728 -2.296014521 1.300389369 -0.6149321743 -2.222578851 1.75768392 
-0.2503 0.5340219959 -2.286820678 1.298245082 -0.61538161 -2.224502561 1.754726029 
-0.2503 0.5319792911 -2.277685312 1.296380499 -0.6158194907 -2.226501425 1.751686425 
-0.2503 0.5298606023 -2.268650807 1.294320807 -0.6161142418 -2.228397025 1.748936722 
-0.2503 0.5278529832 -2.259348986 1.29248495 -0.6166087711 -2.230205197 1.745853905 
-0.2503 0.5258706594 -2.250071285 1.290718579 -0.6170549799 -2.232017382 1.742816291 
-0.2503 0.5237707579 -2.240818285 1.288699645 -0.6173683884 -2.233713891 1.740067658 
-0.2503 0.5218249932 -2.231603796 1.287034063 -0.6176966346 -2.23551849 1.737160103 
-0.2503 0.519916942 -2.222410413 1.28546942 -0.6179801344 -2.237342444 1.73427239 
-0.2503 0.5180469213 -2.213239747 1.284006279 -0.6182169628 -2.23918683 1.731404601 
-0.2503 0.5161860605 -2.204012348 1.282622896 -0.6184268762 -2.241058623 1.728528606 
-0.2503 0.5144727177 -2.194835276 1.281576362 -0.6186420876 -2.243039268 1.725503139 
-0.2503 0.5126836999 -2.18576702 1.280328128 -0.6186937583 -2.244910674 1.722782298 
-0.2503 0.5109249644 -2.176735245 1.279158226 -0.6186803192 -2.246795512 1.720107054 
-0.2503 0.509302223 -2.167583198 1.278241723 -0.6187317217 -2.248686208 1.717207046 
-0.2503 0.5076731831 -2.158378665 1.277368422 -0.6187467282 -2.250584328 1.714323557 
-0.2503 0.5061047634 -2.149283288 1.276601268 -0.6186854244 -2.252491774 1.711494233 
-0.2503 0.5045644907 -2.140218814 1.275909957 -0.6185645955 -2.254409534 1.708700526 
-0.2503 0.5029629288 -2.131255506 1.275049723 -0.6182828631 -2.256228616 1.706183244 
-0.2503 0.5015712443 -2.122189181 1.274758547 -0.6181358723 -2.258280886 1.703220783 
-0.2503 0.5000866958 -2.113145415 1.274271691 -0.6178437391 -2.260234725 1.700515934 
-0.2503 0.4986664423 -2.104221066 1.273893442 -0.6174633294 -2.262205893 1.697866896 
-0.2503 0.4972782399 -2.095336281 1.273595684 -0.6170122322 -2.264193805 1.695254819 
-0.2503 0.4959229909 -2.086492934 1.273379361 -0.6164880128 -2.266199861 1.6926801 
-0.2503 0.4947716197 -2.077726054 1.273470959 -0.6158137496 -2.26833537 1.690122211 
-0.2503 0.4936161315 -2.068906507 1.273614184 -0.6150994492 -2.270480945 1.687369978 
-0.2503 0.4925210561 -2.060201359 1.273858101 -0.6143022346 -2.272641836 1.684763878 
-0.2503 0.4914548919 -2.051529402 1.274178241 -0.6134405712 -2.274816825 1.682184444 
-0.2503 0.4904184632 -2.042892306 1.274575339 -0.6125123175 -2.277007178 1.679632169 
-0.2503 0.4894126374 -2.034291781 1.275050139 -0.6115152556 -2.279214206 1.677107596 
-0.2503 0.488405336 -2.025644651 1.275579408 -0.6104689127 -2.281433883 1.674590715 
-0.2503 0.4874635154 -2.017122356 1.276212364 -0.6093273851 -2.283678092 1.672123256 
-0.2503 0.4865551834 -2.008642073 1.276925325 -0.6081098843 -2.285943197 1.669685478 
-0.2503 0.4856814048 -2.000205719 1.277719088 -0.6068138369 -2.288230707 1.667278175 
-0.2503 0.485152826 -1.992127836 1.278924416 -0.6050203322 -2.2908335 1.665052272 
-0.2503 0.4846185934 -1.983993187 1.280181337 -0.6031867175 -2.293445742 1.662691777 
-0.2503 0.4841436752 -1.975973944 1.281530907 -0.6012673874 -2.29607938 1.660437885 
-0.2503 0.483308616 -1.967390033 1.282504789 -0.5999904511 -2.298218843 1.657909941 
-0.2503 0.4828627447 -1.959395551 1.283971061 -0.5979881577 -2.30085339 1.655676385 
-0.2503 0.4824672806 -1.951430784 1.285552343 -0.5958407233 -2.303570002 1.653483363 
-0.2503 0.4824986745 -1.944139897 1.287637831 -0.5929334387 -2.306788404 1.651612124 
-0.2503 0.4821723598 -1.93629332 1.289354806 -0.5906632751 -2.309519675 1.649469136 
-0.2503 0.4818782769 -1.928485852 1.291145953 -0.5883161853 -2.312273857 1.647421517 
-0.2503 0.4816194331 -1.920720548 1.293015287 -0.5858883142 -2.315055146 1.645261069 
-0.2503 0.481932561 -1.913650773 1.295459681 -0.5824109924 -2.318437015 1.643646743 
-0.2503 0.4817992927 -1.905942403 1.29743914 -0.5797747118 -2.321201039 1.64154039 
-0.2503 0.4820135522 -1.898742371 1.299841233 -0.5764814364 -2.324400922 1.639773069 
-0.2503 0.4823126849 -1.891656791 1.302375976 -0.5730136247 -2.327698108 1.638071637 
-0.2503 0.482700669 -1.884690157 1.305045865 -0.5693631773 -2.331096898 1.636440659 
-0.2503 0.483177525 -1.877800543 1.307868411 -0.5654923206 -2.334627728 1.634883272 
-0.2503 0.4837567282 -1.871086834 1.310817719 -0.5614489173 -2.338244139 1.633409072 
-0.2503 0.4844377162 -1.864506334 1.313910386 -0.5571959784 -2.341976124 1.63202144 
-0.2503 0.4856143527 -1.858663334 1.317574789 -0.5520237029 -2.346265669 1.631074285 
-0.2503 0.4861238353 -1.851765095 1.320538032 -0.5480213657 -2.349807091 1.629531476 
-0.2503 0.4872701853 -1.845731574 1.324023242 -0.5427495718 -2.35386394 1.628636947 
-0.2503 0.4884887732 -1.839803673 1.327597809 -0.5373412254 -2.358013761 1.627830629 
-0.2503 0.4898705954 -1.833891811 1.331541893 -0.5318976444 -2.362404841 1.626823878 
-0.2503 0.4913408645 -1.82825463 1.3354857 -0.5260106257 -2.366874836 1.626204009 
-0.2503 0.492766542 -1.82280637 1.339600756 -0.5199714848 -2.371572521 1.625766698 
-0.2503 0.4947268053 -1.817568311 1.343944987 -0.5132135768 -2.376350721 1.625475488 
-0.2503 0.4966054868 -1.812486454 1.348382612 -0.5063814787 -2.381307895 1.625377094 
-0.2503 0.4986117228 -1.807728251 1.3528494 -0.4990045748 -2.386378141 1.625739728 
-0.2503 0.5008097731 -1.802999379 1.3577092 -0.4915350411 -2.391723834 1.625946507 
-0.2503 0.503174392 -1.798464651 1.362773927 -0.4837062804 -2.397267788 1.626349018 
-0.2503 0.5058434817 -1.794115992 1.367931561 -0.4752120599 -2.40293414 1.627122176 
-0.2503 0.5087798247 -1.790240262 1.373397257 -0.4661659802 -2.408838975 1.62821525 
-0.2503 0.5116387717 -1.78652163 1.379035711 -0.4569231462 -2.415023083 1.629608866 
-0.2503 0.5148702017 -1.783041607 1.384881386 -0.4470412594 -2.421367663 1.631300859 
-0.2503 0.5183522976 -1.779798762 1.391009843 -0.4365434117 -2.427999117 1.633356002 
-0.2503 0.5220444323 -1.776850101 1.397343549 -0.4255502129 -2.434831066 1.635774041 
-0.2503 0.5259825263 -1.774180272 1.403940555 -0.4139498818 -2.44192299 1.638601602 
-0.2503 0.5303221425 -1.77178811 1.410795861 -0.4015786852 -2.449228934 1.641857267 
-0.2503 0.5347262255 -1.769710012 1.417976154 -0.3886931964 -2.456903588 1.64562457 
-0.2503 0.5394316917 -1.767929367 1.425531385 -0.3749809609 -2.464943857 1.649957915 
-0.2503 0.5444831957 -1.766475703 1.433357382 -0.3605030016 -2.473206757 1.654832425 
-0.2503 0.5498493701 -1.765350999 1.441544443 -0.3451713829 -2.481797889 1.660343116 
-0.2503 0.555547488 -1.764565716 1.450119956 -0.3289191825 -2.490733536 1.666552406 
-0.2503 0.561596524 -1.764130433 1.459114998 -0.3116710714 -2.500031211 1.673530709 
-0.2503 -0.2815889743 -0.6826999851 1.359214801 -1.492060638 -1.617119639 1.4305308 
-0.2503 -0.2721239148 -0.6899938133 1.361705578 -1.476198739 -1.628156354 1.421715531 
-0.2503 -0.2628144967 -0.6970193614 1.364365841 -1.460543959 -1.639103628 1.413069579 
-0.2503 -0.2536691383 -0.7037681449 1.367192902 -1.445102716 -1.649950878 1.404590694 
-0.2503 -0.2446959488 -0.7102321836 1.370183899 -1.429881022 -1.660687715 1.396276194 
-0.2503 -0.2358382329 -0.7164486649 1.373359742 -1.414774214 -1.671382181 1.388063168 
-0.2503 -0.227141079 -0.7223433104 1.376641679 -1.399949133 -1.681885619 1.380030609 
-0.2503 -0.2186688266 -0.7279244937 1.380087365 -1.385378918 -1.692243846 1.372165678 
-0.2503 -0.2104238028 -0.7331879281 1.383692181 -1.371064941 -1.702448267 1.364461763 
-0.2503 -0.2024078973 -0.7381300386 1.387451418 -1.357008045 -1.712490899 1.356912078 
-0.2503 -0.1945703187 -0.7427798254 1.391391256 -1.343110258 -1.7224359 1.349457154 
-0.2503 -0.1870178708 -0.7470691531 1.395445921 -1.329569563 -1.732132338 1.342195878 
-0.2503 -0.1796974228 -0.7510308204 1.399640524 -1.316285193 -1.741646963 1.33506767 
-0.2503 -0.1726089447 -0.7546642061 1.403970201 -1.303255779 -1.750974512 1.328065328 
-0.2503 -0.1656111063 -0.758132181 1.408554305 -1.290391601 -1.760312422 1.321000886 
-0.2503 -0.159080291 -0.7609673734 1.413050835 -1.277863842 -1.769115668 1.314360694 
-0.2503 -0.1525908645 -0.7636595297 1.417754659 -1.265528038 -1.777906202 1.30764029 
-0.2503 -0.1463546868 -0.7660124433 1.42257089 -1.253453442 -1.786478433 1.301036153 
-0.2503 -0.1403676657 -0.7680310997 1.427496468 -1.241634779 -1.794832577 1.294538337 
-0.2503 -0.1345873549 -0.7697304159 1.432565781 -1.229983906 -1.803026637 1.288092423 
-0.2503 -0.1290850476 -0.771096067 1.437701841 -1.218660646 -1.810947567 1.281778468 
-0.2503 -0.1238157268 -0.7721463057 1.442938313 -1.207574353 -1.818656387 1.275542149 
-0.2503 -0.1187728943 -0.7728884693 1.448272351 -1.196717845 -1.826156686 1.269374428 
-0.2503 -0.1139495923 -0.7733303104 1.453701186 -1.186083596 -1.833452752 1.263266568 
-0.2503 -0.109307298 -0.7734788992 1.459263286 -1.175588718 -1.840599888 1.257166699 
-0.2503 -0.1049018603 -0.7733427397 1.464874394 -1.16537664 -1.847501587 1.25115378 
-0.2503 -0.1008300994 -0.772835128 1.47047217 -1.15551528 -1.854074865 1.245304164 
-0.2503 -0.09691698802 -0.7720924978 1.476287177 -1.145675409 -1.86051639 1.239396575 
-0.2503 -0.09321559186 -0.7710783792 1.48212857 -1.136109821 -1.866756675 1.233552695 
-0.2503 -0.08967190867 -0.7698059797 1.488100481 -1.12665413 -1.872871644 1.227680618 
-0.2503 -0.08611106583 -0.768510241 1.494260116 -1.117331467 -1.879087321 1.221663126 
-0.2503 -0.08293750236 -0.7667711672 1.500349563 -1.108280746 -1.884834056 1.215852748 
-0.2503 -0.08013562936 -0.764610138 1.506375701 -1.099485029 -1.890128481 1.210228144 
-0.2503 -0.07726746592 -0.7624377978 1.512622501 -1.090730024 -1.895586771 1.204405191 
-0.2503 -0.07452013969 -0.7600405743 1.518989649 -1.082048082 -1.900949243 1.198528272 
-0.2503 -0.0719275076 -0.757461151 1.525381563 -1.073559797 -1.906143573 1.192680269 
-0.2503 -0.06981666217 -0.754464194 1.531744516 -1.065363322 -1.910852971 1.187016104 
-0.2503 -0.0676098394 -0.751485826 1.538324886 -1.057182794 -1.915764296 1.181145268 
-0.2503 -0.06567467495 -0.7481972345 1.544880204 -1.049177065 -1.92034999 1.175374 
-0.2503 -0.06387439869 -0.7446907296 1.551489144 -1.041279033 -1.924810712 1.169616302 
-0.2503 -0.06221453062 -0.7410239374 1.558146012 -1.033490803 -1.929114473 1.163833236 
-0.2503 -0.06068270708 -0.7371775872 1.564849649 -1.025800525 -1.933285148 1.15804196 
-0.2503 -0.05927290718 -0.7331575082 1.571597484 -1.018201401 -1.937327617 1.152241287 
-0.2503 -0.0579755692 -0.7289409244 1.578388721 -1.010684022 -1.941261747 1.146449456 
-0.2503 -0.05692907332 -0.7244758908 1.585134807 -1.003299626 -1.944865335 1.140728474 
-0.2503 -0.05571482903 -0.7200803293 1.592082979 -0.9958835178 -1.948747146 1.134793793 
-0.2503 -0.05506634026 -0.7152716892 1.599024183 -0.9886776466 -1.952066923 1.129048265 
-0.2503 -0.05421855423 -0.7105951693 1.606061867 -0.9815703815 -1.955707889 1.123119715 
-0.2503 -0.053609416 -0.7056007747 1.613157069 -0.9744457816 -1.959058589 1.117203318 
-0.2503 -0.05310175073 -0.7005049672 1.62023686 -0.9674264018 -1.962285648 1.111306625 
-0.2503 -0.05268121094 -0.6952757162 1.627349249 -0.9604513456 -1.965419292 1.105383939 
-0.2503 -0.05234315105 -0.6899167711 1.634492348 -0.9535151326 -1.96846357 1.099434201 
-0.2503 -0.05208308695 -0.6844316544 1.641664292 -0.9466124676 -1.971422417 1.093456449 
-0.2503 -0.05189021828 -0.6787817083 1.648914081 -0.939684536 -1.974321853 1.087403997 
-0.2503 -0.05193578566 -0.6729151428 1.65609096 -0.9328298184 -1.976887984 1.081452779 
-0.2503 -0.05172273291 -0.6672075066 1.66338585 -0.9260020423 -1.979845173 1.075300581 
-0.2503 -0.05245124481 -0.6607253653 1.670862823 -0.9195952907 -1.98183301 1.069141085 
-0.2503 -0.05225782131 -0.6551838494 1.678171672 -0.9126127187 -1.984985835 1.0631739 
-0.2503 -0.05261331037 -0.6489643084 1.685651844 -0.9058766499 -1.98747633 1.057016731 
-0.2503 -0.05274332796 -0.6426778994 1.692956019 -0.8990496822 -1.989947154 1.050811953 
-0.2503 -0.05319645296 -0.6362944991 1.700415984 -0.8923595231 -1.992300328 1.04463406 
-0.2503 -0.05372421017 -0.6298110135 1.707906663 -0.8856757663 -1.994592308 1.038428859 
-0.2503 -0.05459084614 -0.6232405363 1.715566878 -0.8791266902 -1.996768058 1.03225294 
-0.2503 -0.05520024304 -0.6165113081 1.723138682 -0.8723612745 -1.998976146 1.025931652 
-0.2503 -0.05627848909 -0.6092835089 1.730740633 -0.8658465615 -2.000568694 1.019513488 
-0.2503 -0.05654673061 -0.6028642278 1.738216881 -0.8588825292 -2.003216752 1.013285074 
-0.2503 -0.05772270578 -0.5956671626 1.74606047 -0.8523704978 -2.005013926 1.006781622 
-0.2503 -0.05858464315 -0.5888763544 1.753634912 -0.8455660792 -2.007170419 1.000617169 
-0.2503 -0.05935701104 -0.5816737287 1.761248508 -0.8386692718 -2.009169929 0.9941225578 
-0.2503 -0.06041415701 -0.5744510055 1.768956839 -0.8319105328 -2.01106326 0.987695186 
-0.2503 -0.06153010989 -0.5671419458 1.776688882 -0.8251278507 -2.012917214 0.9812402061 
-0.2503 -0.06270353105 -0.5597474686 1.784443891 -0.8183182072 -2.014733877 0.9747577464 
-0.2503 -0.06394247012 -0.5522126733 1.792278811 -0.8114278556 -2.016528346 0.9681996401 
-0.2503 -0.06546576205 -0.5446696333 1.800215165 -0.8046598334 -2.018224449 0.9617093056 
-0.2503 -0.06682704501 -0.5368144221 1.8080904 -0.7977935882 -2.01981813 0.9549571672 
-0.2503 -0.06795812363 -0.5292726257 1.815736871 -0.7906998439 -2.021679806 0.9485077131 
-0.2503 -0.0696550623 -0.5213153578 1.823779748 -0.7838444513 -2.023192282 0.9417828748 
-0.2503 -0.07132243562 -0.5132888915 1.831832031 -0.7768384602 -2.024755937 0.9350357716 
-0.2503 -0.07245206336 -0.505531898 1.839426783 -0.769547305 -2.026594098 0.9285285881 
-0.2503 -0.07404599184 -0.4974742243 1.847339092 -0.7624181913 -2.028181009 0.9218337815 
-0.2503 -0.07568832366 -0.4893351565 1.855267693 -0.7552368726 -2.029747211 0.9151138657 
-0.2503 -0.07737834902 -0.4811147326 1.863211843 -0.7480007018 -2.031294339 0.9083692378 
-0.2503 -0.07928236358 -0.4724602183 1.871392261 -0.7407518692 -2.032652521 0.9012847629 
-0.2503 -0.08102487877 -0.4641491549 1.879324086 -0.7333701246 -2.034214821 0.8945565515 
-0.2503 -0.08296479635 -0.455799814 1.887357588 -0.725980391 -2.035739917 0.8878579802 
-0.2503 -0.08461704023 -0.4473542167 1.89518829 -0.7183994808 -2.037334692 0.8811017651 
-0.2503 -0.08677270128 -0.438654968 1.903371243 -0.7109454333 -2.038714344 0.8741868179 
-0.2503 -0.08857537288 -0.4298200408 1.911349438 -0.7032075184 -2.040214487 0.8671850916 
-0.2503 -0.09060275981 -0.4209795762 1.919405151 -0.69552364 -2.041648622 0.8602370614 
-0.2503 -0.0926637817 -0.4120762141 1.927459019 -0.6877578553 -2.043087922 0.8532877212 
-0.2503 -0.09475989625 -0.4031072968 1.935511657 -0.6799088822 -2.044531787 0.8463360559 
-0.2503 -0.09689247253 -0.3940701735 1.943563632 -0.6719753057 -2.045979733 0.8393810539 
-0.2503 -0.09906681053 -0.3849252423 1.951659127 -0.6638892369 -2.047457132 0.8324002252 
-0.2503 -0.1012768907 -0.3757429566 1.959711595 -0.6557814622 -2.048911683 0.825435407 
-0.2503 -0.1037228206 -0.3665088347 1.96789584 -0.6476438586 -2.050325427 0.8184952504 
-0.2503 -0.1058182971 -0.3571472694 1.975819182 -0.6392950613 -2.051830685 0.8114858904 
-0.2503 -0.1084162738 -0.3476700696 1.984077445 -0.6309952175 -2.053204794 0.8044483498 
-0.2503 -0.1105913498 -0.3380160546 1.992060441 -0.622392469 -2.05471702 0.7973131395 
-0.2503 -0.1130336091 -0.3283504656 2.000155525 -0.6138244965 -2.056161262 0.7902316568 
-0.2503 -0.1155167669 -0.3186007827 2.00824908 -0.6051536415 -2.0576141 0.783144469 
-0.2503 -0.1180419046 -0.3087637665 2.016341513 -0.596377681 -2.059075587 0.776050374 
-0.2503 -0.1206210936 -0.2987918803 2.02447933 -0.5874248233 -2.060567142 0.7689254274 
-0.2503 -0.123233831 -0.2887696165 2.032570707 -0.5784309444 -2.062046174 0.7618139445 
-0.2503 -0.125891254 -0.2786502413 2.040661742 -0.5693244371 -2.063534807 0.7546922205 
-0.2503 -0.1288314854 -0.2684578017 2.048920461 -0.560155707 -2.064979461 0.7475915227 
-0.2503 -0.1313430282 -0.258107021 2.056843143 -0.5507623541 -2.066543267 0.7404141066 
-0.2503 -0.1342935838 -0.247407441 2.06514592 -0.5412603516 -2.068000336 0.7330100907 
-0.2503 -0.1371605921 -0.2371357722 2.073179842 -0.5316740869 -2.069586532 0.7261136306 
-0.2503 -0.1400896199 -0.2265360375 2.08128284 -0.5219654469 -2.07113482 0.7189843828 
-0.2503 -0.1430385102 -0.2158334 2.089359835 -0.5121206203 -2.072706245 0.7118538867 
-0.2503 -0.1460118309 -0.2050274564 2.097412556 -0.5021379696 -2.074300861 0.7047246277 
-0.1503 -0.1250159276 -0.2988907288 2.098645112 -0.3790799064 -2.123927281 0.8380858828 
-0.1503 -0.1300752492 -0.2874612222 2.106886146 -0.3697273261 -2.123585691 0.8311686703 
-0.1503 -0.1351625996 -0.2759568487 2.115111182 -0.3601964517 -2.123271652 0.8242655928 
-0.1503 -0.1403385404 -0.2641529946 2.123401698 -0.3505009941 -2.12294104 0.8171498932 
-0.1503 -0.1454429368 -0.2527192777 2.131520188 -0.340594375 -2.122721911 0.8105106469 
-0.1503 -0.1507236942 -0.2406527246 2.13984119 -0.3304504402 -2.122447814 0.8033652982 
-0.1503 -0.1559330543 -0.2290807416 2.147942311 -0.3201824405 -2.122269042 0.7967881609 
-0.1503 -0.1612514107 -0.2171861957 2.156119986 -0.3097364836 -2.122073225 0.7899903695 
-0.1503 -0.1666281667 -0.2052096645 2.164290671 -0.2991002278 -2.121898257 0.7832203383 
-0.1503 -0.1720663785 -0.1931496371 2.172454407 -0.2882705496 -2.121743385 0.7764803869 
-0.0503 -0.1627629641 -0.2785405728 2.178396538 -0.1650771699 -2.138584417 0.9139303638 
-0.0503 -0.1702161134 -0.2661244079 2.186439715 -0.1551080007 -2.13635555 0.9067942538 
-0.0503 -0.1777237828 -0.2536504658 2.194474607 -0.1449089638 -2.134143577 0.8996975199 
-0.0503 -0.1853631758 -0.2408310626 2.202585581 -0.1344748282 -2.131927567 0.8922672785 
-0.0503 -0.1929497313 -0.228424917 2.210560863 -0.1237276356 -2.129754052 0.8855750961 
-0.0503 -0.200485202 -0.2159988256 2.218431152 -0.1128130055 -2.127622013 0.8788434028 
-0.0503 -0.2081807508 -0.2030154502 2.226416993 -0.1016340826 -2.125490604 0.8716777982 
-0.0503 -0.2158666832 -0.1902089881 2.234304262 -0.09022378373 -2.123382378 0.8647985393 
-0.0503 -0.2236022984 -0.1773328342 2.242161985 -0.07856868542 -2.121287538 0.8579678152 
0 -0.2280030294 -0.2112524549 2.247958961 -0.01533793182 -2.113731238 0.9195899969 
0 -0.2366606677 -0.1982929186 2.255552099 -0.003940276993 -2.110608842 0.912392761 
0 -0.2453620583 -0.1852753724 2.263107526 0.007715252679 -2.107494157 0.9052471939 
0 -0.254109087 -0.1721988892 2.270622913 0.01962933115 -2.104384933 0.8981543667 
0 -0.2628518512 -0.159312345 2.278031522 0.03176073153 -2.101259368 0.8913409663 
0 -0.2718131164 -0.1457682169 2.285578827 0.04432859935 -2.098150347 0.8840798689 
0 -0.2807083882 -0.1325105156 2.292959195 0.05702365186 -2.095042926 0.8771524367 
0 -0.2896564711 -0.1191918148 2.300289597 0.06997922174 -2.091930851 0.8702823203 
0 -0.2986590426 -0.1058120546 2.307567385 0.08319553024 -2.088811289 0.8634706848 
0 -0.3077177256 -0.0923713755 2.314789831 0.09667265304 -2.085681272 0.856718683 
0.0497 -0.3178231994 -0.1255774712 2.316764747 0.152668339 -2.064435369 0.910365967 
0.0497 -0.3276202362 -0.112262272 2.323560295 0.1658406237 -2.060299611 0.9031196395 
0.0497 -0.3374610446 -0.09890417372 2.330286784 0.1792705895 -2.056146951 0.8959283229 
0.0497 -0.347346509 -0.08550437985 2.336940824 0.1929563786 -2.051974233 0.8887922246 
0.0497 -0.3572927687 -0.07205782417 2.343530758 0.2069026933 -2.047760174 0.8818017068 
0.0497 -0.3673284338 -0.05848588606 2.350065358 0.2211927637 -2.043524068 0.8746343509 
0.0497 -0.3773378283 -0.04506636871 2.356459408 0.2355996363 -2.039248951 0.8677374391 
0.0497 -0.3873974713 -0.03160071335 2.362769783 0.2502537986 -2.034940599 0.860884286 
0.0497 -0.3975077419 -0.0180877453 2.368993261 0.2651540209 -2.030596824 0.854072318 
0.0497 -0.4076687489 -0.004526661464 2.375126431 0.2802988807 -2.026215495 0.8472990644 
0.1497 -0.4198258006 -0.09004725717 2.359936162 0.3586628888 -1.96219049 0.9412303536 
0.1497 -0.4308120697 -0.07729864171 2.365044396 0.3723706022 -1.956135503 0.9329909956 
0.1497 -0.4418074399 -0.06453359333 2.370044415 0.3863052274 -1.950058872 0.9247663459 
0.1497 -0.4528105139 -0.05175270109 2.374932282 0.4004633646 -1.943960098 0.9165534789 
0.1497 -0.4636095761 -0.0388682931 2.379590962 0.4149786637 -1.937919658 0.9083630559 
0.1497 -0.4749111543 -0.02607033818 2.384385752 0.4295356452 -1.931643774 0.9001029621 
0.1497 -0.4858933195 -0.01343545078 2.388876066 0.4442493811 -1.925419211 0.8920305469 
0.1497 -0.4968697409 -0.0008371531746 2.393230169 0.4591418898 -1.919153184 0.8839841089 
0.1497 -0.507838111 0.01171912067 2.397443628 0.4742053301 -1.912843507 0.8759613074 
0.1497 -0.5188770546 0.0243201442 2.401541587 0.4895449295 -1.906440828 0.8679004575 
0.2497 -0.5221903954 -0.07118184008 2.371309445 0.5445593185 -1.824362361 0.937996341 
0.2497 -0.5333251577 -0.05993057686 2.374208015 0.5581995245 -1.816933047 0.9284370274 
0.2497 -0.5444019996 -0.04875770298 2.376954201 0.5719842852 -1.809488895 0.9188853736 
0.2497 -0.5554181568 -0.03766824057 2.379544381 0.5859055473 -1.802029484 0.9093387121 
0.2497 -0.5661934303 -0.02657682026 2.381880044 0.6000896622 -1.794620201 0.8998068046 
0.2497 -0.5773372691 -0.01567963843 2.384258822 0.6142303674 -1.787008249 0.8901786795 
0.2497 -0.5881529221 -0.004874097264 2.386358463 0.6285099479 -1.779500962 0.8806311399 
0.2497 -0.5989026678 0.005859658617 2.388294528 0.6429415221 -1.77198875 0.8710644388 
0.2497 -0.609581069 0.01650506965 2.390061066 0.6575007187 -1.764467959 0.8614798419 
0.2497 -0.6202445147 0.02704549075 2.391650625 0.6721546214 -1.756853875 0.8518388457 
0.3497 -0.6098803524 -0.07970401594 2.348379952 0.7097518978 -1.665621587 0.9027659768 
0.3497 -0.62020685 -0.07052529004 2.348890523 0.7230233595 -1.657617817 0.8917154894 
0.3497 -0.6304200089 -0.06146702258 2.349232241 0.7363885342 -1.649635196 0.8806484006 
0.3497 -0.6405175086 -0.05253275024 2.349403099 0.7498408584 -1.641674836 0.8695621672 
0.3497 -0.6503701015 -0.0435686201 2.349325691 0.7636259303 -1.633801409 0.8584203825 
0.3497 -0.6604289466 -0.03498610402 2.34922289 0.7770824645 -1.625767273 0.8472395925 
0.3497 -0.6704105547 -0.02645033081 2.34896049 0.7907452891 -1.617773582 0.8359702632 
0.3497 -0.6797761798 -0.01804118787 2.348337752 0.8044974846 -1.610023238 0.8248923674 
0.3497 -0.6892606694 -0.009777401405 2.347627459 0.8182928051 -1.602194189 0.8136725027 
0.3497 -0.6986850954 -0.001596920542 2.346729758 0.8322419521 -1.594338299 0.8023350644 
0.3497 -0.7079088312 0.006377274891 2.345656773 0.8461344235 -1.586572831 0.7910443737 
0.3497 -0.7169997014 0.01420336981 2.344401633 0.8600674863 -1.578841708 0.7797148453 
0.3497 -0.7259558255 0.02187903548 2.342963531 0.8740362464 -1.57114681 0.7683441702 
0.3497 -0.734840216 0.02945727214 2.341329094 0.888139846 -1.563433521 0.7568453708 
0.3497 -0.7437388473 0.03682923492 2.339597283 0.9021770487 -1.555727018 0.7452747325 
0.3497 -0.7520608316 0.04403567376 2.337529904 0.9162153744 -1.548243376 0.7338774877 
0.3497 -0.7607053727 0.05109624897 2.335436131 0.9303008687 -1.540614271 0.7221915254 
0.3497 -0.7687156288 0.05798244211 2.332991164 0.9443648485 -1.533231021 0.7107101306 
0.3497 -0.7768867913 0.06476482481 2.330424504 0.9585626176 -1.525742145 0.6989600068 
0.3497 -0.7848517377 0.07133510695 2.327690882 0.9726640201 -1.518359681 0.6872402819 
0.3497 -0.792669903 0.07774290799 2.324772245 0.9867704226 -1.511030695 0.6754629326 
0.3497 -0.8003401981 0.08398756424 2.32166882 1.000879067 -1.503757533 0.6636262058 
0.3497 -0.8078616285 0.09006859263 2.318380927 1.014987423 -1.496542561 0.6517284234 
0.3497 -0.8152873383 0.09602890536 2.314882564 1.029197659 -1.489335403 0.6396791512 
0.3497 -0.8227252781 0.1017948626 2.311291607 1.043335972 -1.482164617 0.6275254325 
0.3497 -0.8295759964 0.1073684884 2.307385728 1.05739317 -1.475218902 0.6155633256 
0.3497 -0.8367336121 0.1128098905 2.303433783 1.07152625 -1.468175751 0.6032590002 
0.3497 -0.8432570772 0.1180528468 2.299159299 1.085555902 -1.461373577 0.5911796147 
0.3497 -0.8499168904 0.1231874207 2.29474105 1.09972554 -1.454508388 0.5787928146 
0.3497 -0.856373896 0.1281212646 2.290174389 1.113778812 -1.44776892 0.5664262403 
0.3497 -0.8626773439 0.132893497 2.28542831 1.127819003 -1.441106776 0.5539880357 
0.3497 -0.868827026 0.1375050012 2.28050366 1.141845327 -1.434524284 0.5414772458 
0.3497 -0.8748228075 0.1419567749 2.275401313 1.155857144 -1.428023745 0.5288929956 
0.3497 -0.8807073224 0.1462811328 2.2700824 1.169957577 -1.421560221 0.5161404435 
0.3497 -0.8866038293 0.1504366566 2.264677392 1.183998912 -1.415168434 0.5032616052 
0.3497 -0.8919268553 0.1543941181 2.258994745 1.197904578 -1.408990471 0.490596745 
0.3497 -0.8975329761 0.1582418719 2.253241839 1.21192449 -1.402776789 0.4775491414 
0.3497 -0.9025313625 0.1618881376 2.247210921 1.225788581 -1.396783982 0.4647483763 
0.3497 -0.9076404632 0.1654321764 2.241014049 1.239809947 -1.390778412 0.4516118777 
0.3497 -0.912558353 0.1687993555 2.234690823 1.253712522 -1.384914396 0.438494237 
0.3497 -0.9173234892 0.1720179028 2.228197208 1.267599666 -1.379149394 0.4252988698 
0.3497 -0.9219362344 0.175089468 2.221534081 1.281471651 -1.373485327 0.4120255639 
0.3497 -0.9264294622 0.178036871 2.214651063 1.295431395 -1.367883261 0.3985749829 
0.3497 -0.930737528 0.1808184862 2.20765021 1.309273987 -1.36242741 0.3851448462 
0.3497 -0.9350866568 0.1834829097 2.200514471 1.323178367 -1.357038834 0.3714811397 
0.3497 -0.9389008262 0.1859578994 2.193148206 1.336917538 -1.351836645 0.358050051 
0.3497 -0.9429630461 0.1883466645 2.18567922 1.350805002 -1.34666783 0.3442136264 
0.3497 -0.946490548 0.1905598228 2.1779267 1.364610868 -1.341648208 0.3305410299 
0.3497 -0.9500469788 0.1926486193 2.170096851 1.378388067 -1.33674187 0.3167203553 
0.3497 -0.9534548772 0.1946042847 2.162103457 1.392153773 -1.331950008 0.3028222599 
0.3497 -0.9567147897 0.1964285366 2.15394709 1.405908542 -1.327274079 0.288847057 
0.3497 -0.9598272645 0.1981230727 2.145628278 1.419652935 -1.32271549 0.274795109 
0.3497 -0.9628142705 0.1997006975 2.137084077 1.433489221 -1.318243155 0.2605618895 
0.3497 -0.9656324288 0.2011398678 2.128440572 1.447214493 -1.313924164 0.2463571687 
0.3497 -0.9684733615 0.2024799219 2.119646594 1.461014529 -1.309713697 0.2319176828 
0.3497 -0.9708318654 0.2036454844 2.110670453 1.474639553 -1.305651237 0.2177221465 
0.3497 -0.9733948371 0.2047433288 2.101551426 1.488433264 -1.301691481 0.2031168312 
0.3497 -0.9754682949 0.2056710635 2.092188758 1.502135722 -1.297845063 0.1886824713 
0.3497 -0.9775615231 0.2065009235 2.082741133 1.515823039 -1.294145135 0.1741061688 
0.3497 -0.9795114431 0.2072135145 2.073133498 1.529504382 -1.290572147 0.1594576029 
0.3497 -0.9813184947 0.2078101972 2.063365919 1.543180264 -1.287127107 0.1447375042 
0.3497 -0.9829830914 0.2082922815 2.053438407 1.556851186 -1.283810987 0.129946636 
0.3497 -0.9845163679 0.2086633351 2.043275595 1.570618858 -1.280601606 0.1149754528 
0.3497 -0.9858961331 0.208919109 2.033026835 1.584281299 -1.277547069 0.1000449485 
0.3497 -0.9872769609 0.2090885317 2.022606927 1.598023345 -1.274637502 0.08488937896 
0.3497 -0.9882317814 0.2090987745 2.012048363 1.611596128 -1.271833732 0.06997993642 
0.3497 -0.9893267563 0.2090471678 2.001223551 1.625429666 -1.269175008 0.05458521638 
0.3497 -0.9900094903 0.2088411093 1.99034559 1.639001761 -1.266635311 0.03953606999 
0.3497 -0.9906837421 0.2085513827 1.979291629 1.652651292 -1.264248054 0.02427263597 
0.3497 -0.991217635 0.2081554755 1.968075725 1.666299626 -1.261996364 0.008945532591 
0.3497 -0.9916112418 0.2076541542 1.956697355 1.679947226 -1.259880956 -0.006444256919 
0.3497 -0.991865938 0.2070432382 1.945069828 1.693695654 -1.257888384 -0.02201041656 
0.3497 -0.9919779474 0.2063323429 1.933363477 1.70734321 -1.256048634 -0.03752301285 
0.3497 -0.991949576 0.2055179189 1.921492687 1.720991479 -1.25434721 -0.05309525009 
0.3497 -0.9916988627 0.2045475294 1.909106379 1.734697851 -1.252785038 -0.06901434474 
0.3497 -0.9914710521 0.2035803377 1.897254546 1.748292219 -1.251361937 -0.08441449846 
0.3497 -0.990934616 0.2024021195 1.884462394 1.762100915 -1.250079014 -0.1005433326 
0.3497 -0.9904235452 0.2012239859 1.872254686 1.775703414 -1.248929738 -0.1160770383 
0.3497 -0.9896887824 0.1998968589 1.859547072 1.789363426 -1.247930596 -0.1319322194 
0.3497 -0.9888117878 0.1984679244 1.846669122 1.803027628 -1.247073585 -0.1478407422 
0.3497 -0.987792001 0.1969371782 1.833619567 1.816696727 -1.246359329 -0.1638015552 
0.3497 -0.9866196258 0.1952920512 1.820298456 1.830472798 -1.245784764 -0.1799324087 
0.3497 -0.9853111693 0.193556547 1.806900224 1.844154074 -1.245358982 -0.1959950395 
0.3497 -0.9838577225 0.19171866 1.793326009 1.857842707 -1.245077871 -0.2121068406 
0.3497 -0.9821822019 0.1897473379 1.779273038 1.871594976 -1.244983328 -0.2285034032 
0.3497 -0.9805120923 0.1877340778 1.765642866 1.885245919 -1.244952321 -0.2444739127 
0.3497 -0.9785221374 0.1855416377 1.751145578 1.89911111 -1.24515154 -0.2610559922 
0.3497 -0.9765584589 0.1833168115 1.737127757 1.912792757 -1.245416417 -0.2771466189 
0.3497 -0.9743630855 0.1809581904 1.722644956 1.926534201 -1.245870044 -0.2934897511 
0.3497 -0.9720155753 0.1784931397 1.707974349 1.940290046 -1.246472627 -0.3098762665 
0.3497 -0.9695143085 0.175920541 1.693113482 1.954061837 -1.247224976 -0.3263052958 
0.3497 -0.9668372573 0.1732188577 1.677947502 1.967953471 -1.2481352 -0.3428981659 
0.3497 -0.9640218616 0.1704263879 1.662696623 1.981762497 -1.249190815 -0.3594100679 
0.3497 -0.9609214363 0.1674899079 1.646798101 1.995672147 -1.250505176 -0.3762875413 
0.3497 -0.9578367903 0.164486198 1.631330859 2.009493923 -1.25182659 -0.3927446623 
0.3497 -0.9545842073 0.1613470117 1.615620692 2.023430094 -1.253288379 -0.409307209 
0.3497 -0.9510398091 0.1580779385 1.599343229 2.037368684 -1.255007603 -0.4261115043 
0.3497 -0.9473513641 0.1546955024 1.582923381 2.051328803 -1.256872058 -0.4429067613 
0.3497 -0.9435124437 0.1511956695 1.566347781 2.065314711 -1.258883008 -0.4596992678 
0.3497 -0.9395161976 0.1475742625 1.549602433 2.079331016 -1.261042272 -0.4764954344 
0.3497 -0.935338495 0.1438014083 1.532596312 2.09347876 -1.263354722 -0.4933927768 
0.3497 -0.9310042162 0.1399225382 1.515465412 2.107571616 -1.265819102 -0.5102164727 
0.3497 -0.9264892414 0.1359083125 1.498118598 2.121710984 -1.268440708 -0.5270637157 
0.3497 -0.9217847479 0.1317535878 1.480538948 2.135903053 -1.27122369 -0.5439413332 
0.3497 -0.9168813236 0.127452855 1.462708677 2.150154475 -1.274172813 -0.5608562486 
0.3497 -0.9117466386 0.1229692157 1.444525362 2.16457112 -1.277299929 -0.5779091897 
0.3497 -0.9060863477 0.1181886781 1.425588712 2.17907821 -1.280632612 -0.5952256147 
0.3497 -0.9008424393 0.113578929 1.407391018 2.193447851 -1.284104006 -0.612022369 
0.3497 -0.895060436 0.1086328537 1.388406352 2.208010847 -1.287771019 -0.6291365992 
0.3497 -0.8890485886 0.1035094364 1.369130744 2.222667684 -1.291618422 -0.6462905184 
0.2497 -0.9603517523 0.2556941311 1.452068525 2.165456167 -1.342056617 -0.6086859593 
0.2497 -0.9553856514 0.2515327369 1.434050543 2.178014439 -1.34557676 -0.6246490562 
0.2497 -0.9502400693 0.2472654964 1.415799143 2.19060027 -1.349265737 -0.6406285547 
0.2497 -0.9449103838 0.2428893047 1.3973074 2.203217248 -1.353125984 -0.656624437 
0.2497 -0.9391191276 0.2382314707 1.378142057 2.215889714 -1.357114376 -0.6728782398 
0.2497 -0.9336351701 0.2337614746 1.359430627 2.228654772 -1.361402985 -0.6887846573 
0.2497 -0.927431709 0.2289822127 1.33968132 2.241413559 -1.365914112 -0.7050451364 
0.2497 -0.9215869819 0.2240872803 1.320630607 2.254207583 -1.370291527 -0.7209485927 
0.2497 -0.9152456617 0.2190719659 1.300806829 2.267060585 -1.375028074 -0.7370511042 
0.2497 -0.9086833033 0.2139310294 1.280686264 2.279971738 -1.379964821 -0.753167579 
0.1497 -0.9749546302 0.3650605282 1.367680384 2.229365721 -1.421289434 -0.7118947699 
0.1497 -0.9694608337 0.3608768193 1.349013955 2.240372417 -1.425791391 -0.7269440108 
0.1497 -0.9637960434 0.3566357572 1.330115099 2.251378434 -1.430475745 -0.7419866978 
0.1497 -0.9579558933 0.3523362541 1.31097616 2.262385004 -1.435345609 -0.7570224514 
0.1497 -0.9516202746 0.3480179399 1.29097414 2.273416266 -1.440665147 -0.7723035254 
0.1497 -0.9456870937 0.3435564843 1.271800813 2.284475831 -1.445719265 -0.7871629039 
0.1497 -0.9390167177 0.3390931674 1.251420498 2.295437813 -1.451329532 -0.8023431372 
0.1497 -0.9326308591 0.3344873052 1.231574689 2.306551454 -1.456884548 -0.817261553 
0.1497 -0.9257976147 0.3298230785 1.211032125 2.317610549 -1.462748031 -0.8323185811 
0.1497 -0.9187371726 0.325055518 1.190103806 2.328749468 -1.468810351 -0.8474480718 
0.0497 -0.9809152272 0.4746246853 1.281759989 2.284606512 -1.501329209 -0.8027379298 
0.0497 -0.9749887707 0.4706922597 1.262645116 2.29403444 -1.506717235 -0.8168456611 
0.0497 -0.9688966147 0.466729442 1.243293083 2.303435746 -1.512280024 -0.830947003 
0.0497 -0.9625519298 0.4627784997 1.223534611 2.312812424 -1.518183907 -0.8450910273 
0.0497 -0.9558835987 0.4588074467 1.203239581 2.322096554 -1.524223997 -0.8593470187 
0.0497 -0.9495268054 0.4546770924 1.183564907 2.331527663 -1.530136317 -0.8732996054 
0.0497 -0.9424755855 0.4508745568 1.162741292 2.340616187 -1.536747285 -0.8873818517 
0.0497 -0.9357393938 0.4468720617 1.142484177 2.349933816 -1.543225367 -0.9012245652 
0 -0.9620206751 0.5183053503 1.17992387 2.334853903 -1.559196443 -0.8847883687 
0 -0.955377978 0.514612411 1.159789046 2.34338766 -1.565590399 -0.898450551 
0 -0.9485788374 0.5109802744 1.139476746 2.351793715 -1.572195035 -0.912010211 
0 -0.9415985711 0.5073694002 1.118883292 2.360134341 -1.579004729 -0.9255533867 
0 -0.9344313346 0.5037847332 1.09799571 2.368404396 -1.586025461 -0.939080853 
-0.0503 -0.9602622922 0.5759467645 1.137560654 2.354322417 -1.600337333 -0.9209228241 
-0.0503 -0.9532316972 0.5727130686 1.116911407 2.36180344 -1.607236535 -0.9342393306 
-0.0503 -0.9465551649 0.5692447766 1.096923859 2.369526793 -1.61392408 -0.9472858225 
-0.0503 -0.9392233158 0.5664557172 1.075863187 2.376646733 -1.621410834 -0.9602716927 
-0.0503 -0.9321706091 0.5630536885 1.055260438 2.38420153 -1.628526134 -0.9733330068 
-0.0503 -0.9246528907 0.5600422404 1.033825458 2.391426325 -1.6361992 -0.9864222575 
-0.0503 -0.9169549243 0.5571719275 1.012140999 2.398450833 -1.644128009 -0.9994167646 
-0.1503 -0.9720537931 0.7005203502 1.114016018 2.369082663 -1.65952848 -0.94855552 
-0.1503 -0.9655696169 0.6979639081 1.094629443 2.375261125 -1.666349992 -0.9607179864 
-0.1503 -0.9589361008 0.6955116698 1.074999952 2.381313081 -1.673369607 -0.9728529016 
-0.1503 -0.9521221339 0.6931363811 1.055011087 2.387285854 -1.680599843 -0.985042706 
-0.1503 -0.9448874382 0.6911458625 1.034383078 2.392768529 -1.688288318 -0.9972291769 
-0.1503 -0.9380637572 0.6888562124 1.014421286 2.398650934 -1.695697777 -1.009186946 
-0.1503 -0.9305012923 0.6871706117 0.9932184056 2.403778217 -1.703822081 -1.021327899 
-0.1503 -0.9233449909 0.6851821521 0.9726737402 2.409308908 -1.711678506 -1.033242302 
-0.1503 -0.9156602854 0.6836102281 0.9511539043 2.414359288 -1.720097976 -1.045334299 
-0.1503 -0.9078026295 0.6823045986 0.9293647614 2.419096262 -1.72879696 -1.057339639 
-0.2503 -0.9596308743 0.8198734909 1.037332813 2.399113825 -1.73492117 -1.003350013 
-0.2503 -0.9530722422 0.8183111142 1.01821521 2.40369775 -1.742153413 -1.014544595 
-0.2503 -0.9463715705 0.8169283763 0.9988524906 2.408092309 -1.749595426 -1.025710474 
-0.2503 -0.9394924125 0.8157129483 0.979118419 2.412327921 -1.757274237 -1.036927432 
-0.2503 -0.9321773203 0.8150726503 0.9587138752 2.4158926 -1.765475139 -1.048135883 
-0.2503 -0.9253314303 0.8140179939 0.9390295448 2.419990055 -1.773301038 -1.059139365 
-0.2503 -0.9177346741 0.813857044 0.9180835494 2.423050979 -1.781941947 -1.070217917 
-0.2503 -0.9105479172 0.8133422141 0.8977611664 2.426570667 -1.790270153 -1.081279587 
-0.2503 -0.9028372281 0.8134753454 0.8764552961 2.429384702 -1.799231819 -1.092420672 
-0.2503 -0.8949644623 0.814014161 0.8548698754 2.431752347 -1.808490757 -1.103490966 
-0.3503 -0.9433707386 0.9435174011 0.9692765001 2.422992745 -1.804763433 -1.046331581 
-0.3503 -0.9369154648 0.9429460783 0.9507770904 2.42617533 -1.812093731 -1.056584049 
-0.3503 -0.9303322958 0.9426169464 0.9320479987 2.429115769 -1.819630455 -1.066807612 
-0.3503 -0.9235800214 0.9425347634 0.9129560242 2.431825721 -1.827414359 -1.077078705 
-0.3503 -0.9164071933 0.9431869929 0.8932262438 2.433718951 -1.835743154 -1.08723323 
-0.3503 -0.9097227353 0.9433199612 0.8742020419 2.436250657 -1.843632354 -1.097415869 
-0.3503 -0.9023125143 0.9446140987 0.8540013426 2.437476085 -1.852416533 -1.107525114 
-0.3503 -0.8951955769 0.9455645556 0.8340813036 2.439205488 -1.860971682 -1.117790823 
-0.3503 -0.887697068 0.9473502602 0.8135587117 2.439990371 -1.870073116 -1.127949026 
-0.3503 -0.8800126261 0.9496510238 0.792640995 2.440240131 -1.879510579 -1.138127416 
-0.4503 -0.9245114979 1.069225308 0.913155154 2.443974422 -1.865691932 -1.077952979 
-0.4503 -0.9183891811 1.069318041 0.8957058476 2.446236517 -1.87267256 -1.087305193 
-0.4503 -0.9121246708 1.069663623 0.8779485562 2.448270929 -1.879868543 -1.096694475 
-0.4503 -0.9057895288 1.070306585 0.8601068056 2.449998532 -1.887217521 -1.105987811 
-0.4503 -0.8990739994 1.071719159 0.8416962067 2.450871221 -1.895075133 -1.115281065 
-0.4503 -0.892774833 1.07256615 0.8237575399 2.452494099 -1.902530484 -1.124510082 
-0.4503 -0.8858278414 1.074776532 0.8048594327 2.452676 -1.910863129 -1.133723783 
-0.4503 -0.879257991 1.076485026 0.7863968116 2.453478692 -1.918845352 -1.142886712 
-0.4503 -0.8722721203 1.079138556 0.7672569656 2.453213019 -1.927416316 -1.152108997 
-0.5503 -0.9100542788 1.1924699 0.8884595785 2.464961202 -1.907329906 -1.090349456 
-0.5503 -0.9046112698 1.192239436 0.872636972 2.467350171 -1.913248172 -1.098947339 
-0.5503 -0.8987748416 1.192721195 0.8562516565 2.468977478 -1.919664099 -1.107561202 
-0.5503 -0.8934083393 1.192438592 0.8403907268 2.471491332 -1.925582969 -1.116154471 
