-0.5503 -0.8991083166 1.192223468 0.8567882392 2.469430661 -1.919276917 -1.107483245 
-0.5503 -0.9042322828 1.192786215 0.8721298249 2.466649702 -1.913737424 -1.099048793 
-0.5503 -0.9103890598 1.192577671 0.8895347716 2.464665154 -1.906996216 -1.089736575 
-0.5503 -0.9155766417 1.193031466 0.9048449079 2.46194582 -1.901404383 -1.081350818 
-0.5503 -0.9207602109 1.193705905 0.9202003707 2.459141341 -1.895880516 -1.072773469 
-0.5503 -0.9258741159 1.19456464 0.935483801 2.456140166 -1.890477648 -1.064133577 
-0.4503 -0.8927343125 1.072989809 0.8239980869 2.4519773 -1.902729529 -1.124214341 
-0.4503 -0.8991806761 1.071802561 0.8420449273 2.450802797 -1.895138121 -1.115041734 
-0.4503 -0.9050387955 1.071691384 0.8591713978 2.448496184 -1.888370204 -1.105922517 
-0.4503 -0.9114938525 1.070761155 0.8771322319 2.447101358 -1.880868004 -1.096671159 
-0.4503 -0.9182204598 1.070254111 0.8960893884 2.445117637 -1.87319631 -1.086691048 
-0.4503 -0.9238619327 1.070776231 0.912788301 2.442218328 -1.866855231 -1.077464169 
-0.4503 -0.9299398551 1.070758034 0.9300733501 2.439965015 -1.8600851 -1.068122741 
-0.4503 -0.9356597428 1.071325111 0.9468267913 2.437087874 -1.85375508 -1.058784622 
-0.4503 -0.9412899346 1.072081871 0.9634325435 2.434031128 -1.847566833 -1.049408094 
-0.4503 -0.9468326388 1.07301513 0.9798979917 2.43080821 -1.841514926 -1.039991721 
-0.3503 -0.9082870549 0.9455891644 0.872072757 2.433883641 -1.846162624 -1.097547811 
-0.3503 -0.9150998075 0.9451680112 0.8912516046 2.431722876 -1.838204284 -1.087484654 
-0.3503 -0.9221344781 0.9452441019 0.9113465059 2.42889967 -1.83018091 -1.076669309 
-0.3503 -0.9284781249 0.9458773469 0.9297813377 2.425748914 -1.822957964 -1.066430216 
-0.3503 -0.9350543775 0.9458866116 0.9484124015 2.423051722 -1.815425998 -1.056425161 
-0.3503 -0.9409745416 0.9469827443 0.9660619865 2.419319927 -1.808793523 -1.0463433 
-0.3503 -0.9473045392 0.9476569369 0.9843006947 2.416119892 -1.801799075 -1.036111448 
-0.3503 -0.9532605257 0.9488271194 1.001959075 2.412369839 -1.795243314 -1.025904441 
-0.3503 -0.959107878 0.9501680609 1.019439699 2.40845008 -1.788850519 -1.015661744 
-0.3503 -0.9648492076 0.951667324 1.036750895 2.404373261 -1.782615117 -1.005382059 
-0.2503 -0.9223519643 0.8183012005 0.9348001254 2.415381017 -1.778564435 -1.059228807 
-0.2503 -0.9292216141 0.8192068018 0.9545253893 2.411507234 -1.770878554 -1.048248475 
-0.2503 -0.9358356911 0.8204434628 0.9737821044 2.40732202 -1.76362366 -1.037285188 
-0.2503 -0.9422180482 0.8221426051 0.9926851034 2.402733746 -1.756618061 -1.026186683 
-0.2503 -0.9488685203 0.8232124619 1.01189881 2.398632107 -1.749257343 -1.015258403 
-0.2503 -0.9548648392 0.8251660814 1.030116976 2.393647975 -1.742748034 -1.00428594 
-0.2503 -0.9612168828 0.8268159679 1.048880208 2.389067556 -1.735965415 -0.9931395329 
-0.2503 -0.9672045041 0.8288249642 1.067067725 2.38406321 -1.72957981 -0.9820324986 
-0.2503 -0.9735202021 0.8311031352 1.086400545 2.378592674 -1.722873194 -0.9700656333 
-0.2503 -0.9792401897 0.8334069831 1.10422643 2.373219616 -1.716884749 -0.9588519809 
-0.1503 -0.9323723101 0.6948750606 1.005502735 2.392305806 -1.705199228 -1.010442822 
-0.1503 -0.9391549464 0.6970229863 1.025350672 2.386742997 -1.698018712 -0.9985987304 
-0.1503 -0.9457745436 0.6993349265 1.044973633 2.380940361 -1.691071908 -0.986697214 
-0.1503 -0.9519644103 0.7021591448 1.06394718 2.374617437 -1.684724365 -0.9747242375 
-0.1503 -0.9585298193 0.7043294543 1.083418947 2.368906123 -1.677832888 -0.962834152 
-0.1503 -0.9645128788 0.7073224926 1.102034618 2.362463674 -1.671777737 -0.9507681881 
-0.1503 -0.9711323574 0.709964766 1.122313075 2.355886315 -1.664950978 -0.9379508103 
-0.1503 -0.9769997923 0.7129491336 1.140749295 2.349420516 -1.659108606 -0.9258140515 
-0.1503 -0.9826816568 0.7157225693 1.158858342 2.342929173 -1.653310936 -0.9139036174 
-0.1503 -0.9882520847 0.7187141385 1.176825571 2.336313012 -1.647762054 -0.9018381598 
-0.0503 -0.937597825 0.5763054107 1.082189821 2.362585196 -1.628270042 -0.9504361304 
-0.0503 -0.9442513987 0.5795054815 1.102174724 2.355171525 -1.621660703 -0.9375876889 
-0.0503 -0.9503489985 0.5829756323 1.121229868 2.347418485 -1.615653951 -0.924892248 
-0.0503 -0.9567923891 0.5862258921 1.140883345 2.339962297 -1.609454581 -0.9119582208 
-0.0503 -0.9634082677 0.5898503972 1.161533059 2.331744281 -1.603108279 -0.8980724102 
-0.0503 -0.9690926138 0.593500736 1.179973161 2.323815885 -1.59774042 -0.8852256395 
-0.0503 -0.975008766 0.5969845109 1.198820291 2.31609811 -1.592253583 -0.8722019622 
0 -0.9508358307 0.5258058333 1.161647674 2.327994981 -1.576837172 -0.8892564437 
0 -0.9569292737 0.5295248228 1.180865283 2.319568638 -1.571170438 -0.8759475559 
0 -0.9628694723 0.5332478422 1.199861572 2.311094517 -1.565669497 -0.8626199212 
0 -0.9686599072 0.5369724852 1.218644347 2.302574682 -1.560331384 -0.8492734737 
0 -0.9743037183 0.5406966346 1.237220671 2.294010936 -1.555153584 -0.8359082899 
0.0497 -0.9498551772 0.4704527661 1.20295321 2.306166133 -1.537957623 -0.8504515237 
0.0497 -0.9554489224 0.4745704552 1.221445477 2.296836935 -1.533043076 -0.8368652765 
0.0497 -0.9614690911 0.4784497341 1.240735639 2.287702145 -1.527721236 -0.8229631341 
0.0497 -0.9668042626 0.4825239145 1.258886722 2.278343236 -1.523108399 -0.8093112017 
0.0497 -0.9724233338 0.4864378727 1.277579967 2.269121453 -1.51826849 -0.7954113754 
0.0497 -0.9776615806 0.4904072753 1.295668363 2.259796726 -1.513814124 -0.7816243666 
0.0497 -0.9827456149 0.494359001 1.313544401 2.250450478 -1.509536571 -0.7678299801 
0.0497 -0.9876222699 0.4983205098 1.331104193 2.241094191 -1.505546616 -0.7540659532 
0.1497 -0.9297361564 0.3508816986 1.245454544 2.279594234 -1.469602436 -0.7954021313 
0.1497 -0.935592554 0.3554566731 1.264532061 2.26878595 -1.464975282 -0.7807273926 
0.1497 -0.9412599323 0.3599683835 1.283347357 2.257992797 -1.460541643 -0.7660599017 
0.1497 -0.9465353841 0.3644406103 1.301561376 2.247149542 -1.456395181 -0.7515193115 
0.1497 -0.9520491394 0.3688080612 1.320229045 2.236446379 -1.452239069 -0.7367461943 
0.1497 -0.9569453492 0.3730614875 1.337905604 2.225700661 -1.448470716 -0.7223145008 
0.1497 -0.9621331281 0.3771911123 1.356167551 2.215004074 -1.444488265 -0.7075853761 
0.1497 -0.9669287628 0.3813210537 1.373806105 2.204286476 -1.440894885 -0.6929995204 
0.1497 -0.9719172376 0.3858379782 1.392560769 2.192719283 -1.437326527 -0.6772275919 
0.1497 -0.976382564 0.389862732 1.409762983 2.182012337 -1.4340971 -0.6626515049 
0.2497 -0.9135337073 0.2408169518 1.325818695 2.227595517 -1.390649081 -0.7015032552 
0.2497 -0.9189086294 0.2455501954 1.344252412 2.215256095 -1.387005754 -0.6859777607 
0.2497 -0.9240882838 0.2501727701 1.362429432 2.20296774 -1.383541804 -0.6704781725 
0.2497 -0.9288601215 0.2545551507 1.380014442 2.190734506 -1.38021613 -0.6551978562 
0.2497 -0.9338835308 0.259100997 1.398046324 2.178528778 -1.377139878 -0.6395558847 
0.2497 -0.9383139181 0.2633206613 1.415173839 2.166407192 -1.374235325 -0.6243146303 
0.2497 -0.9432940376 0.2679488573 1.434045366 2.153320046 -1.37121466 -0.6075525108 
0.2497 -0.9475594652 0.2720623752 1.451036366 2.141236648 -1.368618227 -0.5921830976 
0.2497 -0.9516574559 0.2760839943 1.467813112 2.129184914 -1.366185578 -0.5768397666 
0.2497 -0.9555914664 0.2800159173 1.484380958 2.117162517 -1.363914766 -0.5615228581 
0.3497 -0.8873364962 0.129541341 1.403430475 2.16964294 -1.311636431 -0.5966228844 
0.3497 -0.8921740406 0.1342245781 1.421072338 2.155811247 -1.309054653 -0.5802409541 
0.3497 -0.8966189794 0.1386101846 1.438193789 2.142055431 -1.306512886 -0.5640488436 
0.3497 -0.9012349242 0.1432353172 1.455560608 2.128373831 -1.304475513 -0.5475986547 
0.3497 -0.9058088405 0.1477501573 1.473783035 2.113742865 -1.302171166 -0.5301243738 
0.3497 -0.9098480254 0.1518742199 1.4904686 2.10020161 -1.300246814 -0.5138896157 
0.3497 -0.9136977076 0.1558720151 1.506901042 2.08672575 -1.298493394 -0.4977163004 
0.3497 -0.9173660487 0.1597479386 1.523096151 2.073310531 -1.296906082 -0.4815988247 
0.3497 -0.9208607253 0.1635061139 1.539068992 2.059951553 -1.295480559 -0.4655316533 
0.3497 -0.9241889653 0.1671504341 1.554833955 2.04664474 -1.294213005 -0.4495093177 
0.3497 -0.9273575795 0.1706845971 1.570404802 2.033386324 -1.293100077 -0.4335264188 
0.3497 -0.9303729886 0.1741121389 1.585794708 2.020172826 -1.292138906 -0.4175776288 
0.3497 -0.9333346324 0.1776583247 1.601692346 2.0060666 -1.29139997 -0.4007947739 
0.3497 -0.9360528503 0.1808739212 1.616746117 1.992937377 -1.290742302 -0.384904381 
0.3497 -0.9386351808 0.1839929088 1.631655521 1.979844089 -1.290230386 -0.3690325734 
0.3497 -0.9409486335 0.1869826681 1.646126831 1.966804853 -1.289897314 -0.3533503906 
0.3497 -0.943114848 0.1898739266 1.660422411 1.953800334 -1.2897097 -0.3377119151 
0.3497 -0.9451380306 0.1926689241 1.674552074 1.940828166 -1.289665607 -0.3221129096 
0.3497 -0.9470221351 0.1953698428 1.688525243 1.927886173 -1.289763468 -0.3065492022 
0.3497 -0.9487708737 0.1979788221 1.702350975 1.914972368 -1.290002078 -0.2910166919 
0.3497 -0.9503877277 0.2004979721 1.716037979 1.902084952 -1.290380587 -0.2755113543 
0.3497 -0.9522069493 0.2031634417 1.730679516 1.888328644 -1.291037854 -0.258993252 
0.3497 -0.9534914031 0.2054821528 1.743988439 1.87549009 -1.291700766 -0.2435875295 
0.3497 -0.9544861183 0.2076656516 1.756909251 1.862663061 -1.292491444 -0.2283203286 
0.3497 -0.955598881 0.2098381935 1.770112508 1.849869019 -1.293433341 -0.2128908754 
0.3497 -0.9564234517 0.2118649748 1.782746427 1.837133202 -1.29454026 -0.1977891272 
0.3497 -0.9571213764 0.2138046556 1.795247829 1.82441808 -1.29578095 -0.1827236366 
0.3497 -0.957694688 0.2156585866 1.807623275 1.811722498 -1.297155203 -0.1676910615 
0.3497 -0.9583858077 0.2175103722 1.820275392 1.79906794 -1.298691733 -0.1525091831 
0.3497 -0.958683501 0.2193164378 1.833368905 1.785405037 -1.300447785 -0.1363094047 
0.3497 -0.9588752231 0.2209106174 1.845343874 1.772774054 -1.3022418 -0.1214024591 
0.3497 -0.9589315136 0.2224151387 1.857162524 1.760163393 -1.304169579 -0.106555716 
0.3497 -0.9589925451 0.2238539203 1.868790761 1.74765422 -1.306274106 -0.09194233065 
0.3497 -0.9585534937 0.225104425 1.880041725 1.735024462 -1.308415957 -0.07726740901 
0.3497 -0.9582922488 0.2263892373 1.891692012 1.722447395 -1.310747164 -0.06238449105 
0.3497 -0.9577303553 0.2274909558 1.902684847 1.709917145 -1.313186372 -0.04792747947 
0.3497 -0.9572693857 0.2285983347 1.913937275 1.697435575 -1.315801971 -0.03333742946 
0.3497 -0.9563847017 0.2296180824 1.925685248 1.683932601 -1.318712362 -0.01767251929 
0.3497 -0.9554928972 0.2304806433 1.936427199 1.671449355 -1.321562671 -0.003273761637 
0.3497 -0.954467965 0.2312505945 1.947020333 1.658981904 -1.324539815 0.01105870779 
0.3497 -0.9533099804 0.2319272696 1.957465277 1.646529704 -1.327642877 0.02532418662 
0.3497 -0.9520189818 0.2325099404 1.967762596 1.634092208 -1.330870922 0.03952198853 
0.3497 -0.9505949711 0.23299782 1.977912794 1.62166886 -1.334222994 0.05365144295 
0.3497 -0.9489530726 0.2333145833 1.987586945 1.609269711 -1.337646588 0.06745598179 
0.3497 -0.9473477613 0.2336857656 1.99777355 1.596862342 -1.341295288 0.08170271303 
0.3497 -0.945379385 0.2338948441 2.008226937 1.583525806 -1.345304123 0.09677663978 
0.3497 -0.9434117143 0.2339872248 2.017780201 1.571154246 -1.349151824 0.1105354058 
0.3497 -0.941311334 0.2339796416 2.027189139 1.558793788 -1.353117971 0.1243081816 
0.3497 -0.9390773306 0.2338712814 2.036452781 1.546443866 -1.357201804 0.1380089395 
0.3497 -0.9367095215 0.2336609771 2.045571232 1.534103836 -1.361402178 0.151637151 
0.3497 -0.9342077079 0.2333475137 2.054544543 1.521773043 -1.365717913 0.1651923118 
0.3497 -0.9317068193 0.2329481157 2.063381577 1.509511954 -1.370141813 0.1785489422 
0.3497 -0.928835418 0.2324106453 2.072058357 1.497151659 -1.374688583 0.1920504266 
0.3497 -0.925821966 0.2317429925 2.08125817 1.483950343 -1.379696314 0.2062985446 
0.3497 -0.9226165224 0.2309748471 2.089625116 1.471582592 -1.384480676 0.2196900128 
0.3497 -0.9195102741 0.2301276311 2.097869526 1.459321285 -1.389354769 0.2327985114 
0.3497 -0.916249554 0.2291662663 2.105967387 1.447055778 -1.394336417 0.2458498576 
0.3497 -0.9128321771 0.2280891239 2.113917456 1.434785013 -1.399425172 0.2588445772 
0.3497 -0.9092560064 0.2268945679 2.121718403 1.422508018 -1.404620585 0.2717831092 
0.3497 -0.9055189617 0.2255809588 2.129368818 1.410223908 -1.409922192 0.2846658061 
0.3497 -0.9016190309 0.2241466585 2.136867221 1.397931894 -1.415329507 0.2974929369 
0.3497 -0.897150609 0.2224552167 2.144755744 1.384653817 -1.421284497 0.3113112444 
0.3497 -0.8930012846 0.2207762753 2.151950359 1.37237806 -1.426893613 0.3239486174 
0.3497 -0.8888689549 0.2189925836 2.159026183 1.360155813 -1.432569964 0.3363911431 
0.3497 -0.884291311 0.2170495218 2.165892096 1.347824704 -1.438398517 0.348992309 
0.3497 -0.8798319148 0.2150097599 2.172659724 1.335579406 -1.444269728 0.3613232629 
0.3497 -0.8752100745 0.2128396469 2.179272715 1.323321746 -1.450235169 0.3735977227 
0.3497 -0.8701958136 0.2105131322 2.185676665 1.310979422 -1.456345138 0.3859799784 
0.3497 -0.8652220964 0.2080756178 2.191968022 1.298690923 -1.462503498 0.3981553397 
0.3497 -0.8597118036 0.205302961 2.198572263 1.285452229 -1.469230294 0.4111814943 
0.3497 -0.8544521279 0.2025896185 2.204545126 1.273153995 -1.475562349 0.4231977864 
0.3497 -0.8490548232 0.1997411369 2.210363467 1.260850281 -1.481974797 0.4351378645 
0.3497 -0.8435199824 0.1967560469 2.216026508 1.248540642 -1.488465472 0.4470020409 
0.3497 -0.8380272581 0.1936498577 2.221583331 1.236271315 -1.494983657 0.4586735095 
0.3497 -0.8320383007 0.1903703821 2.226883514 1.223902141 -1.501672605 0.4705042002 
0.3497 -0.8262138417 0.1869780642 2.232111494 1.211602167 -1.508349967 0.4820659358 
0.3497 -0.8202221321 0.1834405061 2.237173508 1.199285847 -1.515103795 0.4935749843 
0.3497 -0.8133053572 0.1794436632 2.242352728 1.185943062 -1.522542745 0.506079981 
0.3497 -0.8069396179 0.1755997291 2.247054936 1.17359203 -1.529459688 0.5174927571 
0.3497 -0.8004384896 0.1716103617 2.251596261 1.161234133 -1.536438323 0.5288334196 
0.3497 -0.7938025186 0.1674746146 2.25597596 1.148869636 -1.543476173 0.5401027431 
0.3497 -0.7870323185 0.1631916349 2.260193312 1.136498925 -1.55057073 0.5513015663 
0.3497 -0.7801285725 0.1587606694 2.264247627 1.124122514 -1.557719466 0.5624307905 
0.3497 -0.7732931495 0.154195061 2.268207274 1.111774379 -1.564854193 0.573379143 
0.3497 -0.7659235322 0.1494523089 2.271864558 1.099355344 -1.572169262 0.5844843757 
0.3497 -0.7580570604 0.1441925 2.275693097 1.086013211 -1.580028255 0.5962486453 
0.3497 -0.7506174445 0.1391527395 2.279076373 1.073621853 -1.587371346 0.6071048253 
0.3497 -0.7430488799 0.1339629303 2.282293741 1.061229649 -1.594755555 0.617896998 
0.3497 -0.7353525025 0.1286230498 2.285344794 1.048838039 -1.602178297 0.6286264672 
0.3497 -0.7275295252 0.1231332134 2.288229193 1.036448639 -1.609636996 0.6392946033 
0.3497 -0.719581239 0.117493678 2.290946668 1.024063243 -1.617129089 0.6499028418 
0.3497 -0.7115090105 0.1117048438 2.29349702 1.011683826 -1.624652027 0.6604526846 
0.3497 -0.7034357771 0.1057722464 2.295927725 0.9993218323 -1.63215967 0.6708865808 
0.3497 -0.6946067853 0.09921678651 2.298359843 0.9860179887 -1.640272707 0.6820630891 
0.3497 -0.6859097256 0.09296324975 2.300295246 0.973654802 -1.647966387 0.6925644445 
0.3497 -0.6774928857 0.08657729669 2.302222842 0.9613306398 -1.655536114 0.7028256847 
0.3497 -0.6689234189 0.08004429967 2.303969824 0.9490211114 -1.663137144 0.7130559277 
0.3497 -0.6598785346 0.07335887504 2.305401182 0.9367226975 -1.670887971 0.7234028465 
0.3497 -0.6509746343 0.06653779025 2.306770527 0.924458363 -1.67855913 0.7335877593 
0.3497 -0.6419604798 0.05957611113 2.307974379 0.9122228981 -1.686241872 0.7437286502 
0.3497 -0.6328380579 0.05247558611 2.309013388 0.9000199931 -1.693934051 0.7538275477 
0.3497 -0.6228951714 0.04467575822 2.309948844 0.8869192599 -1.702226111 0.7646587021 
0.3497 -0.6135544585 0.03729304816 2.310648037 0.8747965476 -1.709931338 0.7746770638 
0.3497 -0.6043369235 0.02977669209 2.311284346 0.8627095016 -1.717554118 0.7845669501 
0.3497 -0.5945696817 0.0221320793 2.311561036 0.8506905827 -1.725349795 0.7946095729 
0.3497 -0.5850823527 0.01435635814 2.311845575 0.8387065502 -1.733001058 0.8044669913 
0.3497 -0.5754621013 0.006454448286 2.31195566 0.8267805833 -1.740664528 0.8143123118 
0.3497 -0.5653672361 -0.001562237978 2.311735161 0.8149484399 -1.748471102 0.8242812862 
0.3497 -0.5554486908 -0.009704092179 2.311480029 0.8031647231 -1.756170068 0.8341204454 
0.3497 -0.5446683927 -0.0186033296 2.311033164 0.7905569544 -1.764453965 0.8446921173 
0.3497 -0.5345688306 -0.026985569 2.310460269 0.7789317809 -1.77213798 0.8544885708 
0.3497 -0.5243856447 -0.03547905754 2.30973718 0.7673910456 -1.779812871 0.8642680996 
0.3497 -0.5141211251 -0.0440807948 2.308865857 0.7559401397 -1.787477509 0.8740330846 
0.3497 -0.5040116709 -0.05280098555 2.307960482 0.7445479213 -1.79504036 0.8837024828 
0.3497 -0.4933571795 -0.06159678856 2.306686841 0.733329762 -1.802771967 0.8935289869 
0.3497 -0.4826727078 -0.07049195422 2.305291429 0.722215518 -1.810473139 0.9033301937 
0.3497 -0.4722949695 -0.07950878391 2.303940815 0.7111451522 -1.818014121 0.9129954506 
0.3497 -0.4606200972 -0.08935252296 2.302127281 0.6993446531 -1.826250783 0.9235650501 
0.3497 -0.4501257479 -0.0985019973 2.30050943 0.6886064455 -1.833780886 0.9332000489 
0.3497 -0.4393492979 -0.1077812832 2.298653188 0.6779507163 -1.841348375 0.9429305878 
0.2497 -0.443776642 -0.01545946635 2.328513384 0.6166264167 -1.930246754 0.8779094095 
0.2497 -0.4330819174 -0.02595377759 2.325558131 0.6045599954 -1.937045344 0.8862361996 
0.2497 -0.42235679 -0.03651830717 2.322473439 0.5926287465 -1.943804354 0.8945730204 
0.2497 -0.4113423262 -0.04713481408 2.319119721 0.5808828819 -1.950624148 0.9029900621 
0.2497 -0.4008235377 -0.05784266232 2.315928996 0.5691969816 -1.957206409 0.9112867765 
0.2497 -0.3892293819 -0.0694317402 2.312236571 0.5568988664 -1.964360457 0.9203398557 
0.2497 -0.3781106982 -0.0804685018 2.308493378 0.545466147 -1.970966471 0.9289526374 
0.2497 -0.3675087547 -0.09110025705 2.304937567 0.5343661955 -1.977536366 0.9371429903 
0.2497 -0.3566395572 -0.1020125495 2.301138588 0.5233884387 -1.984072294 0.9455931739 
0.2497 -0.3457522601 -0.1129702798 2.29723422 0.5125881773 -1.990575067 0.9540702017 
0.1497 -0.3400184176 -0.03193087251 2.311898652 0.4282592322 -2.063695449 0.8663887121 
0.1497 -0.3297050062 -0.04386787877 2.306920542 0.4159731569 -2.06890909 0.8734453711 
0.1497 -0.3194098349 -0.05582110625 2.301849688 0.4038815126 -2.074079041 0.8805415832 
0.1497 -0.3080730951 -0.06881010707 2.296118965 0.3910957398 -2.079659303 0.8883665974 
0.1497 -0.298087969 -0.08068738009 2.291037083 0.3794086744 -2.084687621 0.8954133113 
0.1497 -0.2876140375 -0.09254756011 2.285554083 0.3680169785 -2.089849382 0.9025899639 
0.1497 -0.2776804834 -0.1044802699 2.280320056 0.3567246963 -2.094791175 0.909750876 
0.1497 -0.2674982781 -0.1164260484 2.274841617 0.3456911934 -2.099783907 0.917022614 
0.1497 -0.2573321911 -0.1284007033 2.269289873 0.3348718841 -2.104738701 0.9243821382 
0.1497 -0.2471720929 -0.1404098973 2.263660047 0.3242655776 -2.109667621 0.931786103 
0.0497 -0.2374863128 -0.06625694262 2.262955617 0.2142628199 -2.157903059 0.8183978729 
0.0497 -0.2277169268 -0.07997062787 2.255952557 0.2014755305 -2.161378114 0.8252848747 
0.0497 -0.2187795447 -0.09217948169 2.249474168 0.1898915387 -2.164652338 0.831280783 
0.0497 -0.209552953 -0.1047494304 2.242698169 0.1785428554 -2.167927942 0.837736761 
0.0497 -0.2008788667 -0.1173602885 2.236233822 0.167341269 -2.171040319 0.8442484032 
0.0497 -0.1920168817 -0.1297676944 2.229568321 0.156426628 -2.174231507 0.8506897175 
0.0497 -0.1831946018 -0.142147049 2.222860673 0.1457449231 -2.17741225 0.8571908693 
0.0497 -0.1744105606 -0.1544984873 2.216113292 0.1352967552 -2.180585025 0.8637517067 
0.0497 -0.1656632432 -0.1668222825 2.209328545 0.1250826612 -2.183752228 0.8703720793 
0.0497 -0.1562823328 -0.180063619 2.201982775 0.1143451982 -2.187159497 0.877568134 
0 -0.1500766159 -0.1497098202 2.192998996 0.04472427814 -2.19838098 0.8144758925 
0 -0.1421564802 -0.1620147224 2.185877831 0.03448052309 -2.200661876 0.8207589205 
0 -0.1342761188 -0.1742826403 2.178729664 0.02446349068 -2.202948012 0.8271000795 
0 -0.1263715287 -0.1867739784 2.171504901 0.01469785613 -2.205247835 0.8337725877 
0 -0.1186274408 -0.1987112556 2.164359541 0.005107234001 -2.207543873 0.8399535755 
0 -0.1108029445 -0.2110742387 2.157099991 -0.004206344251 -2.20986829 0.8466796758 
0 -0.1031158778 -0.2230040891 2.149902809 -0.01334906377 -2.212183621 0.8530303816 
0 -0.09470605895 -0.2362611846 2.141999037 -0.02286269851 -2.214785293 0.8604205919 
0 -0.08704369069 -0.2483988681 2.134744988 -0.03150841873 -2.217098495 0.8671734247 
-0.0503 -0.08679395659 -0.2154134822 2.123426763 -0.1075180918 -2.215489154 0.7972635798 
-0.0503 -0.07996953598 -0.2273510987 2.115926042 -0.1164637342 -2.217032582 0.8036396694 
-0.0503 -0.07322113097 -0.2392400505 2.10845963 -0.1252052691 -2.218540698 0.8100513203 
-0.0503 -0.06643577502 -0.2513285304 2.100925873 -0.133689274 -2.220108239 0.8167704061 
-0.0503 -0.05977140911 -0.263043828 2.09346102 -0.1420445794 -2.221649027 0.82315858 
-0.0503 -0.05314478765 -0.2746945268 2.085995527 -0.1502096615 -2.223205967 0.8295534638 
-0.0503 -0.04611224865 -0.2873675036 2.07800479 -0.1587790951 -2.224914462 0.8366514719 
-0.0503 -0.03941370553 -0.2990766608 2.070430323 -0.1664708727 -2.226564857 0.8432810974 
-0.0503 -0.03275328474 -0.3107600336 2.062864745 -0.1739673623 -2.228240036 0.8499517823 
-0.0503 -0.02612624878 -0.3224192871 2.055307097 -0.1812688225 -2.229941754 0.8566629521 
-0.1503 -0.04532005929 -0.2371067172 2.040422329 -0.3312767173 -2.194332452 0.7072899101 
-0.1503 -0.04062648977 -0.2482461529 2.032819214 -0.339563658 -2.194278363 0.7136164448 
-0.1503 -0.03596903172 -0.2593363396 2.025214988 -0.3476995581 -2.194248927 0.7199631915 
-0.1503 -0.03134388353 -0.2703783064 2.017608302 -0.3556857761 -2.194244674 0.7263285678 
-0.1503 -0.02659464694 -0.2822418481 2.009573335 -0.3641740862 -2.194239618 0.7332149832 
-0.1503 -0.02202231036 -0.2931871711 2.001955044 -0.3718543706 -2.194289812 0.7396143628 
-0.1503 -0.01758909663 -0.3039181303 1.994438204 -0.37946224 -2.194299457 0.7458369093 
-0.1503 -0.01306807505 -0.3149608522 1.986803156 -0.3868151168 -2.194451788 0.7524625723 
-0.1503 -0.008618654136 -0.3257837258 1.979218581 -0.3940808061 -2.194573249 0.758904966 
-0.1503 -0.00418029991 -0.3365649713 1.971624654 -0.4012032627 -2.194722605 0.7653576309 
-0.2503 -0.03542104774 -0.2401977022 1.965397199 -0.5469226137 -2.128025995 0.6264688112 
-0.2503 -0.03295789848 -0.2501900146 1.958025298 -0.554843848 -2.126507876 0.6330674074 
-0.2503 -0.03020117194 -0.2608589909 1.949966543 -0.563236037 -2.124905036 0.64015524 
-0.2503 -0.02804943366 -0.2707319845 1.942787294 -0.571019489 -2.123382994 0.6467635872 
-0.2503 -0.02567433057 -0.2802225004 1.935449241 -0.5787069344 -2.121801201 0.6530427205 
-0.2503 -0.02314049257 -0.2902020839 1.92784888 -0.5861494039 -2.120459397 0.6598931217 
-0.2503 -0.02098459261 -0.2999063393 1.920573436 -0.593638095 -2.118997832 0.6665130542 
-0.2503 -0.01882508422 -0.3095335248 1.913269936 -0.6010357593 -2.117547553 0.6731120398 
-0.2503 -0.01633507155 -0.3190508511 1.905678692 -0.60825178 -2.116149454 0.6796581702 
-0.2503 -0.01413191793 -0.3285262786 1.898294269 -0.6154567282 -2.114725351 0.6862130669 
-0.2503 -0.01190500985 -0.3383397202 1.890487079 -0.6232291822 -2.113047166 0.6929335562 
-0.2503 -0.009772094318 -0.3476770698 1.88311141 -0.6302761409 -2.111629963 0.6994572572 
-0.2503 -0.007669925902 -0.3569521742 1.875738632 -0.6372472707 -2.110218171 0.7059675686 
-0.2503 -0.005597817583 -0.3661672564 1.86836863 -0.6441437809 -2.108811782 0.7124654494 
-0.2503 -0.003727263096 -0.375342958 1.861134075 -0.65102288 -2.107388799 0.7189708124 
-0.2503 -0.001540700542 -0.3844262597 1.853636255 -0.6577173243 -2.106015595 0.7254278217 
-0.2503 0.0002995969423 -0.3934318041 1.846393799 -0.6644595525 -2.104579669 0.73185326 
-0.2503 0.00214069697 -0.4023769013 1.83913162 -0.6711254655 -2.103149306 0.7382619825 
-0.2503 0.004403754933 -0.4119173874 1.831079152 -0.6781200681 -2.101652036 0.7451147989 
-0.2503 0.006268827376 -0.4207267886 1.823765264 -0.6846230231 -2.100228845 0.7514738305 
-0.2503 0.007958040771 -0.4291719063 1.816610895 -0.6911964112 -2.098620238 0.7575223679 
-0.2503 0.00976791126 -0.4378909821 1.809302219 -0.6975716725 -2.097203081 0.7638723606 
-0.2503 0.01155100183 -0.4465623238 1.801997796 -0.7038846944 -2.095788099 0.7702127015 
-0.2503 0.01330824863 -0.4551878012 1.794697341 -0.7101361652 -2.094375641 0.7765441695 
-0.2503 0.01489653799 -0.4637828493 1.787504884 -0.7163835506 -2.092947206 0.7828855966 
-0.2503 0.0167492702 -0.4723087108 1.780107054 -0.7224567574 -2.091560058 0.7891835911 
-0.2503 0.01828113133 -0.4813561754 1.772473122 -0.7291406343 -2.089940077 0.7958938051 
-0.2503 0.02008322687 -0.4896573265 1.765101572 -0.7351292446 -2.088477858 0.8020464992 
-0.2503 0.02163221902 -0.4979173118 1.75789942 -0.7411622848 -2.086973149 0.8082026442 
-0.2503 0.02314382722 -0.5061165983 1.750712922 -0.7471535473 -2.085453218 0.8143340916 
-0.2503 0.02444491537 -0.5139586652 1.743695512 -0.7532646486 -2.083709009 0.8201817913 
-0.2503 0.02592299836 -0.5221139872 1.736502111 -0.7591388282 -2.082207367 0.8263329748 
-0.2503 0.02715632742 -0.5302509162 1.729464644 -0.765059962 -2.080677068 0.832510148 
-0.2503 0.02867784719 -0.5383353593 1.722211125 -0.7708000033 -2.07919003 0.838645207 
-0.2503 0.02996136467 -0.5466101651 1.714682852 -0.7771769187 -2.077289512 0.8449235781 
-0.2503 0.03148399548 -0.5546196109 1.707415284 -0.7827860742 -2.075808639 0.8510409105 
-0.2503 0.03237894038 -0.5621537133 1.700392975 -0.7886884265 -2.073793366 0.8569869056 
-0.2503 0.03358422555 -0.5698559883 1.69354273 -0.7944895701 -2.072250427 0.8627462758 
-0.2503 0.03463174339 -0.5774239681 1.686588383 -0.8002646615 -2.07046938 0.8685959285 
-0.2503 0.03567846304 -0.5849606048 1.679622349 -0.8059885801 -2.068688057 0.8744440967 
-0.2503 0.03672513519 -0.5924675501 1.672644886 -0.8116611983 -2.066907291 0.8802911726 
-0.2503 0.03776928901 -0.5999208396 1.665725768 -0.8172206858 -2.065133619 0.88610811 
-0.2503 0.03891496715 -0.6081180818 1.658099309 -0.8232268411 -2.063316547 0.89255322 
-0.2503 0.03986501857 -0.6153962314 1.651162491 -0.8288377261 -2.06142557 0.8982890763 
-0.2503 0.04044361899 -0.6222451674 1.644261581 -0.8346353623 -2.059053174 0.9039227642 
-0.2503 0.04166037942 -0.6297338487 1.637332706 -0.840014625 -2.057528396 0.9096636217 
-0.2503 0.04198670907 -0.6364373997 1.630653066 -0.8458426669 -2.055088809 0.9152319558 
-0.2503 0.04290420397 -0.6437747179 1.623808384 -0.8513617127 -2.053404016 0.9209684474 
-0.2503 0.04346693721 -0.6506753907 1.61706843 -0.8570288829 -2.051272721 0.9265715654 
-0.2503 0.04398665407 -0.657493819 1.610345162 -0.8626963084 -2.049091986 0.9321417398 
-0.2503 0.04446014014 -0.6642135949 1.603687164 -0.8683244744 -2.04686438 0.9376585121 
-0.2503 0.04485280715 -0.6713827837 1.596477467 -0.8745184024 -2.04438343 0.9436152517 
-0.2503 0.04522298041 -0.6779345777 1.589813409 -0.8802093115 -2.042033554 0.9490839785 
-0.2503 0.04553787364 -0.6843949271 1.583171768 -0.8859159101 -2.039622758 0.9545198855 
-0.2503 0.0453557002 -0.690271732 1.576642648 -0.8919763305 -2.036609282 0.9597951126 
-0.2503 0.04598818312 -0.6970301887 1.56996141 -0.8973932241 -2.034605835 0.9652938051 
-0.2503 0.04548806757 -0.7026653103 1.563620379 -0.9036264985 -2.031414408 0.9704382845 
-0.2503 0.04584215273 -0.7092441061 1.557054524 -0.9091652965 -2.029253899 0.9758923976 
-0.2503 0.0456678668 -0.7151956942 1.55061593 -0.9151232614 -2.026460936 0.9812938239 
-0.2503 0.04535722219 -0.7214725865 1.543746195 -0.9216012442 -2.023356459 0.9869756071 
-0.2503 0.04502815544 -0.7271811678 1.537377259 -0.9276410404 -2.020391782 0.9922115148 
-0.2503 0.04461699608 -0.7327682721 1.531038075 -0.9337344809 -2.017337375 0.9974167059 
-0.2503 0.04411895487 -0.738229292 1.524730248 -0.9398873845 -2.014188951 1.0025918 
-0.2503 0.04352904563 -0.743559338 1.518455404 -0.9461058089 -2.010942054 1.007737508 
-0.2503 0.04271306386 -0.748647453 1.512130775 -0.9524490529 -2.007406485 1.012951268 
-0.2503 0.04205265485 -0.7538054716 1.506011277 -0.9587646907 -2.004134162 1.017944095 
-0.2503 0.04090456193 -0.7585990248 1.499832531 -0.9653507642 -2.00037137 1.023202164 
-0.2503 0.03977108649 -0.763787673 1.49339002 -0.9724532065 -1.996532699 1.028482782 
-0.2503 0.03851211074 -0.7683501861 1.487363568 -0.9791823012 -1.992688312 1.03351607 
-0.2503 0.03713305456 -0.772744055 1.481376773 -0.9860163293 -1.988715228 1.038457776 
-0.2503 0.0356309515 -0.7769609499 1.475460847 -0.9929289602 -1.984614549 1.043512188 
-0.2503 0.03398215587 -0.7810073029 1.469462479 -1.000093851 -1.980348481 1.048604533 
-0.2503 0.03220993782 -0.7848479945 1.463668624 -1.007222539 -1.975968249 1.053432322 
-0.2503 0.03011296782 -0.78833834 1.457710753 -1.014623729 -1.971178395 1.058548514 
-0.2503 0.02773254993 -0.7914081536 1.452196904 -1.022451155 -1.966183053 1.063225022 
-0.2503 0.02577204703 -0.7954059121 1.44595553 -1.030263383 -1.961469688 1.068576596 
-0.2503 0.02316449746 -0.7982930401 1.440279732 -1.038177987 -1.956269734 1.073575214 
-0.2503 0.02041203883 -0.8009676204 1.434671858 -1.046249873 -1.95092724 1.07854964 
-0.2503 0.0177128708 -0.8036128463 1.429281981 -1.054380299 -1.945725729 1.083321167 
-0.2503 0.0146684715 -0.8058587701 1.423836245 -1.062780174 -1.940108811 1.088233661 
-0.2503 0.01143178056 -0.807844343 1.418451544 -1.071376169 -1.934296997 1.093151439 
-0.2503 0.007994775542 -0.8095601059 1.413131052 -1.08017774 -1.928284174 1.098078863 
-0.2503 0.004155959405 -0.810809598 1.40773503 -1.089300786 -1.92179307 1.103201692 
-0.2503 5.988486395e-05 -0.8120896504 1.402193346 -1.099219755 -1.914939323 1.108490928 
-0.2503 -0.003980133056 -0.8129755887 1.397129494 -1.108685715 -1.908357428 1.11342453 
-0.2503 -0.008236305794 -0.813569382 1.392167891 -1.118370465 -1.901573845 1.118366837 
-0.2503 -0.01285810052 -0.8137418868 1.387219381 -1.128387995 -1.894417317 1.123451503 
-0.2503 -0.01770336215 -0.8136012591 1.38235941 -1.138651287 -1.887045115 1.128567596 
-0.2503 -0.02278064292 -0.813137695 1.377590855 -1.149169079 -1.87945078 1.133723374 
-0.2503 -0.02809807615 -0.8123418148 1.372916708 -1.159949701 -1.871628505 1.13892751 
-0.2503 -0.03366329862 -0.8112047597 1.368340075 -1.171001 -1.863573217 1.144189077 
-0.2503 -0.03988761935 -0.8096182109 1.363525885 -1.183177426 -1.854666392 1.149900678 
-0.2503 -0.04598555707 -0.8077492652 1.359162365 -1.194810763 -1.846116616 1.155309515 
-0.2503 -0.05235061067 -0.8055163496 1.354906594 -1.206734892 -1.837323804 1.16080563 
-0.2503 -0.05900989696 -0.8028892497 1.350699275 -1.219048874 -1.828262419 1.166445044 
-0.2503 -0.06590060864 -0.7999365214 1.346732216 -1.231475138 -1.819004967 1.17210139 
-0.2503 -0.07290919734 -0.7967392844 1.342914505 -1.244176903 -1.80966881 1.177746984 
-0.2503 -0.08040147031 -0.7929169681 1.339009628 -1.257315986 -1.799783169 1.18379508 
-0.2503 -0.08803478107 -0.7888585792 1.335338924 -1.270669353 -1.789837276 1.189818832 
-0.2503 -0.09648631702 -0.7840963864 1.331517003 -1.28533565 -1.778896325 1.196433201 
-0.2503 -0.1046440784 -0.7792848321 1.328129792 -1.299285612 -1.768509519 1.202731652 
-0.2503 -0.1130527431 -0.7741148942 1.324887526 -1.313521372 -1.757921267 1.209174919 
-0.2503 -0.1217096311 -0.7685909352 1.321795381 -1.328040467 -1.747139881 1.215770608 
-0.2503 -0.1306114664 -0.7627182605 1.318858452 -1.342839741 -1.736174438 1.222526118 
-0.2503 -0.1396256106 -0.7566704232 1.3162313 -1.357820062 -1.725222657 1.229237872 
-0.2503 -0.1491341617 -0.7499524283 1.313470081 -1.373263015 -1.713731202 1.236544954 
-0.2503 -0.1586413266 -0.7431056828 1.310992192 -1.388806212 -1.702294382 1.243783347 
-0.2503 -0.1690960903 -0.7353868812 1.308506222 -1.405812412 -1.689825674 1.251771624 
-0.2503 -0.1789946985 -0.7279097082 1.306370539 -1.42184315 -1.678119144 1.259372342 
-0.2503 -0.1890666691 -0.7201454416 1.304404064 -1.438095225 -1.666301498 1.267152381 
-0.2503 0.5650580311 -1.724978392 1.399247252 -0.3453465945 -2.457232953 1.488527254 
-0.2503 0.5596691631 -1.725914818 1.391810094 -0.3603471673 -2.448737337 1.483421378 
-0.2503 0.5546189726 -1.727228064 1.384734681 -0.3744614338 -2.440595798 1.478944282 
-0.2503 0.5498894893 -1.728904251 1.377995474 -0.3877528733 -2.432790965 1.475039123 
-0.2503 0.5454640599 -1.73092979 1.3715698 -0.4002786332 -2.425306435 1.471655186 
-0.2503 0.5410204826 -1.733486604 1.364977351 -0.4129708058 -2.417586576 1.468541881 
-0.2503 0.5372159072 -1.736303253 1.358996305 -0.4238337215 -2.410628066 1.4663333 
-0.2503 0.5336928191 -1.739194741 1.353531339 -0.434468113 -2.40406632 1.464031357 
-0.2503 0.5304091667 -1.742543368 1.348212893 -0.444300037 -2.397730303 1.462352861 
-0.2503 0.5273611424 -1.746205419 1.343145667 -0.453571807 -2.391660021 1.461017141 
-0.2503 0.5244334668 -1.749977301 1.338192133 -0.462494373 -2.385774053 1.459943617 
-0.2503 0.5217591806 -1.754116888 1.333518045 -0.4708490783 -2.380159491 1.459184209 
-0.2503 0.5192721478 -1.75851095 1.329046407 -0.4787599222 -2.374768346 1.458687428 
-0.2503 0.5168461395 -1.763506056 1.324432905 -0.4867720506 -2.369168584 1.458411019 
-0.2503 0.5146925364 -1.76848988 1.320229016 -0.4936974145 -2.364149105 1.458600305 
-0.2503 0.5127446664 -1.773507898 1.316452548 -0.5005459807 -2.359442737 1.458587751 
-0.2503 0.5115875761 -1.77967356 1.313184212 -0.5057081747 -2.355373425 1.459566861 
-0.2503 0.5094847753 -1.784397194 1.308983048 -0.5126092968 -2.350246135 1.459641372 
-0.2503 0.50807579 -1.790123577 1.305506979 -0.5181807248 -2.345905079 1.460385709 
-0.2503 0.5068047188 -1.796027923 1.302196714 -0.5234666744 -2.341725638 1.461260445 
-0.2503 0.5057125415 -1.80199214 1.299235488 -0.5286523694 -2.33779335 1.46198871 
-0.2503 0.504651206 -1.808789273 1.295877759 -0.5335988094 -2.333526658 1.463363406 
-0.2503 0.5037662376 -1.815198694 1.293051091 -0.5380926043 -2.3298015 1.464581916 
-0.2503 0.5029406654 -1.821655993 1.290306104 -0.5424394998 -2.326179054 1.46597627 
-0.2503 0.5023045108 -1.828416694 1.28781078 -0.5464381357 -2.322735649 1.467347484 
-0.2503 0.5017643794 -1.83530472 1.285450804 -0.5502387195 -2.319412072 1.468780365 
-0.2503 0.5015917027 -1.842635115 1.283332964 -0.5533277313 -2.316375619 1.470676881 
-0.2503 0.5014535216 -1.850005559 1.281283266 -0.5563365647 -2.313369411 1.472452627 
-0.2503 0.5008639409 -1.856698138 1.278795777 -0.5601676112 -2.309786469 1.473961215 
-0.2503 0.5008234307 -1.864610158 1.276739998 -0.5633200521 -2.306547175 1.475959531 
-0.2503 0.5007508764 -1.872022505 1.274843298 -0.5661402555 -2.30360971 1.477910422 
-0.2503 0.5008394995 -1.879705648 1.273171579 -0.5686745733 -2.300803024 1.479833042 
-0.2503 0.5009854865 -1.887459881 1.271591411 -0.5710802482 -2.298067115 1.482000059 
-0.2503 0.5011885337 -1.89528299 1.270105648 -0.5733617568 -2.29540212 1.484098748 
-0.2503 0.5016897849 -1.903541893 1.268977422 -0.575072482 -2.293115218 1.486413243 
-0.2503 0.5017523659 -1.91112166 1.267406884 -0.5775750973 -2.290269493 1.488389915 
-0.2503 0.5022724595 -1.919279816 1.266313719 -0.5793127596 -2.287861812 1.490669712 
-0.2503 0.50319386 -1.92843119 1.265543362 -0.5806615594 -2.28559174 1.493315138 
-0.2503 0.5038139705 -1.936737886 1.264640644 -0.5821974017 -2.283249578 1.495584937 
-0.2503 0.5044104513 -1.944973639 1.263731838 -0.5837374581 -2.280905684 1.497946089 
-0.2503 0.5050678964 -1.953308359 1.262932791 -0.5851625479 -2.278597978 1.500345114 
-0.2503 0.5057567876 -1.96168292 1.262204225 -0.5865158919 -2.276312024 1.502771936 
-0.2503 0.5064760533 -1.970095477 1.261545386 -0.5878000292 -2.274046353 1.505225688 
-0.2503 0.5072246788 -1.978544245 1.260955538 -0.5890173899 -2.271799552 1.507705575 
-0.2503 0.5079834554 -1.987030079 1.260361365 -0.5902379545 -2.269551843 1.510209657 
-0.2503 0.5091681473 -1.996463465 1.260263239 -0.5909756908 -2.267440451 1.512978449 
-0.2503 0.5102532247 -2.005188856 1.260171769 -0.5917489 -2.265449161 1.515507188 
-0.2503 0.5113732574 -2.013960761 1.260156745 -0.5924444152 -2.263481363 1.518072611 
-0.2503 0.5125271127 -2.022777086 1.260217224 -0.5930650553 -2.261535445 1.520674031 
-0.2503 0.5137137156 -2.031635807 1.260352281 -0.5936135342 -2.259609855 1.523310824 
-0.2503 0.5149320454 -2.040534964 1.260561004 -0.5940924674 -2.257703094 1.525982426 
-0.2503 0.5161811332 -2.049472661 1.260842496 -0.5945043776 -2.255813718 1.528688329 
-0.2503 0.5174600591 -2.058447062 1.26119587 -0.5948517005 -2.25394033 1.531428076 
-0.2503 0.5191256596 -2.068344353 1.26193531 -0.5948767393 -2.252134508 1.534426042 
-0.2503 0.5205028209 -2.077466698 1.262493599 -0.5950545866 -2.250296407 1.537244819 
-0.2503 0.52182414 -2.086452494 1.263001192 -0.5952758237 -2.24844799 1.540068543 
-0.2503 0.5233283892 -2.095463255 1.263810388 -0.5954513936 -2.246653061 1.542733687 
-0.2503 0.5248651425 -2.104516545 1.264694881 -0.5955566509 -2.244876783 1.545442822 
-0.2503 0.5264334699 -2.11361045 1.265653603 -0.5955941865 -2.243117703 1.548195606 
-0.2503 0.5280324854 -2.122743113 1.266685493 -0.5955665144 -2.241374409 1.550991735 
-0.2503 0.529565459 -2.131974137 1.267541847 -0.5953938769 -2.239529203 1.554058918 
-0.2503 0.5315993426 -2.142158755 1.269058183 -0.5949253674 -2.237805606 1.557249035 
-0.2503 0.5332484371 -2.15127381 1.270272669 -0.5947949072 -2.236109303 1.560111481 
-0.2503 0.5350731072 -2.160469129 1.271875938 -0.5946259395 -2.234544739 1.562818065 
-0.2503 0.5368518291 -2.169841423 1.273317859 -0.5942707878 -2.232861588 1.565840782 
-0.2503 0.5385798452 -2.17908942 1.274713808 -0.5939449266 -2.231176103 1.568877562 
-0.2503 0.5404408419 -2.188187953 1.276363173 -0.5937543824 -2.22943368 1.571635039 
-0.2503 0.5423312286 -2.197323662 1.278083448 -0.593502859 -2.227704863 1.574444213 
-0.2503 0.5441355472 -2.206565374 1.279583017 -0.5931055627 -2.225856572 1.577559945 
-0.2503 0.5463400156 -2.216545183 1.28161386 -0.5925293856 -2.224070661 1.580790868 
-0.2503 0.5483584661 -2.225872663 1.283605598 -0.5920665701 -2.222371346 1.583776161 
-0.2503 0.5503987548 -2.235189333 1.285669316 -0.5915786455 -2.220692599 1.586779409 
-0.2503 0.5524610887 -2.244494977 1.28780514 -0.5910661653 -2.21903401 1.589800589 
-0.2503 0.554545679 -2.253789389 1.290013184 -0.5905296829 -2.217395163 1.592839708 
-0.2503 0.556714154 -2.263034909 1.292447172 -0.5900131283 -2.215843447 1.595766162 
-0.2503 0.5587824896 -2.272343729 1.294646316 -0.5893869258 -2.214174989 1.598971901 
-0.2503 0.5609493813 -2.281357849 1.297047652 -0.5890257167 -2.212354934 1.601804877 
-0.2503 0.5633489848 -2.291267581 1.299546161 -0.5883381572 -2.210337106 1.605206861 
-0.2503 0.565548144 -2.300377561 1.302018769 -0.5878520939 -2.208499731 1.60822199 
-0.2503 0.5679977406 -2.309882628 1.304907855 -0.5869355176 -2.207039101 1.611488396 
-0.2503 0.5702847717 -2.319049496 1.307591641 -0.586353809 -2.205276603 1.614576687 
-0.2503 0.5725908478 -2.328198468 1.310341418 -0.5857750662 -2.203503742 1.617672892 
-0.2503 0.5749160835 -2.337328318 1.313156295 -0.5852003864 -2.201719415 1.620776776 
-0.2503 0.5771832798 -2.346061831 1.31600508 -0.5850009358 -2.199749207 1.623510968 
-0.2503 0.5795622846 -2.3552975 1.318950066 -0.5842358989 -2.197979243 1.626817022 
-0.2503 0.5822885217 -2.365297514 1.322244741 -0.583389147 -2.196108236 1.630393105 
-0.2503 0.5847866638 -2.374112968 1.325365786 -0.5829668005 -2.194122819 1.633298469 
-0.2503 0.5873653524 -2.383377797 1.328522846 -0.5821010024 -2.192310348 1.636721107 
-0.2503 0.5899269617 -2.39237901 1.331751092 -0.5814783111 -2.190387694 1.639895359 
-0.2503 0.5925043632 -2.401352898 1.335037566 -0.5808709669 -2.188447837 1.643076104 
-0.2503 0.5950978283 -2.410298468 1.338381354 -0.5802797392 -2.186489741 1.646263097 
-0.2503 0.5977076471 -2.419214762 1.341781555 -0.5797053587 -2.184512379 1.649456108 
-0.2503 0.6003341282 -2.42810085 1.345237279 -0.579148518 -2.18251473 1.652654913 
-0.2503 0.6033110713 -2.43770828 1.349097829 -0.5784778446 -2.180291397 1.656147247 
-0.2503 0.6059518277 -2.446272028 1.352698465 -0.5781780381 -2.178172029 1.659081323 
-0.2503 0.6086196602 -2.455253675 1.35624021 -0.5774759643 -2.176192098 1.662556908 
-0.2503 0.6114303929 -2.463756772 1.359970443 -0.5771193005 -2.17393346 1.665533587 
-0.2503 0.6143138578 -2.47275569 1.36372934 -0.5763202146 -2.171873467 1.669080379 
-0.2503 0.6171803682 -2.481453206 1.367547727 -0.5757821639 -2.169678145 1.672348937 
-0.2503 0.6200603781 -2.490114052 1.371414137 -0.5752712333 -2.167457513 1.67562169 
-0.2503 0.6229543275 -2.498737505 1.375327692 -0.5747878073 -2.165210598 1.678898388 
-0.2503 0.6259646724 -2.507988497 1.379564687 -0.5743979167 -2.16280932 1.682397689 
-0.2503 0.6289407374 -2.51656436 1.383606332 -0.5739416005 -2.160482861 1.685700569 
-0.2503 0.6320769678 -2.525093733 1.387728369 -0.5733982291 -2.158068466 1.689048634 
-0.2503 0.635013071 -2.533269773 1.391855167 -0.573253349 -2.155606489 1.692033684 
-0.2503 0.6379742 -2.541926245 1.395925088 -0.5726981135 -2.153323555 1.695616669 
-0.2503 0.6411326728 -2.550027678 1.400256639 -0.5724303404 -2.150701225 1.69865566 
-0.2503 0.644310834 -2.558682116 1.404446146 -0.5718569527 -2.148294411 1.702323475 
-0.2503 0.6474959574 -2.566995483 1.408764796 -0.571490397 -2.145732524 1.705679643 
-0.2503 0.6507409063 -2.575879962 1.413390374 -0.571280468 -2.143019879 1.709228624 
-0.2503 0.6539367276 -2.584075109 1.417767277 -0.5709877628 -2.140398319 1.71257806 
-0.2503 0.6572116067 -2.59230333 1.422241792 -0.5707145227 -2.137706146 1.715960917 
-0.2503 0.6605057649 -2.600465928 1.426741709 -0.5704658564 -2.134977628 1.719344041 
-0.2503 0.6639883573 -2.608578912 1.431323962 -0.5701220647 -2.132140505 1.722787484 
-0.2503 0.66725527 -2.616295141 1.435948022 -0.5701468656 -2.129248859 1.725812446 
-0.2503 0.6705065342 -2.624558622 1.440390191 -0.5698632376 -2.126571651 1.7294931 
-0.2503 0.6740006963 -2.632208149 1.445119208 -0.5698220111 -2.123483981 1.732606927 
-0.2503 0.6776371644 -2.641029521 1.450095712 -0.5695545301 -2.120491204 1.73656529 
-0.2503 0.6811293441 -2.648887328 1.454845053 -0.5694316776 -2.117487787 1.739978921 
-0.2503 0.6846530691 -2.656697489 1.459620578 -0.5693405353 -2.114434782 1.743399944 
-0.2503 0.6881797653 -2.664474387 1.46431652 -0.5693559204 -2.111331443 1.746844153 
-0.2503 0.6917672721 -2.672193298 1.469135337 -0.5693356755 -2.108175577 1.750282881 
-0.2503 0.6953906353 -2.679864053 1.473987018 -0.5693424434 -2.104966862 1.753728369 
-0.2503 0.6991863452 -2.687498386 1.478915703 -0.5692882117 -2.101642811 1.757235327 
-0.2503 0.7027559786 -2.694797596 1.483769193 -0.5695771774 -2.098225296 1.760400249 
-0.2503 0.70676836 -2.703160113 1.489112287 -0.5695357135 -2.094752592 1.764371479 
-0.2503 0.7107515691 -2.710579997 1.494346421 -0.5695992625 -2.091330139 1.767757263 
-0.2503 0.7143666219 -2.718045273 1.499139072 -0.5697728787 -2.08782543 1.771315573 
-0.2503 0.7182216796 -2.725412833 1.504189716 -0.5699374362 -2.084274424 1.774797733 
-0.2503 0.7221150166 -2.732729729 1.509265534 -0.5701318701 -2.080663844 1.778286336 
-0.2503 0.726047394 -2.739995479 1.514366756 -0.5703556054 -2.076992687 1.781781155 
-0.2503 0.7299858712 -2.747223289 1.519384247 -0.5706824402 -2.0732671 1.785299637 
-0.2503 0.7339930562 -2.754387589 1.524519648 -0.5709746338 -2.069473475 1.788809245 
-0.2503 0.7383885292 -2.762113911 1.530076901 -0.5713677412 -2.065275575 1.79262921 
-0.2503 0.7426923171 -2.769092471 1.535514532 -0.5716620386 -2.061369225 1.796059272 
-0.2503 0.7465792462 -2.776102547 1.540464819 -0.5720573946 -2.057399064 1.79964541 
-0.2503 0.750978103 -2.783007899 1.545917627 -0.572417123 -2.053330774 1.803124887 
-0.2503 0.7549739278 -2.789947058 1.550940468 -0.5729084438 -2.049214972 1.80671803 
-0.2503 0.7592374932 -2.796787841 1.556213393 -0.5733744494 -2.045020144 1.81026194 
-0.2503 0.7635463937 -2.803573671 1.561509984 -0.5738665684 -2.040755195 1.813810579 
-0.2503 0.7679015331 -2.810304068 1.566830407 -0.5743841535 -2.036418889 1.817363689 
-0.2503 0.7726683972 -2.817559522 1.572550412 -0.5750426637 -2.031625992 1.821235056 
-0.2503 0.7770638974 -2.824117405 1.577854177 -0.5756066804 -2.027192334 1.824775586 
-0.2503 0.7815174469 -2.830694303 1.583103097 -0.5762958632 -2.022648475 1.828368537 
-0.2503 0.7863454824 -2.837193215 1.588777727 -0.5768862675 -2.017951468 1.831911807 
-0.2503 0.7906689594 -2.843637591 1.593951628 -0.5775562497 -2.013293986 1.835512732 
-0.2503 0.7955375574 -2.849996267 1.599538077 -0.5782138587 -2.008473127 1.839086831 
-0.2503 0.7999660068 -2.856372471 1.604719911 -0.5790213044 -2.003649844 1.842703774 
-0.2503 0.8046924564 -2.862652039 1.610135771 -0.5797876848 -1.99870742 1.846304597 
-0.2503 0.8098375491 -2.869332652 1.616003889 -0.5806173593 -1.993302692 1.850175899 
-0.2503 0.8147130517 -2.875545461 1.621465632 -0.5814759956 -1.988138204 1.85381404 
-0.2503 0.8195596622 -2.881605573 1.626893431 -0.5823049513 -1.982985468 1.857411172 
-0.2503 0.8244920938 -2.887647337 1.632347811 -0.5831872011 -1.977708082 1.861033583 
-0.2503 0.8294766436 -2.893629819 1.637809591 -0.584097431 -1.972345657 1.864661299 
-0.2503 0.8347863974 -2.899573708 1.643431959 -0.5850655797 -1.966812467 1.868325916 
-0.2503 0.8396047579 -2.905415333 1.648752257 -0.586000919 -1.961360967 1.871932638 
-0.2503 0.8450073995 -2.911192585 1.654390461 -0.5869434422 -1.95566994 1.875604179 
-0.2503 0.8500484924 -2.916890472 1.659921972 -0.5880701676 -1.950110687 1.879085974 
-0.2503 0.8556111904 -2.923073098 1.665624696 -0.5891415094 -1.943765932 1.883160784 
-0.2503 0.860930192 -2.928689867 1.671116105 -0.5902191909 -1.937856819 1.886822637 
-0.2503 0.8663492459 -2.93428967 1.676625117 -0.5913608016 -1.931797775 1.890514454 
-0.2503 0.8717300962 -2.939725716 1.682100334 -0.5924440986 -1.925768998 1.894156897 
-0.2503 0.8772188618 -2.945150724 1.687594087 -0.5935962119 -1.919579428 1.897833036 
-0.2503 0.8828960629 -2.950431794 1.69336297 -0.5947914706 -1.913372505 1.901358921 
-0.2503 0.8887065038 -2.955826609 1.698785058 -0.5959548127 -1.906754126 1.905259893 
-0.2503 0.8940425551 -2.961041261 1.704070256 -0.5972012552 -1.900421081 1.908894134 
-0.2503 0.9002247118 -2.966661357 1.710001065 -0.5985409719 -1.893365552 1.912920493 
-0.2503 0.9060391883 -2.971875083 1.715525971 -0.599803421 -1.886752826 1.916712337 
-0.2503 0.9118704378 -2.976728594 1.720944075 -0.6011216339 -1.879824046 1.920290557 
-0.2503 0.9177928807 -2.98169118 1.72641897 -0.6024422846 -1.872917089 1.924005871 
-0.2503 0.9237795306 -2.986586168 1.731888102 -0.6037849765 -1.865903422 1.927726896 
-0.1503 0.9011268856 -2.841533029 1.664853624 -0.6683195654 -1.765408386 1.902038075 
-0.1503 0.9075480252 -2.846657482 1.670752778 -0.6684987379 -1.758922126 1.90595822 
-0.1503 0.9140220501 -2.851707394 1.676642845 -0.6687020995 -1.752330015 1.909885745 
-0.1503 0.9212712958 -2.857166272 1.683029728 -0.6688664574 -1.745059044 1.914308499 
-0.1503 0.9276395493 -2.861955835 1.688843443 -0.6691991636 -1.738295848 1.918066425 
-0.1503 0.9343106746 -2.866757151 1.694761562 -0.6695084226 -1.731425551 1.921977859 
-0.1503 0.9410327755 -2.87148578 1.700659836 -0.6698243971 -1.724429836 1.925904451 
-0.1503 0.9478536639 -2.876126658 1.706643311 -0.6700641598 -1.717273066 1.929808815 
-0.1503 0.9546342527 -2.880721634 1.712397444 -0.6704731058 -1.710056609 1.933799421 
-0.1503 0.9613683318 -2.885289409 1.717930282 -0.6708308981 -1.702582666 1.937913189 
-0.1503 0.9684526171 -2.889656417 1.724057324 -0.6711384607 -1.695165103 1.941743817 
-0.1503 0.9759742456 -2.894341875 1.730276165 -0.6715544759 -1.686967659 1.946044483 
-0.1503 0.9829820063 -2.898625371 1.735956156 -0.671973772 -1.679218356 1.950080241 
-0.1503 0.9900364727 -2.902833919 1.74159415 -0.6724128641 -1.671344475 1.954133773 
-0.1503 0.9971383062 -2.906966746 1.747190185 -0.6728711888 -1.663345365 1.958204416 
-0.1503 1.004371239 -2.910988075 1.75291031 -0.6733660358 -1.655304705 1.962210874 
-0.1503 1.011664498 -2.914929008 1.758611021 -0.673860294 -1.64712934 1.966226239 
-0.1503 1.019018968 -2.918788565 1.764292193 -0.6743529544 -1.63881788 1.970249683 
-0.1503 1.02643551 -2.922565741 1.76995369 -0.6748429923 -1.630368958 1.974280362 
-0.1503 1.034527032 -2.926527667 1.776096017 -0.6753315181 -1.621106866 1.978599751 
-0.1503 1.042046039 -2.93014073 1.781658258 -0.6758609764 -1.612393688 1.982666079 
-0.1503 1.049617991 -2.933672578 1.787178782 -0.6764033398 -1.603549992 1.98674642 
-0.1503 1.057243347 -2.93712237 1.792657478 -0.6769578527 -1.594575159 1.99084022 
-0.1503 1.064922549 -2.940489249 1.798094263 -0.6775237304 -1.585468597 1.994946913 
-0.1503 1.072656024 -2.943772341 1.803489076 -0.6781001594 -1.576229741 1.999065927 
-0.1503 1.080487808 -2.946955205 1.80892489 -0.6787042342 -1.56691291 2.003161336 
-0.1503 1.088387007 -2.950048578 1.814340752 -0.6792990623 -1.557453507 2.007259545 
-0.1503 1.096968814 -2.953236364 1.820238042 -0.6798173434 -1.547146918 2.011609225 
-0.1503 1.105069656 -2.956183255 1.825582894 -0.6804841228 -1.537288145 2.015765233 
-0.1503 1.113132816 -2.958989445 1.830898201 -0.6810494977 -1.527441404 2.019869085 
-0.1503 1.121278674 -2.961719866 1.836169135 -0.6816464523 -1.517420612 2.023998337 
-0.1503 1.129482503 -2.964360169 1.841398511 -0.6822462363 -1.507263727 2.028136394 
-0.1503 1.137744377 -2.966909474 1.846586053 -0.6828478315 -1.496970328 2.032282774 
-0.1503 1.146122746 -2.96939568 1.851719714 -0.6835196898 -1.486445539 2.03654852 
-0.1503 1.1544424 -2.971731528 1.856834633 -0.6840522294 -1.47597253 2.040598492 
-0.1503 1.145903794 -2.969342821 1.851596963 -0.6834912743 -1.486732579 2.036400137 
-0.1503 1.137551303 -2.966852265 1.846463648 -0.6828344848 -1.497208603 2.032188281 
-0.1503 1.129162695 -2.964261381 1.841192346 -0.6822241115 -1.507655402 2.027979454 
-0.1503 1.120897532 -2.96159716 1.835919642 -0.6816200108 -1.517884245 2.023810497 
-0.1503 1.112691192 -2.958841492 1.830604663 -0.6810188345 -1.527974884 2.019650549 
-0.1503 1.104543571 -2.955995266 1.825247721 -0.6804215903 -1.537927796 2.015500086 
-0.1503 1.096392058 -2.95303695 1.819806007 -0.6798250297 -1.547817427 2.011328749 
-0.1503 1.088361862 -2.950011586 1.814365799 -0.6792386063 -1.557495423 2.00719873 
-0.1503 1.080350494 -2.946913032 1.808810848 -0.6787231805 -1.567074331 2.003111586 
-0.1503 1.072475954 -2.943697891 1.803363166 -0.678087013 -1.57644392 1.998971558 
-0.1503 1.064589802 -2.940374633 1.797816309 -0.6775568847 -1.585849912 1.994818195 
-0.1503 1.056886219 -2.936966468 1.792397799 -0.6769330455 -1.594990108 1.990654385 
-0.1503 1.049204163 -2.933486283 1.78687335 -0.6763750283 -1.604026916 1.986530448 
-0.1503 1.041576318 -2.929922824 1.78130643 -0.6758293795 -1.612930588 1.982420218 
-0.1503 1.034002219 -2.926276949 1.775697164 -0.6752968695 -1.621701763 1.978324259 
-0.1503 1.026422679 -2.922521318 1.76999943 -0.6747746928 -1.630405692 1.974213367 
-0.1503 1.018955033 -2.918712501 1.76430564 -0.6742707635 -1.638912892 1.970147715 
-0.1503 1.011539656 -2.914823736 1.758570047 -0.6737821246 -1.647289674 1.966097954 
-0.1503 1.004176031 -2.910855803 1.752792888 -0.6733094399 -1.655536777 1.9620646 
-0.1503 0.9968065728 -2.906778855 1.746926943 -0.6728502382 -1.663715574 1.958018914 
-0.1503 0.9896514409 -2.902610852 1.741283534 -0.6723895469 -1.67176922 1.953918859 
-0.1503 0.9825444209 -2.898365988 1.735597594 -0.6719483934 -1.679695754 1.949836194 
-0.1503 0.9754848415 -2.894045051 1.729869099 -0.6715273523 -1.687495847 1.945771588 
-0.1503 0.9682655916 -2.889679136 1.723736949 -0.6711527457 -1.695132045 1.941846052 
-0.1503 0.9612917605 -2.885211413 1.717905985 -0.6707740983 -1.702674638 1.93782889 
-0.1503 0.9543760136 -2.880664477 1.712058981 -0.6704148197 -1.710100967 1.933819097 
-0.1503 0.9476530636 -2.875980828 1.706480862 -0.6700527867 -1.717499801 1.929678545 
-0.1503 0.9407669616 -2.871254694 1.700490516 -0.669738234 -1.724730466 1.925685928 
-0.1503 0.9339395546 -2.866502964 1.69441828 -0.6695181399 -1.731812665 1.921773888 
-0.1503 0.9272327057 -2.861656857 1.688482629 -0.6691830239 -1.738718396 1.917823591 
-0.1503 0.9208083521 -2.856841196 1.68262715 -0.6688532005 -1.745546898 1.914040625 
-0.1503 0.9140161076 -2.851875596 1.676666004 -0.668682925 -1.752529985 1.910004083 
-0.1503 0.9074488392 -2.846579208 1.670662088 -0.6684957967 -1.759022714 1.905897868 
-0.1503 0.9009793252 -2.841413896 1.664717388 -0.6683157208 -1.765556828 1.901947711 
-0.2503 0.9235943613 -2.986436567 1.731719915 -0.603743339 -1.866120832 1.927612331 
-0.2503 0.9175181294 -2.981463621 1.726166403 -0.6023808426 -1.87323821 1.923834284 
-0.2503 0.9115533444 -2.976459471 1.720649124 -0.6010511565 -1.880192957 1.920090678 
-0.2503 0.905689171 -2.971616922 1.715207497 -0.5997180107 -1.887206685 1.916524215 
-0.2503 0.9000271732 -2.96638639 1.709677646 -0.5983797335 -1.893755646 1.912822135 
-0.2503 0.8939987206 -2.961001262 1.70402803 -0.5971917322 -1.900471356 1.908865725 
-0.2503 0.8885328426 -2.955710413 1.698602917 -0.5959440276 -1.906942179 1.90519498 
-0.2503 0.8827630737 -2.950311443 1.693227092 -0.5947634502 -1.913516057 1.90127905 
-0.2503 0.8770490991 -2.944984748 1.68742505 -0.5935603871 -1.919771323 1.89771986 
-0.2503 0.871478183 -2.9394738 1.681846781 -0.5923915345 -1.926052339 1.893987377 
-0.2503 0.8660089386 -2.933940151 1.67631124 -0.5912574407 -1.932187834 1.890288673 
-0.2503 0.8605982069 -2.928342788 1.670776952 -0.5901495057 -1.93822706 1.886595426 
-0.2503 0.8552452648 -2.922682189 1.665244699 -0.5890680664 -1.944171303 1.882907615 
-0.2503 0.8499940171 -2.916850995 1.659840254 -0.5880976732 -1.950170256 1.879062501 
-0.2503 0.8449263889 -2.911106224 1.654288097 -0.5869431747 -1.955761458 1.875552966 
-0.2503 0.8394866706 -2.90528072 1.648625867 -0.5859783299 -1.961489716 1.871848637 
-0.2503 0.8345895868 -2.899341089 1.64326148 -0.5849873209 -1.967030812 1.868184552 
-0.2503 0.8292167848 -2.893366593 1.637479956 -0.5841063618 -1.972610383 1.864510355 
-0.2503 0.8242251796 -2.887323518 1.632053919 -0.5831389807 -1.977994404 1.860838416 
-0.2503 0.8192578152 -2.881231844 1.626558036 -0.5822515777 -1.983307479 1.857188449 
-0.2503 0.8143426674 -2.875080394 1.621070501 -0.5813928117 -1.988535461 1.853543877 
-0.2503 0.8094790734 -2.868869559 1.615592108 -0.5805628805 -1.993679533 1.849904708 
-0.2503 0.8045960962 -2.862565275 1.60998659 -0.579819507 -1.998794902 1.846262401 
-0.2503 0.7998424396 -2.856232974 1.604552079 -0.5790326122 -2.003769767 1.842629293 
-0.2503 0.7953961401 -2.849801639 1.599359601 -0.5782036257 -2.008623842 1.83897891 
-0.2503 0.7904918558 -2.84339054 1.593744468 -0.5775295899 -2.013476493 1.83537479 
-0.2503 0.7860606141 -2.836795262 1.588491137 -0.5768027652 -2.018239556 1.831691959 
-0.2503 0.7812598464 -2.830283981 1.582832134 -0.5762175297 -2.02292321 1.828137392 
-0.2503 0.7767330641 -2.823669821 1.577419359 -0.5756082199 -2.027513382 1.824540489 
-0.2503 0.7722556261 -2.816998071 1.572030197 -0.5750234233 -2.032027514 1.82094761 
-0.2503 0.7678004771 -2.810214596 1.566646438 -0.5744443599 -2.03649792 1.817327511 
-0.2503 0.7634189896 -2.803428819 1.561303778 -0.5739111267 -2.040863597 1.813743655 
-0.2503 0.7590840407 -2.796586923 1.555984415 -0.5734043468 -2.045157153 1.810164591 
-0.2503 0.754794718 -2.789689395 1.550688186 -0.5729246779 -2.049379834 1.806590571 
-0.2503 0.7507566474 -2.78263518 1.545630606 -0.5724015884 -2.053551895 1.802934767 
-0.2503 0.7463236687 -2.775673157 1.540143887 -0.5720330121 -2.057646618 1.799428169 
-0.2503 0.7423726846 -2.768562662 1.535136679 -0.5716146165 -2.061672661 1.795796138 
-0.2503 0.7380382016 -2.761500709 1.529670319 -0.5713016445 -2.065617115 1.792326248 
-0.2503 0.733934057 -2.754276564 1.524449979 -0.5709634563 -2.069531643 1.788753677 
-0.2503 0.729897045 -2.747056058 1.519276313 -0.5706690411 -2.073353231 1.785217084 
-0.2503 0.7259008351 -2.739782822 1.514127808 -0.5704039034 -2.077111477 1.781686581 
-0.2503 0.7219446372 -2.732457338 1.509004278 -0.5701686174 -2.080807439 1.778162398 
-0.2503 0.7180025193 -2.725021712 1.503881937 -0.5699518843 -2.084468899 1.774615565 
-0.2503 0.7141240954 -2.717592889 1.498807291 -0.5697786829 -2.088043008 1.771104877 
-0.2503 0.7104962396 -2.710063784 1.494000816 -0.5695948967 -2.091570082 1.76751521 
-0.2503 0.7064796452 -2.702583406 1.488730662 -0.5695276694 -2.09501437 1.76410468 
-0.2503 0.702789021 -2.694632366 1.483804487 -0.5695408811 -2.098249911 1.760295374 
-0.2503 0.6991641992 -2.6873193 1.478881894 -0.5692138265 -2.10169725 1.757163824 
-0.2503 0.6953027927 -2.67961895 1.473920804 -0.5692838556 -2.105064678 1.753610281 
-0.2503 0.6916563373 -2.671886079 1.469045735 -0.5692689324 -2.108296409 1.750136867 
-0.2503 0.6879876019 -2.664057395 1.464057994 -0.5693577709 -2.111499893 1.746659219 
-0.2503 0.6844103171 -2.656228237 1.459238082 -0.5694066179 -2.114624717 1.743201329 
-0.2503 0.6808959715 -2.648340023 1.454550046 -0.5694144173 -2.117697617 1.739737292 
-0.2503 0.6775755637 -2.640435815 1.449843671 -0.5694004466 -2.120636384 1.736368971 
-0.2503 0.6739634369 -2.632082213 1.445053437 -0.5698286577 -2.123527133 1.732548595 
-0.2503 0.670428222 -2.624374465 1.440283593 -0.5698670424 -2.126638051 1.729414686 
-0.2503 0.6671202968 -2.616013216 1.43577643 -0.5701507743 -2.129352567 1.725698407 
-0.2503 0.6638134289 -2.608213494 1.431106384 -0.5701397915 -2.13227481 1.722633741 
-0.2503 0.6602982289 -2.599980268 1.426464424 -0.5704793732 -2.135143951 1.719145395 
-0.2503 0.6569974832 -2.591779346 1.421951601 -0.5707311988 -2.137880164 1.715746099 
-0.2503 0.6537298739 -2.583534313 1.417481147 -0.5710062491 -2.140572056 1.712354483 
-0.2503 0.650495132 -2.575245722 1.413053968 -0.5713039829 -2.143220545 1.708970629 
-0.2503 0.6472686806 -2.566850378 1.408637684 -0.5716263599 -2.14584628 1.705568879 
-0.2503 0.6442531088 -2.558491304 1.404352226 -0.5718542948 -2.148346676 1.702251199 
-0.2503 0.641047941 -2.549766929 1.400137036 -0.5724395349 -2.150777172 1.698547752 
-0.2503 0.637856252 -2.5416027 1.395763951 -0.5727130857 -2.153417636 1.695488923 
-0.2503 0.6348400887 -2.532842434 1.391624986 -0.5732805315 -2.155728184 1.691872151 
-0.2503 0.631837469 -2.524514022 1.387428018 -0.5734487321 -2.158238836 1.688821193 
-0.2503 0.6288689476 -2.51594117 1.383343999 -0.5738555533 -2.160591681 1.685506226 
-0.2503 0.6257264244 -2.507309039 1.379242192 -0.5744366583 -2.16299148 1.682138473 
-0.2503 0.622777621 -2.498655598 1.375246254 -0.574910434 -2.165290151 1.678828287 
-0.2503 0.6200247896 -2.489917773 1.371334606 -0.5752586596 -2.167496594 1.675555028 
-0.2503 0.6171073308 -2.481168352 1.367427866 -0.5757823857 -2.169742358 1.672246964 
-0.2503 0.6142131048 -2.472401956 1.363579863 -0.5763303115 -2.171956129 1.668951613 
-0.2503 0.6113064871 -2.463331886 1.359802146 -0.5771412633 -2.174038481 1.6653715 
-0.2503 0.6084646421 -2.454760685 1.356034166 -0.577506646 -2.176310384 1.662375165 
-0.2503 0.6057070555 -2.445597237 1.352379964 -0.5782402682 -2.17832319 1.658845883 
-0.2503 0.6030405574 -2.436942551 1.348761427 -0.5785558606 -2.180473186 1.655869437 
-0.2503 0.6003704256 -2.428018597 1.34522219 -0.5791036743 -2.182510117 1.652638463 
-0.2503 0.5977176787 -2.419063076 1.341738519 -0.5796699008 -2.184525364 1.649413262 
-0.2503 0.5950528272 -2.410007263 1.338282553 -0.5802657654 -2.186538688 1.646167344 
-0.2503 0.5924341155 -2.400991197 1.334913232 -0.5808668145 -2.188513487 1.642954471 
-0.2503 0.5898318679 -2.391946435 1.331602228 -0.5814841072 -2.190469736 1.639748056 
-0.2503 0.5870671504 -2.382540857 1.328068787 -0.5824320874 -2.192119901 1.636349326 
-0.2503 0.5846197757 -2.373467703 1.3251552 -0.5830046511 -2.194260803 1.633068945 
-0.2503 0.5820932955 -2.364579681 1.322002372 -0.5834374429 -2.196255666 1.63014402 
-0.2503 0.579659648 -2.355244589 1.319010734 -0.5842064911 -2.198040325 1.626760322 
-0.2503 0.5771243265 -2.346007759 1.315767652 -0.584861526 -2.199695026 1.623684487 
-0.2503 0.5748687259 -2.337029635 1.313070597 -0.5851943831 -2.20176697 1.620679749 
-0.2503 0.5725098933 -2.327827172 1.310231776 -0.5857873342 -2.203570989 1.617549053 
-0.2503 0.5701708496 -2.318605397 1.307459323 -0.5863841667 -2.205363282 1.614426413 
-0.2503 0.5678514964 -2.30936557 1.304754157 -0.5869837334 -2.207144972 1.61131207 
-0.2503 0.5655254086 -2.30003741 1.30209498 -0.5875969245 -2.20893416 1.608181111 
-0.2503 0.5630859982 -2.29048315 1.299290512 -0.5884832593 -2.21045504 1.604927111 
-0.2503 0.5609602332 -2.281280593 1.297060112 -0.589005014 -2.212389236 1.601771653 
-0.2503 0.5587442283 -2.272180454 1.294604568 -0.5893966199 -2.214205323 1.598918126 
-0.2503 0.5565786912 -2.262651629 1.292287339 -0.590084193 -2.215883734 1.595656552 
-0.2503 0.5544728238 -2.25322583 1.290071281 -0.5907105609 -2.217561532 1.592466775 
-0.2503 0.5522606115 -2.243906235 1.287588742 -0.5911968601 -2.219096902 1.589611725 
-0.2503 0.5501861678 -2.234545651 1.285451773 -0.5917157561 -2.220762395 1.586568175 
-0.2503 0.5481505109 -2.22520623 1.283412196 -0.5921942681 -2.222448771 1.58354893 
-0.2503 0.5461229759 -2.215805575 1.281444253 -0.5926539433 -2.224163374 1.580523794 
-0.2503 0.5441659364 -2.206512844 1.279601901 -0.5930458861 -2.225894631 1.577553198 
-0.2503 0.5423472111 -2.197185567 1.278108721 -0.5934669621 -2.22776416 1.574386661 
-0.2503 0.5404803705 -2.188074128 1.276436715 -0.5936798416 -2.229503558 1.571576403 
-0.2503 0.5385047966 -2.178712171 1.274649345 -0.5939582119 -2.231244565 1.568758286 
-0.2503 0.5367088528 -2.169306764 1.273169836 -0.5943412142 -2.232927083 1.565686346 
-0.2503 0.5349391448 -2.159929391 1.271757976 -0.5946731497 -2.234617036 1.562656606 
-0.2503 0.5330946176 -2.150645827 1.270153593 -0.5948674987 -2.236193937 1.559906676 
-0.2503 0.5313341049 -2.141250704 1.268819626 -0.5951043857 -2.237887639 1.556965485 
-0.2503 0.5296428887 -2.131969812 1.267605485 -0.5952650634 -2.239600737 1.554075586 
-0.2503 0.5279900602 -2.122717592 1.266487195 -0.5953736197 -2.241337581 1.551206424 
-0.2503 0.5263761332 -2.113495845 1.265465274 -0.5954278242 -2.243099397 1.5483583 
-0.2503 0.5248401162 -2.104170568 1.264700273 -0.5955170777 -2.244975508 1.545328385 
-0.2503 0.5232745027 -2.095035076 1.263792242 -0.5954285819 -2.246752473 1.542598399 
-0.2503 0.5217414552 -2.085941577 1.262960366 -0.595270033 -2.248547545 1.539912309 
-0.2503 0.5203531161 -2.076791191 1.262374679 -0.5951129004 -2.250387087 1.53705382 
-0.2503 0.5189564237 -2.067583024 1.261827593 -0.5949242438 -2.252232893 1.534205519 
-0.2503 0.5176236563 -2.058495959 1.26138335 -0.5946501486 -2.254096455 1.531412553 
-0.2503 0.5163199254 -2.049443361 1.261010955 -0.5943139935 -2.255974183 1.528652938 
-0.2503 0.5150461085 -2.040427035 1.260711298 -0.5939134015 -2.25786744 1.525927077 
-0.2503 0.5137671587 -2.031358396 1.260455352 -0.5934732111 -2.2597708 1.523212336 
-0.2503 0.5125559411 -2.022419864 1.260304274 -0.592936586 -2.261699026 1.520555235 
-0.2503 0.5113775634 -2.01352338 1.260228667 -0.5923278664 -2.263647175 1.517933404 
-0.2503 0.5102964541 -2.004799312 1.260318363 -0.591560016 -2.265640071 1.515367761 
-0.2503 0.5090875335 -1.995772857 1.26027932 -0.590911583 -2.267601259 1.512774337 
-0.2503 0.5082265461 -1.987150542 1.260682272 -0.5898697189 -2.269790616 1.510304655 
-0.2503 0.5073938434 -1.978559922 1.261155833 -0.5887668759 -2.271996438 1.507691616 
-0.2503 0.5065884346 -1.970001945 1.261697079 -0.5876014766 -2.274217557 1.505186563 
-0.2503 0.5057755199 -1.961385253 1.26228126 -0.5864005964 -2.276446442 1.502682085 
-0.2503 0.5050287776 -1.952897957 1.262962854 -0.5851029087 -2.278703557 1.500227817 
-0.2503 0.5043129384 -1.94444891 1.263715527 -0.5837352291 -2.280981004 1.497800249 
-0.2503 0.5036291132 -1.93604003 1.264540049 -0.5822949287 -2.283280307 1.495400287 
-0.2503 0.5029419175 -1.927578747 1.265412205 -0.5808098607 -2.285592037 1.493003535 
-0.2503 0.5023249696 -1.919255655 1.266381988 -0.5792164716 -2.287938678 1.490748883 
-0.2503 0.5017451644 -1.910979559 1.267428587 -0.5775411892 -2.290313986 1.488350498 
-0.2503 0.5016932214 -1.903390816 1.269035569 -0.5749995914 -2.2931753 1.486374564 
-0.2503 0.5015125851 -1.895498169 1.270526756 -0.5726025506 -2.295984203 1.48423719 
-0.2503 0.5009275904 -1.887057326 1.271619451 -0.5709980743 -2.298188794 1.481826248 
-0.2503 0.5008004067 -1.879297703 1.273242105 -0.568531544 -2.300960697 1.479759832 
-0.2503 0.5007497322 -1.871643228 1.274981604 -0.5659079725 -2.303815879 1.477751811 
-0.2503 0.5007793893 -1.864098776 1.276840269 -0.5631195448 -2.306758592 1.475805942 
-0.2503 0.5008862043 -1.856616674 1.278830054 -0.5601352376 -2.309816707 1.47392141 
-0.2503 0.5015224636 -1.849947594 1.28138259 -0.5561835502 -2.31348792 1.472446573 
-0.2503 0.5016339916 -1.842491644 1.283421877 -0.5531909002 -2.316490416 1.470635539 
-0.2503 0.5017799178 -1.835075527 1.285529825 -0.5501181088 -2.319522632 1.468727954 
-0.2503 0.5028306235 -1.828883341 1.288462348 -0.5453174571 -2.32347894 1.467686188 
-0.2503 0.5030832602 -1.821529438 1.290595422 -0.5420154373 -2.326452085 1.46586602 
-0.2503 0.5038649656 -1.814933121 1.293299802 -0.5377013278 -2.330078802 1.464556078 
-0.2503 0.5047556719 -1.808478542 1.296148425 -0.5331617744 -2.33383926 1.463340904 
-0.2503 0.5057082353 -1.802024131 1.299096834 -0.5284336176 -2.337737036 1.46220728 
-0.2503 0.5068530194 -1.79590727 1.302268231 -0.5233759332 -2.341794882 1.46121263 
-0.2503 0.5081952235 -1.790086742 1.305682407 -0.5179386745 -2.346050021 1.460367323 
-0.2503 0.5095829585 -1.784264295 1.309147631 -0.5123656497 -2.350409782 1.459615291 
-0.2503 0.511668572 -1.77938477 1.31335103 -0.505409434 -2.355609393 1.4595397 
-0.2503 0.5128467233 -1.773215828 1.316668171 -0.5001825069 -2.359708105 1.458572888 
-0.2503 0.5147458706 -1.768045218 1.320396859 -0.4933728847 -2.364417082 1.458572809 
-0.2503 0.5169937296 -1.763166997 1.324734502 -0.4862598288 -2.3695375 1.45842281 
-0.2503 0.5193297822 -1.758459796 1.329081182 -0.4786576092 -2.374801326 1.458683801 
-0.2503 0.5216592831 -1.754067876 1.33363907 -0.4708142996 -2.380343167 1.459228244 
-0.2503 0.5243497599 -1.749904216 1.338357397 -0.462391421 -2.386011429 1.460002084 
-0.2503 0.5272564687 -1.746007471 1.343287318 -0.4534769521 -2.39190883 1.461062441 
-0.2503 0.5305566187 -1.742335529 1.348437177 -0.4438605858 -2.398010035 1.462412443 
-0.2503 0.5338071699 -1.738853508 1.353727826 -0.4340442346 -2.404364302 1.464084795 
-0.2503 0.537413318 -1.736037407 1.359307525 -0.4232220752 -2.411026277 1.466446928 
-0.2503 0.5413056528 -1.733304998 1.36540519 -0.4121521634 -2.418088806 1.468732704 
-0.2503 0.54550686 -1.730907849 1.371632572 -0.4001569927 -2.425379745 1.471686679 
-0.2503 0.5499704743 -1.728871519 1.378111918 -0.3875245314 -2.432926219 1.475103625 
-0.2503 0.5547431284 -1.727190179 1.384910025 -0.3741135823 -2.44079823 1.479050712 
-0.2503 0.5598418903 -1.72587774 1.392050157 -0.3598655378 -2.449012584 1.48357996 
-0.2503 0.5653281184 -1.724942829 1.399617343 -0.3445959319 -2.457653974 1.488791826 
-0.2503 -0.1884966689 -0.7205888508 1.304509958 -1.437176898 -1.666967837 1.266710789 
-0.2503 -0.1783574223 -0.728395795 1.306501865 -1.420812938 -1.678870012 1.258881819 
-0.2503 -0.1683948685 -0.7359104924 1.308665417 -1.404674317 -1.690658557 1.251234762 
-0.2503 -0.1585452804 -0.7431756974 1.311016168 -1.388649582 -1.702409445 1.2437102 
-0.2503 -0.1489677571 -0.7500707212 1.313515369 -1.372990223 -1.713932247 1.236418505 
-0.2503 -0.139399241 -0.7568277384 1.316299705 -1.357440087 -1.725503321 1.229065842 
-0.2503 -0.1303244513 -0.7629146304 1.318956994 -1.342353558 -1.736537718 1.222304001 
-0.2503 -0.1213060929 -0.768860242 1.321949256 -1.327345278 -1.747662259 1.215454695 
-0.2503 -0.112598939 -0.7744071956 1.325074417 -1.31273167 -1.758515848 1.208817408 
-0.2503 -0.1041436466 -0.7795945131 1.32835161 -1.298405681 -1.76917289 1.202334307 
-0.2503 -0.09594296968 -0.7844177765 1.331775548 -1.284369822 -1.779624925 1.195997622 
-0.2503 -0.08799900612 -0.7888735771 1.33534089 -1.270625849 -1.78986434 1.189799409 
-0.2503 -0.08026030125 -0.7929879138 1.339072737 -1.257076512 -1.79995899 1.183687188 
-0.2503 -0.07271907055 -0.7968314585 1.343012545 -1.243844849 -1.809916155 1.17759532 
-0.2503 -0.0656686364 -0.8000405211 1.346863766 -1.231056944 -1.819315363 1.171911569 
-0.2503 -0.05871737146 -0.8030238939 1.350928422 -1.218454712 -1.828656286 1.166172788 
-0.2503 -0.05200188638 -0.8056426248 1.35514168 -1.206068129 -1.837813955 1.160503895 
-0.2503 -0.04560726541 -0.8078688042 1.35943653 -1.194072016 -1.84665749 1.154972778 
-0.2503 -0.03948312086 -0.8097260783 1.363840636 -1.182370523 -1.85525463 1.149529311 
-0.2503 -0.03362368722 -0.8112212789 1.368350509 -1.17095762 -1.863607792 1.144163227 
-0.2503 -0.02798536843 -0.8123669548 1.372998194 -1.159745726 -1.871778436 1.138826868 
-0.2503 -0.02263676149 -0.8131592801 1.377710245 -1.14889092 -1.879653154 1.133586273 
-0.2503 -0.01753138513 -0.8136146687 1.382518137 -1.138302489 -1.887296815 1.128394246 
-0.2503 -0.0126749594 -0.8137324865 1.387363773 -1.128043161 -1.894697798 1.123275125 
-0.2503 -0.007985851963 -0.8135487737 1.392447511 -1.117816663 -1.901966979 1.118083999 
-0.2503 -0.003721399987 -0.8129256252 1.397417996 -1.108116589 -1.908777319 1.113126571 
-0.2503 0.0003250825866 -0.8120079679 1.402491304 -1.098637383 -1.915383779 1.108177125 
-0.2503 0.004179592811 -0.8108135203 1.407746589 -1.089270223 -1.921816695 1.103183567 
-0.2503 0.00806355471 -0.8095334459 1.413222065 -1.08001602 -1.928393658 1.097990337 
-0.2503 0.01152030423 -0.8077980331 1.418585823 -1.071152835 -1.934447819 1.093025767 
-0.2503 0.01477417032 -0.8057889805 1.424014586 -1.062497934 -1.940298097 1.088070794 
-0.2503 0.01783332785 -0.8035159519 1.42950512 -1.054041665 -1.945950744 1.083120975 
-0.2503 0.02056509539 -0.8008192186 1.434982658 -1.045795313 -1.951225128 1.078274804 
-0.2503 0.02331936151 -0.7981098638 1.440586581 -1.037729092 -1.956585241 1.073288302 
-0.2503 0.02594241048 -0.7951841019 1.446360329 -1.029708902 -1.961825127 1.068225097 
-0.2503 0.02809537389 -0.7918312131 1.452060511 -1.022045707 -1.966579202 1.063353953 
-0.2503 0.03011727557 -0.7882577152 1.457826103 -1.014520608 -1.97122349 1.058470479 
-0.2503 0.03225690042 -0.7847509904 1.463838607 -1.007017431 -1.976085593 1.05331486 
-0.2503 0.03404860985 -0.7808669298 1.469760525 -0.9997515389 -1.980511818 1.048305366 
-0.2503 0.03569817195 -0.7767899636 1.47572586 -0.9926183822 -1.984789509 1.043276829 
-0.2503 0.03722113377 -0.7725007328 1.481730297 -0.9856035134 -1.988947168 1.038250547 
-0.2503 0.03860706255 -0.7680606906 1.48777553 -0.9787114142 -1.99294512 1.033180132 
-0.2503 0.03987161426 -0.7634505457 1.493857319 -0.9719276176 -1.996812365 1.028087159 
-0.2503 0.04090092291 -0.7585768445 1.499894004 -0.9652959355 -2.000382044 1.023062745 
-0.2503 0.04206882366 -0.7537174768 1.506120077 -0.9586505068 -2.004196534 1.017854162 
-0.2503 0.04274105967 -0.7485048193 1.51236195 -0.9522135968 -2.007507077 1.012687187 
-0.2503 0.04355651864 -0.7433857345 1.518659145 -0.9458951035 -2.011052197 1.007566755 
-0.2503 0.04415035885 -0.7380099131 1.524981988 -0.939629673 -2.014320815 1.002379897 
-0.2503 0.04465868604 -0.7324590103 1.531384746 -0.9333810227 -2.017514128 0.9971225422 
-0.2503 0.04507129514 -0.726821574 1.537772667 -0.9272421821 -2.020587024 0.9918749227 
-0.2503 0.04540098972 -0.7210610401 1.54419058 -0.921157394 -2.02356909 0.98659606 
-0.2503 0.04565244045 -0.7151818197 1.550636868 -0.9151209743 -2.026464531 0.9812854109 
-0.2503 0.04583012744 -0.7091880557 1.557109928 -0.9091274706 -2.029277393 0.9759425102 
-0.2503 0.04581276121 -0.702921496 1.563627064 -0.9031187129 -2.031847623 0.9704954504 
-0.2503 0.04598582443 -0.6968245173 1.570177373 -0.8972008443 -2.034691513 0.9651162913 
-0.2503 0.04538557638 -0.6900544916 1.576891129 -0.8917084518 -2.036748838 0.9595958219 
-0.2503 0.04553541402 -0.6840842576 1.583486602 -0.8856325156 -2.039742832 0.954255479 
-0.2503 0.04522315578 -0.6775193514 1.590225544 -0.8798332418 -2.042188806 0.9487323862 
-0.2503 0.04485120984 -0.6709109455 1.596939486 -0.8740969921 -2.044553407 0.9432186297 
-0.2503 0.04442676121 -0.6642123792 1.603674526 -0.8683722627 -2.046859402 0.9376714417 
-0.2503 0.04395294829 -0.6574260395 1.610429225 -0.8626551078 -2.049109723 0.9320907752 
-0.2503 0.0434352316 -0.6505013194 1.61724999 -0.8568946127 -2.051324748 0.9264326167 
-0.2503 0.0428713289 -0.64354522 1.62403973 -0.8511813913 -2.053471693 0.9207847369 
-0.2503 0.04192405481 -0.6361316518 1.630893814 -0.8456915154 -2.055130927 0.9150046988 
-0.2503 0.04162397186 -0.6293898383 1.63766379 -0.8397416014 -2.057625523 0.9093888499 
-0.2503 0.04046359982 -0.6218643471 1.64465974 -0.8342181626 -2.059249895 0.9036041307 
-0.2503 0.03959063317 -0.6145471813 1.65181103 -0.8286453813 -2.061300625 0.8976338773 
-0.2503 0.03886695696 -0.6075373843 1.658631466 -0.8227671379 -2.063468908 0.892093263 
-0.2503 0.03787995727 -0.60012513 1.665632111 -0.8170900194 -2.065336421 0.8862774468 
-0.2503 0.03713142545 -0.5925722498 1.672520789 -0.8112115145 -2.067222831 0.8803441969 
-0.2503 0.03581853997 -0.5850292225 1.679713988 -0.8056185543 -2.068986785 0.8745023248 
-0.2503 0.03474713922 -0.5774051392 1.686744486 -0.7998668158 -2.070758496 0.8685895331 
-0.2503 0.03344259511 -0.569390945 1.693947911 -0.7942813684 -2.0722578 0.8623872829 
-0.2503 0.0322719539 -0.5616298985 1.700859045 -0.7883421967 -2.073871199 0.8565897825 
-0.2503 0.03139467582 -0.5540620737 1.707920929 -0.7823732548 -2.075926992 0.8506146155 
-0.2503 0.02973733925 -0.5459386297 1.715086055 -0.7766935483 -2.077191073 0.8446125918 
-0.2503 0.02845286881 -0.5380184689 1.722457721 -0.7708999105 -2.079023925 0.8383891753 
-0.2503 0.02700709428 -0.5299199937 1.729737513 -0.7650000423 -2.08061843 0.8322499664 
-0.2503 0.02583929173 -0.5217853849 1.736770671 -0.7589779547 -2.082214841 0.8260783834 
-0.2503 0.0243882289 -0.5136323862 1.743985269 -0.7530203059 -2.083775131 0.8199371105 
-0.2503 0.02291145196 -0.5054405519 1.75120496 -0.747011825 -2.085333649 0.8137903939 
-0.2503 0.02141632534 -0.4971810272 1.758466959 -0.7408871922 -2.086926065 0.8076224838 
-0.2503 0.01968136204 -0.4889238098 1.765842046 -0.7348597464 -2.08845199 0.8014891955 
-0.2503 0.01802545767 -0.4804886306 1.772912486 -0.7286709883 -2.08973114 0.7954092361 
-0.2503 0.01673284242 -0.4722245516 1.780179449 -0.7223952548 -2.091574772 0.7891215295 
-0.2503 0.01490529255 -0.4636246687 1.787644054 -0.7161900315 -2.093024819 0.7827792674 
-0.2503 0.01306217559 -0.4550101392 1.795064606 -0.7099809257 -2.094445402 0.7764427999 
-0.2503 0.01153199262 -0.4463175663 1.802241537 -0.7035799783 -2.095912484 0.7700561513 
-0.2503 0.009743648963 -0.4376000865 1.809591383 -0.6972068623 -2.097351038 0.7636889748 
-0.2503 0.007929177295 -0.4288002274 1.816985444 -0.6907073921 -2.098822114 0.7572954214 
-0.2503 0.006083226509 -0.4199821931 1.824345286 -0.6842083566 -2.100262676 0.750907425 
-0.2503 0.004207626238 -0.4111114609 1.831710305 -0.6776449941 -2.10170423 0.7445079251 
-0.2503 0.002051415037 -0.4022123857 1.839270249 -0.671103116 -2.103114374 0.7381248597 
-0.2503 0.0002294926892 -0.3931823457 1.846599343 -0.6643028437 -2.104601611 0.7316693363 
-0.2503 -0.001606275936 -0.38412755 1.853879127 -0.6574946336 -2.106062451 0.7252153629 
-0.2503 -0.003787563537 -0.3749969826 1.861412636 -0.6507323879 -2.107461735 0.7187328021 
-0.2503 -0.005677141813 -0.3657751316 1.868701066 -0.6437926147 -2.108907088 0.7122041401 
-0.2503 -0.007758015824 -0.3565113257 1.876116568 -0.6368311142 -2.110336596 0.7056813765 
-0.2503 -0.009875070947 -0.3471463447 1.883577602 -0.6297299659 -2.111797237 0.699127946 
-0.2503 -0.01201994295 -0.3377568537 1.890999995 -0.6226165912 -2.113235736 0.6925785781 
-0.2503 -0.01419740056 -0.3283015186 1.898425791 -0.6154253523 -2.11467911 0.6860145647 
-0.2503 -0.0164079926 -0.3187781021 1.905854995 -0.6081548008 -2.116127562 0.6794349805 
-0.2503 -0.01865990333 -0.3091417687 1.913330996 -0.600738057 -2.117606043 0.6728203494 
-0.2503 -0.02109881381 -0.2994916078 1.920895951 -0.5933460174 -2.119045095 0.6662221375 
-0.2503 -0.02325223024 -0.289732923 1.928206256 -0.5857855909 -2.120530462 0.6595750113 
-0.2503 -0.02579033163 -0.2796948456 1.935846986 -0.5782725398 -2.121893796 0.6526942563 
-0.2503 -0.02818127272 -0.2700258004 1.94328385 -0.5704605675 -2.123494114 0.6462892652 
-0.2503 -0.03064089047 -0.2601006886 1.95075518 -0.5626770176 -2.124992969 0.639655285 
-0.2503 -0.03283193538 -0.250075622 1.957974889 -0.5547319278 -2.126541535 0.6329885171 
-0.2503 -0.03530585663 -0.2400049258 1.965395719 -0.5467479347 -2.128072504 0.6263386471 
-0.1503 -0.004405641707 -0.3362197692 1.971938386 -0.4009948721 -2.194706184 0.7651496208 
-0.1503 -0.008866037004 -0.3253522235 1.979580673 -0.3938077391 -2.194558384 0.7586467204 
-0.1503 -0.01333685487 -0.3144422777 1.987212666 -0.3864750875 -2.194439065 0.7521542745 
-0.1503 -0.01789422201 -0.3032608994 1.994910454 -0.3790687646 -2.194273023 0.7454229812 
-0.1503 -0.02234737394 -0.2924055071 2.002499199 -0.3713094508 -2.19428553 0.7391561263 
-0.1503 -0.0269920685 -0.2810896538 2.010227046 -0.3636267907 -2.194160629 0.7324015438 
-0.1503 -0.0315051807 -0.2702821363 2.017777531 -0.3556364117 -2.194227614 0.726271861 
-0.1503 -0.03612680114 -0.2591495177 2.025410892 -0.3475756988 -2.194237996 0.7198552807 
-0.1503 -0.04079697685 -0.2478803128 2.033083588 -0.3392957411 -2.194277392 0.7134078801 
-0.1503 -0.04548934333 -0.2366489578 2.04071364 -0.3309304333 -2.194338621 0.7070313053 
-0.0503 -0.02638664041 -0.3218453085 2.055626874 -0.1808993807 -2.22986923 0.8563350727 
-0.0503 -0.03302903542 -0.3100896394 2.063214245 -0.173520024 -2.228162731 0.8495734634 
-0.0503 -0.03973524383 -0.2982164634 2.070851103 -0.1658780828 -2.226474501 0.8428014527 
-0.0503 -0.04653106469 -0.2861624163 2.078516997 -0.1581751318 -2.224768609 0.8358289193 
-0.0503 -0.05321132403 -0.2745768445 2.086070543 -0.1501293333 -2.223190041 0.8294879442 
-0.0503 -0.05994467619 -0.2628278711 2.093660773 -0.1418831545 -2.221553395 0.8230461021 
-0.0503 -0.0667839975 -0.2506768987 2.101298134 -0.1334558329 -2.219948878 0.8162755067 
-0.0503 -0.0735459838 -0.238738543 2.108820468 -0.1248488863 -2.218417624 0.8097748603 
-0.0503 -0.08031432634 -0.2267690185 2.116305974 -0.1160344417 -2.216938987 0.8033258257 
-0.0503 -0.08710171999 -0.2147601578 2.123767033 -0.1070076619 -2.215499883 0.7969252507 
0 -0.08768520947 -0.2472359414 2.135334129 -0.03095560447 -2.216894101 0.8663615301 
0 -0.09542461186 -0.2350747415 2.142663073 -0.02222078104 -2.214518974 0.8596356649 
0 -0.1031103743 -0.2231852102 2.149912098 -0.01321294808 -2.212181277 0.8532924836 
0 -0.1109506283 -0.2108195704 2.157236064 -0.004048421947 -2.209825039 0.8465213443 
0 -0.11888509 -0.1983083753 2.164597944 0.005420025751 -2.207467547 0.8397393052 
0 -0.1266855889 -0.1862971666 2.17179367 0.01509446849 -2.20515453 0.8335330063 
0 -0.1346571233 -0.1736889594 2.179076671 0.02494371301 -2.202837072 0.8267915883 
0 -0.1426001554 -0.1613247447 2.186278444 0.03504973561 -2.200533675 0.8204046955 
0 -0.1505836789 -0.1489229262 2.193452695 0.04538601618 -2.198235484 0.8140768793 
0.0497 -0.1569711534 -0.1790904996 2.202524536 0.1151258856 -2.186908885 0.8770365063 
0.0497 -0.1657505395 -0.1666991819 2.209396569 0.1251836418 -2.183720576 0.8703057218 
0.0497 -0.1745656467 -0.1542802048 2.216233 0.135479575 -2.180528946 0.8636352535 
0.0497 -0.1834180723 -0.1418331522 2.223031446 0.1460131875 -2.177331617 0.8570252428 
0.0497 -0.1923120098 -0.1295679549 2.229788085 0.1568558289 -2.174074945 0.8507243057 
0.0497 -0.2013093656 -0.1167582952 2.23655573 0.1678761155 -2.17088536 0.843937912 
0.0497 -0.2103101769 -0.1040870313 2.243248292 0.1791312761 -2.167671536 0.8373805295 
0.0497 -0.2193451847 -0.09141984758 2.249886164 0.190622828 -2.164441647 0.8309143885 
0.0497 -0.2284832227 -0.07868004524 2.25651461 0.2024371648 -2.1611633 0.824513772 
0.0497 -0.2375387773 -0.06636330395 2.262984289 0.2143539694 -2.15783434 0.818548205 
0.1497 -0.2472809756 -0.1404577464 2.263717355 0.3244147812 -2.109540558 0.931892721 
0.1497 -0.257518059 -0.1283627896 2.269386485 0.3350998642 -2.104572173 0.9244176205 
0.1497 -0.2679239984 -0.1158952541 2.275073315 0.3461445835 -2.099588784 0.9166866266 
0.1497 -0.2781815577 -0.1038721318 2.28058824 0.3572705932 -2.094554007 0.9093741905 
0.1497 -0.2882169954 -0.09186331008 2.285873897 0.3686529348 -2.089560678 0.9021680254 
0.1497 -0.2987421808 -0.0799223201 2.291374891 0.3801478307 -2.084363943 0.8949535057 
0.1497 -0.3091230875 -0.06791843197 2.296678597 0.3919767624 -2.079160211 0.8877941781 
0.1497 -0.3194555325 -0.05597836303 2.301861372 0.4039281829 -2.073961882 0.880697033 
0.1497 -0.3298873175 -0.04365653834 2.307009434 0.4161888494 -2.068817235 0.8733203311 
0.1497 -0.3402804512 -0.03162809445 2.312023781 0.4285735984 -2.063562513 0.866210229 
0.2497 -0.3461964638 -0.1125226933 2.297395415 0.5130249542 -1.990310587 0.9537241948 
0.2497 -0.3571667232 -0.1014826529 2.301325151 0.5239163893 -1.983756326 0.9451832124 
0.2497 -0.3681185372 -0.09048890155 2.305147699 0.5349877882 -1.977168342 0.9366693796 
0.2497 -0.3790504806 -0.07954462051 2.308859512 0.5462334077 -1.970545505 0.9281804002 
0.2497 -0.3897802766 -0.06874928767 2.31234044 0.5577045385 -1.963860945 0.9198504763 
0.2497 -0.40093146 -0.05773543152 2.31596293 0.5693126497 -1.957139775 0.9112032002 
0.2497 -0.4115077491 -0.0469448289 2.319163897 0.5810943552 -1.950515167 0.9028488884 
0.2497 -0.4226294019 -0.03624929555 2.322553317 0.5929298922 -1.943633263 0.8943613996 
0.2497 -0.4335185421 -0.0255245346 2.325681168 0.6050493336 -1.936768948 0.8858966948 
0.2497 -0.4442941151 -0.01495274977 2.328653256 0.6172144964 -1.929916268 0.8775062421 
0.3497 -0.4399561451 -0.1072579853 2.298760869 0.6785455428 -1.840923856 0.9423842276 
0.3497 -0.4508115699 -0.09791244803 2.300623499 0.6892912347 -1.833297191 0.9325790513 
0.3497 -0.4616821377 -0.08858436377 2.302364865 0.7002516861 -1.825596181 0.9227013479 
0.3497 -0.4724009932 -0.07941828197 2.303955925 0.7112549408 -1.81793805 0.9128983129 
0.3497 -0.4828873372 -0.07033545205 2.30532948 0.7224066729 -1.810327373 0.9031483826 
0.3497 -0.4936226281 -0.06137193784 2.30671809 0.7336141664 -1.802578159 0.8932819179 
0.3497 -0.5043785034 -0.05244076168 2.307977773 0.7450178483 -1.794750369 0.8833252857 
0.3497 -0.5146204007 -0.04366149302 2.308911471 0.7564929143 -1.787106321 0.8735603127 
0.3497 -0.5249596465 -0.03499922031 2.309781732 0.7680367716 -1.779382158 0.8637195041 
0.3497 -0.5352161721 -0.02644704083 2.310501355 0.779671536 -1.771647646 0.8538637914 
0.3497 -0.5453876341 -0.01800802103 2.311068342 0.791391696 -1.763903944 0.8439907385 
0.3497 -0.5555483176 -0.00962208997 2.311483346 0.8032822039 -1.756093108 0.8340223221 
0.3497 -0.5655419087 -0.001419264443 2.31173828 0.8151575512 -1.748334839 0.8241071548 
0.3497 -0.5754433755 0.006661573887 2.311835201 0.8271023185 -1.740571436 0.8141674063 
0.3497 -0.5854619905 0.01461469918 2.311867552 0.8390980102 -1.732723375 0.8041157139 
0.3497 -0.5950343777 0.02250556707 2.311546514 0.8512722838 -1.724976152 0.7941282906 
0.3497 -0.6048428073 0.03020235625 2.311246509 0.8633876873 -1.717131507 0.7840185332 
0.3497 -0.6141538936 0.03776839097 2.310608254 0.8755692355 -1.70943927 0.7740386718 
0.3497 -0.6235594316 0.04519876375 2.309892584 0.887788112 -1.701675067 0.7639407456 
0.3497 -0.6329298117 0.05254727119 2.309003813 0.9001418477 -1.69385709 0.7537269193 
0.3497 -0.6421209081 0.05970048995 2.307954516 0.9124390993 -1.686105858 0.743549765 
0.3497 -0.6512020286 0.06671268559 2.306737818 0.9247693456 -1.678364248 0.7333299324 
0.3497 -0.6601711424 0.07358207324 2.305353055 0.9371288155 -1.670634456 0.723065346 
0.3497 -0.6690934299 0.0803577904 2.303787166 0.9496085593 -1.662859907 0.7126750846 
0.3497 -0.6780046964 0.08694085383 2.302133642 0.962023934 -1.655097317 0.7022341286 
0.3497 -0.686452389 0.09336629081 2.300170267 0.9744426394 -1.647480373 0.6919034278 
0.3497 -0.6951462017 0.09965566672 2.29818388 0.9868979925 -1.639751521 0.6813473359 
0.3497 -0.7033968323 0.105827367 2.295857131 0.9994362153 -1.632127645 0.6708412063 
0.3497 -0.7116528963 0.1118085547 2.293453353 1.011902782 -1.624518675 0.6602666949 
0.3497 -0.719784543 0.1176386831 2.290879753 1.024377575 -1.616938512 0.6496344478 
0.3497 -0.7277902972 0.123317195 2.288136456 1.036858388 -1.609389737 0.6389428638 
0.3497 -0.7357284103 0.1288852864 2.285200777 1.049438517 -1.60181773 0.6281080903 
0.3497 -0.7434772826 0.1342583342 2.282117478 1.061925517 -1.594339857 0.6172928146 
0.3497 -0.7510963013 0.1394789908 2.278865319 1.074413033 -1.586901261 0.6064137911 
0.3497 -0.7587780083 0.144559654 2.275513418 1.086927959 -1.579439713 0.5953648521 
0.3497 -0.7659958681 0.1495003352 2.271828112 1.099479218 -1.572096533 0.5843749426 
0.3497 -0.7733929715 0.154275591 2.268130989 1.111989225 -1.564734809 0.5731985974 
0.3497 -0.7803054682 0.1588749827 2.264146733 1.12443675 -1.557537349 0.562149299 
0.3497 -0.7872583964 0.1633356642 2.26005642 1.136908203 -1.550335183 0.5509324284 
0.3497 -0.7941272089 0.1676784264 2.255767452 1.149468985 -1.543133779 0.5395584141 
0.3497 -0.8008071326 0.1718382499 2.251345526 1.161928254 -1.536044853 0.5281986634 
0.3497 -0.8073500984 0.1758494843 2.246759519 1.174380803 -1.529016197 0.5167664262 
0.3497 -0.8137555511 0.1797131041 2.242010196 1.186826368 -1.522050347 0.5052609136 
0.3497 -0.8200703145 0.1834579868 2.23706022 1.199359722 -1.515097388 0.4935927205 
0.3497 -0.8263456711 0.1870417973 2.232028412 1.211826526 -1.508223422 0.4818447165 
0.3497 -0.8321874679 0.1904549352 2.226749654 1.224215028 -1.501503146 0.4702079519 
0.3497 -0.8381928382 0.1937531066 2.221396915 1.236672545 -1.494771843 0.4583007198 
0.3497 -0.8437913797 0.1969038795 2.215755663 1.249137328 -1.488149152 0.4464289998 
0.3497 -0.8493615495 0.1999046961 2.210040856 1.261541334 -1.48161262 0.4344695687 
0.3497 -0.8547920529 0.2027668772 2.204168393 1.273939349 -1.475155646 0.4224330442 
0.3497 -0.8600827972 0.2054919285 2.198139074 1.286331828 -1.468780446 0.4103191102 
0.3497 -0.8652337341 0.2080813932 2.191953682 1.298719286 -1.462489187 0.398127503 
0.3497 -0.8702825718 0.2105550779 2.185563986 1.311196798 -1.456236957 0.3857640489 
0.3497 -0.8751528448 0.2128771115 2.179067552 1.323575924 -1.450120568 0.3734159082 
0.3497 -0.8800082006 0.2150822101 2.172443927 1.335993346 -1.444068615 0.3608970435 
0.3497 -0.8844743441 0.2171304633 2.165613882 1.348325267 -1.438160247 0.3484850542 
0.3497 -0.8890660617 0.2190916017 2.158625199 1.36082872 -1.432255996 0.3357241047 
0.3497 -0.893479642 0.2209115434 2.151534396 1.373236994 -1.426495501 0.3229813793 
0.3497 -0.8974421988 0.2225706748 2.144235359 1.385532011 -1.42088696 0.310404412 
0.3497 -0.9014751407 0.2241316696 2.136824589 1.39790263 -1.415340837 0.2975864967 
0.3497 -0.9053985317 0.2255822536 2.129205381 1.410368894 -1.409854779 0.2845918978 
0.3497 -0.9091531561 0.2269020717 2.121493662 1.4227427 -1.404513588 0.2716176822 
0.3497 -0.9127695048 0.2281041676 2.113632725 1.435119256 -1.399276938 0.2585659171 
0.3497 -0.9164504287 0.2292160046 2.105648203 1.447582596 -1.394124069 0.245263537 
0.3497 -0.9197110025 0.2301810956 2.097412964 1.460019228 -1.389076043 0.2320447995 
0.3497 -0.9228153219 0.2310258441 2.089094373 1.472367738 -1.384172664 0.2188463032 
0.3497 -0.9259886769 0.2317861373 2.080648729 1.484810401 -1.379362531 0.2053891793 
0.3497 -0.9289970934 0.2324329189 2.072050565 1.497249002 -1.374668956 0.1918784497 
0.3497 -0.9316194829 0.2329379382 2.063217786 1.509668749 -1.370068435 0.1784362411 
0.3497 -0.9342728763 0.2333567562 2.054318557 1.522085946 -1.365606942 0.1648493058 
0.3497 -0.9367899847 0.2336695755 2.045271946 1.534511855 -1.361261391 0.1511877165 
0.3497 -0.9391710258 0.2338776838 2.036077952 1.546947164 -1.357033022 0.1374519649 
0.3497 -0.9414328197 0.2339827266 2.026664645 1.55948759 -1.352892126 0.1235368708 
0.3497 -0.9436821188 0.2340048474 2.017174204 1.572013089 -1.348907211 0.1095130339 
0.3497 -0.9454215227 0.2338104512 2.007241007 1.584407854 -1.344978366 0.09548654809 
0.3497 -0.9473518165 0.2336851944 1.997750973 1.596890936 -1.341286847 0.08167068843 
0.3497 -0.9489803411 0.2333198845 1.987473019 1.609478402 -1.337592199 0.06727330208 
0.3497 -0.9507661906 0.2330070404 1.977648428 1.622053667 -1.334150019 0.0531520269 
0.3497 -0.9520638127 0.2324921784 1.96742435 1.634503373 -1.330762159 0.03905364083 
0.3497 -0.9533597934 0.2319015144 1.957042338 1.64703708 -1.327513917 0.02474409547 
0.3497 -0.9545290469 0.2312098237 1.946429423 1.65968159 -1.324369291 0.01025583633 
0.3497 -0.9555538168 0.2304283323 1.935745824 1.672245884 -1.321376889 -0.004190909795 
0.3497 -0.956599152 0.2295781388 1.924887462 1.684912817 -1.318544653 -0.01888340379 
0.3497 -0.957317603 0.2286036737 1.913903977 1.697490662 -1.315806241 -0.03342497011 
0.3497 -0.9577376654 0.2274673821 1.902458881 1.710144053 -1.313141868 -0.04821294557 
0.3497 -0.9583027261 0.2263590165 1.891405619 1.722765829 -1.310686551 -0.06275570183 
0.3497 -0.9585654141 0.2250662503 1.879695398 1.735433968 -1.308340369 -0.07772271824 
0.3497 -0.9589699244 0.2237931111 1.868325364 1.748150528 -1.306178682 -0.09250870343 
0.3497 -0.9590551496 0.2223544865 1.856468993 1.760943817 -1.304099625 -0.1075420363 
0.3497 -0.9590052225 0.2208358557 1.844542692 1.773662254 -1.302173674 -0.122527997 
0.3497 -0.9588046509 0.2192239189 1.832461001 1.786393621 -1.30037936 -0.1375587423 
0.3497 -0.9584546837 0.2175189538 1.820222922 1.799139456 -1.298717265 -0.1526350886 
0.3497 -0.9579360419 0.2157041538 1.807738024 1.811989047 -1.29716978 -0.1678521935 
0.3497 -0.9570932763 0.2137489296 1.794859439 1.824753592 -1.295756536 -0.1831685553 
0.3497 -0.956390564 0.2117951623 1.782290771 1.837560831 -1.294506447 -0.1983214129 
0.3497 -0.9555596784 0.2097526741 1.769587584 1.85038912 -1.293391349 -0.2135115785 
0.3497 -0.9544377673 0.2075623247 1.756307494 1.863276944 -1.292443495 -0.2290348672 
0.3497 -0.9531927612 0.2052752956 1.742861491 1.876276697 -1.291623571 -0.2446514424 
0.3497 -0.9520634192 0.202984985 1.729746031 1.889218964 -1.290966776 -0.2600300781 
0.3497 -0.9505950093 0.2005444418 1.716159683 1.902174077 -1.290440032 -0.2755841449 
0.3497 -0.9489720879 0.1980075635 1.702401316 1.915153347 -1.290053191 -0.2911800806 
0.3497 -0.9469386285 0.1952891446 1.687996375 1.928244521 -1.289796436 -0.3070840704 
0.3497 -0.9450412181 0.1925673406 1.673941624 1.941281289 -1.289696812 -0.3227425505 
0.3497 -0.9430029008 0.1897497651 1.659727954 1.954348825 -1.289740674 -0.3384373656 
0.3497 -0.9408196519 0.1868342019 1.645345812 1.967449364 -1.289929635 -0.3541727261 
0.3497 -0.9384795222 0.1837979208 1.630719903 1.980678053 -1.290257092 -0.370038043 
0.3497 -0.9358763795 0.1806505342 1.615722642 1.993868306 -1.290772995 -0.3860053615 
0.3497 -0.9331354106 0.1774046871 1.60057841 2.007095358 -1.291436253 -0.4019923233 
0.3497 -0.9302511543 0.1740571268 1.585275461 2.020361938 -1.292248426 -0.4180040507 
0.3497 -0.9272066408 0.1705804728 1.569731466 2.033765331 -1.293205677 -0.4341332579 
0.3497 -0.9240171385 0.1670184183 1.554072558 2.047120685 -1.294322893 -0.4502108253 
0.3497 -0.9206658524 0.1633442415 1.538216534 2.060525425 -1.295596457 -0.4663290316 
0.3497 -0.9171458561 0.159554176 1.522149451 2.073983411 -1.297029785 -0.4824933184 
0.3497 -0.9134347512 0.1556163892 1.50578144 2.087595042 -1.298623931 -0.4987991072 
0.3497 -0.9095537751 0.1515813926 1.489246406 2.101172931 -1.3003898 -0.515072766 
0.3497 -0.9054805759 0.1474178111 1.472454393 2.114817652 -1.30232869 -0.5314092495 
0.3497 -0.9009852952 0.1429211203 1.455109937 2.128569249 -1.304306371 -0.5479777733 
0.3497 -0.8966933185 0.1386496575 1.438020313 2.142409587 -1.306702655 -0.5643193212 
0.3497 -0.8920173115 0.1340720157 1.420492933 2.156267415 -1.309137307 -0.5807818752 
0.3497 -0.8871348806 0.1293472538 1.402705696 2.170208673 -1.311745343 -0.5972915562 
0.2497 -0.9554045521 0.2798274066 1.483582798 2.117744497 -1.364021108 -0.5622643249 
0.2497 -0.9514007528 0.2758299314 1.466748282 2.129953471 -1.366336036 -0.5778183942 
0.2497 -0.9472599285 0.2717711791 1.44982804 2.142099996 -1.368798507 -0.5932815395 
0.2497 -0.9429488195 0.2676189401 1.432689831 2.154278851 -1.37142744 -0.608771148 
0.2497 -0.9382481894 0.2631814012 1.414997395 2.166508666 -1.37413164 -0.6245022169 
0.2497 -0.9337637961 0.2589902385 1.397600235 2.178837902 -1.377216808 -0.6399475191 
0.2497 -0.9287163592 0.2544331516 1.379451883 2.19113411 -1.380338243 -0.6556862913 
0.2497 -0.9238696716 0.2498104782 1.361702535 2.203517867 -1.383528414 -0.6711968101 
0.2497 -0.9186527032 0.2453233983 1.343365078 2.215852873 -1.387178152 -0.6867293483 
0.2497 -0.9131837719 0.2405108961 1.32463285 2.228385175 -1.390887861 -0.7024951835 
0.1497 -0.9760682689 0.3895767505 1.408539086 2.182778112 -1.434322661 -0.6636937369 
0.1497 -0.9715567783 0.3855165781 1.391189095 2.193567855 -1.437589466 -0.6783826645 
0.1497 -0.9668855641 0.3813963461 1.373629399 2.204363975 -1.441025113 -0.6930809817 
0.1497 -0.9620069498 0.3770323251 1.355716869 2.215290511 -1.444538805 -0.7079854536 
0.1497 -0.956824654 0.3728699013 1.337413939 2.226031342 -1.448456159 -0.7227718489 
0.1497 -0.9518364226 0.3686325784 1.319486928 2.236884429 -1.452402755 -0.7373418992 
0.1497 -0.9462173271 0.3642840967 1.300544691 2.247693227 -1.456757305 -0.7522587585 
0.1497 -0.94095147 0.3597742547 1.282301162 2.258579942 -1.460829196 -0.7668483444 
0.1497 -0.9351914629 0.3552520579 1.26318555 2.269518161 -1.4653896 -0.7817026998 
0.1497 -0.9292798755 0.3506661133 1.243945691 2.280399035 -1.470086834 -0.7964715931 
0.0497 -0.9876234378 0.4980843669 1.331027021 2.241221283 -1.505347919 -0.7542736235 
0.0497 -0.9826497338 0.494146858 1.313217353 2.250654597 -1.509506871 -0.7681659964 
0.0497 -0.9774857808 0.4901950268 1.295064979 2.260128381 -1.513900399 -0.7821336674 
0.0497 -0.9722025009 0.4862214835 1.27683132 2.269516972 -1.518415753 -0.7960092243 
0.0497 -0.9664969183 0.4823197916 1.257917634 2.278795223 -1.523375209 -0.8100194357 
0.0497 -0.9611521729 0.4782253577 1.239687959 2.288222192 -1.527997865 -0.8237355262 
0.0497 -0.9551208879 0.4743097645 1.220253734 2.297492384 -1.533331323 -0.8377606305 
0.0497 -0.9493912317 0.4702209186 1.201452593 2.30686667 -1.53843475 -0.8514791555 
0 -0.9741916149 0.540831797 1.236929722 2.294053626 -1.555428027 -0.8359843209 
0 -0.9685585331 0.5370579444 1.218314376 2.30268138 -1.560545055 -0.8494142098 
0 -0.9627223998 0.5332848351 1.199326762 2.31132408 -1.565905374 -0.8629176156 
0 -0.9567585756 0.5295015016 1.180228413 2.319869844 -1.571388773 -0.8763427492 
0 -0.9506215859 0.5257178957 1.16087202 2.328370523 -1.577063575 -0.8897673345 
-0.0503 -0.9747410835 0.5966650811 1.197874941 2.316576077 -1.59238352 -0.8729616583 
-0.0503 -0.9686407976 0.593247397 1.178572875 2.324366227 -1.598170022 -0.8861807591 
-0.0503 -0.9629342174 0.5895789995 1.160033962 2.332356277 -1.603562791 -0.8990916535 
-0.0503 -0.9565724991 0.5864063996 1.140427558 2.339892139 -1.609762665 -0.9120704931 
-0.0503 -0.9504498542 0.5828202121 1.121223434 2.347743157 -1.61570525 -0.9250284499 
-0.0503 -0.9439371137 0.5794659968 1.101336119 2.355382999 -1.622067026 -0.9380563771 
-0.0503 -0.9373856843 0.5761318301 1.08148722 2.362910213 -1.628420542 -0.9509314957 
-0.1503 -0.9879852076 0.7185676404 1.175959381 2.336635595 -1.648026938 -0.9024232526 
-0.1503 -0.9823648739 0.7155565953 1.157843512 2.343298127 -1.653627747 -0.9145801609 
-0.1503 -0.9765623197 0.7125949323 1.139381573 2.349919958 -1.65945413 -0.9268035608 
-0.1503 -0.9705857886 0.709796524 1.120708592 2.356354545 -1.665575943 -0.9389363887 
-0.1503 -0.9643713775 0.7072845448 1.101699912 2.362495837 -1.671920255 -0.950970356 
-0.1503 -0.9584197177 0.7042833166 1.083083289 2.36901487 -1.677946332 -0.9630454114 
-0.1503 -0.9517825299 0.7018678878 1.06330019 2.374964566 -1.684780026 -0.9752575842 
-0.1503 -0.945466059 0.6992750855 1.044103668 2.381152857 -1.691434254 -0.9871971804 
-0.1503 -0.9387613781 0.6969764418 1.024268716 2.386973465 -1.698497731 -0.9991985476 
-0.1503 -0.9318896434 0.6948191469 1.004150135 2.392630366 -1.705786092 -1.011180478 
-0.2503 -0.9787567434 0.8333084911 1.102816221 2.373567252 -1.717463137 -0.9596829797 
-0.2503 -0.9729795749 0.8310294953 1.084891245 2.378879208 -1.723533797 -0.9709385855 
-0.2503 -0.9670821678 0.8288669659 1.066780323 2.384065378 -1.72977011 -0.9821599953 
-0.2503 -0.9610617907 0.8268304596 1.048475229 2.389116167 -1.73617688 -0.9933480064 
-0.2503 -0.9546883346 0.8253012 1.02958987 2.393758898 -1.743052984 -1.004473305 
-0.2503 -0.9486104727 0.823146341 1.011134394 2.398819513 -1.749537823 -1.015708067 
-0.2503 -0.941881691 0.8219131611 0.9917297508 2.402935522 -1.756886669 -1.026854634 
-0.2503 -0.9354904419 0.8203300017 0.972721789 2.407622695 -1.763973358 -1.037912353 
-0.2503 -0.9287037775 0.8192311423 0.9531167961 2.411698141 -1.771527573 -1.048980124 
-0.2503 -0.9217227744 0.8183401331 0.9331023372 2.415573175 -1.779345089 -1.060108895 
-0.3503 -0.9647089693 0.951748031 1.036447238 2.404333988 -1.78284487 -1.005498675 
-0.3503 -0.9589376295 0.9502230568 1.019024697 2.408452746 -1.789098978 -1.015854309 
-0.3503 -0.95305755 0.9488595719 1.001428523 2.412411779 -1.795515057 -1.026172604 
-0.3503 -0.9470352313 0.9476429663 0.9835382769 2.416242861 -1.802118707 -1.036530664 
-0.3503 -0.9406571615 0.9469656839 0.9651600971 2.419462221 -1.809157284 -1.046839175 
-0.3503 -0.934702103 0.9458509361 0.9473905306 2.423232543 -1.815822235 -1.056993752 
-0.3503 -0.9280215757 0.9457229696 0.9285108023 2.425893384 -1.823396477 -1.067233715 
-0.3503 -0.9216556136 0.9451946731 0.9099535698 2.429126138 -1.830701226 -1.077446236 
-0.3503 -0.9149453793 0.9452933374 0.8909179166 2.43163241 -1.838459302 -1.087600955 
-0.3503 -0.9082146442 0.9455278766 0.8718128539 2.433985996 -1.846205192 -1.09771626 
-0.4503 -0.9467638529 1.072892546 0.9795854586 2.430977788 -1.841524717 -1.040225741 
-0.4503 -0.9411444419 1.071932436 0.9628795986 2.434262026 -1.847650932 -1.049784619 
-0.4503 -0.9353546148 1.071336074 0.9459738697 2.437192794 -1.854118979 -1.059240175 
-0.4503 -0.9296063611 1.070775055 0.9291614086 2.440032672 -1.860478408 -1.068617288 
-0.4503 -0.9234624389 1.070800874 0.9116702235 2.442338043 -1.867317317 -1.078056896 
-0.4503 -0.9177443307 1.070258951 0.8947232561 2.445298134 -1.873736683 -1.087423986 
-0.4503 -0.9114302247 1.070989844 0.8770275858 2.447046897 -1.88104637 -1.09657249 
-0.4503 -0.9053853384 1.070985205 0.8595301081 2.449303988 -1.887910978 -1.106014895 
-0.4503 -0.899016915 1.071828004 0.8415826834 2.450842017 -1.895330005 -1.115277322 
-0.4503 -0.892482793 1.073045474 0.8233129514 2.4519822 -1.903026282 -1.124567048 
-0.5503 -0.9256263543 1.19451807 0.9347374174 2.456296068 -1.89073819 -1.064556578 
-0.5503 -0.9204755474 1.193664891 0.9193607026 2.459287798 -1.89618281 -1.073248199 
-0.5503 -0.9152430987 1.192994812 0.9038609907 2.462118727 -1.901761448 -1.08189653 
-0.5503 -0.9099027164 1.192521041 0.8881811567 2.464744908 -1.907505102 -1.090542075 
-0.5503 -0.9041798463 1.192793112 0.8719913168 2.466648519 -1.913798504 -1.099124212 
-0.5503 -0.8990112724 1.192224931 0.8565081013 2.469468106 -1.919383747 -1.107632202 
-0.5503 -0.8934374232 1.192436822 0.8404741089 2.47148154 -1.92555063 -1.116110683 
