-0.5503 -0.8992248468 1.192200507 0.8571057121 2.469411661 -1.919141194 -1.107322807 
-0.5503 -0.9046294133 1.192606688 0.8730028477 2.466930596 -1.913239799 -1.098587204 
-0.5503 -0.9098413042 1.193044789 0.8885094055 2.46408391 -1.907544683 -1.090156337 
-0.5503 -0.915664884 1.192759765 0.9048382744 2.462246772 -1.901217932 -1.081470454 
-0.5503 -0.9210190291 1.193298507 0.9205389438 2.459545058 -1.895458045 -1.072767899 
-0.5503 -0.9263127138 1.193994727 0.9361433195 2.456705886 -1.889798331 -1.064020834 
-0.4503 -0.8934434673 1.072066302 0.8253138934 2.452849493 -1.90162216 -1.123875346 
-0.4503 -0.900131794 1.070645848 0.8438340936 2.451875746 -1.893672679 -1.114553465 
-0.4503 -0.9059473088 1.070088913 0.8604046888 2.450142618 -1.886749141 -1.105932881 
-0.4503 -0.9126056702 1.069049085 0.8788279675 2.44876376 -1.87897511 -1.096409336 
-0.4503 -0.9191532566 1.068253193 0.8969188084 2.447275147 -1.871400375 -1.087123067 
-0.4503 -0.9251777583 1.068406168 0.9143370867 2.444639056 -1.864443462 -1.077612787 
-0.4503 -0.9316486977 1.067964018 0.9322342252 2.442825389 -1.857055796 -1.068242152 
-0.4503 -0.9377503932 1.068173947 0.9496306944 2.440261627 -1.85013301 -1.058747804 
-0.4503 -0.943758713 1.068596539 0.9668655136 2.43749678 -1.843366797 -1.049214453 
-0.4503 -0.9496761522 1.069216547 0.9839467694 2.434546763 -1.836751015 -1.039640283 
-0.3503 -0.9116108499 0.9409856468 0.8775606964 2.438521018 -1.840545486 -1.096670269 
-0.3503 -0.918792984 0.9403053337 0.8973873276 2.436580107 -1.832044523 -1.086426298 
-0.3503 -0.9258278893 0.9399582159 0.9169262169 2.434301909 -1.823795326 -1.076165864 
-0.3503 -0.9324756531 0.940251084 0.9358792446 2.431269768 -1.816044393 -1.065817973 
-0.3503 -0.9394822017 0.9401394176 0.9552165013 2.428866214 -1.807993973 -1.055575231 
-0.3503 -0.9458649934 0.9409238996 0.9736800101 2.425336527 -1.800613234 -1.045265638 
-0.3503 -0.9527394341 0.9411722697 0.992754854 2.422563928 -1.792797408 -1.034846824 
-0.3503 -0.9586896749 0.9419962185 1.009828099 2.419302707 -1.78608793 -1.02518282 
-0.3503 -0.9650313438 0.943016318 1.028095391 2.415652816 -1.778946883 -1.014732327 
-0.3503 -0.9712688602 0.9442072529 1.0461865 2.411833565 -1.771965072 -1.004241733 
-0.2503 -0.9289589142 0.809875824 0.9451151825 2.424180013 -1.767312416 -1.058031003 
-0.2503 -0.9363592318 0.8104911883 0.9656952872 2.420558717 -1.758818797 -1.046825818 
-0.2503 -0.9436055034 0.8113465347 0.9859864591 2.416683748 -1.750559466 -1.035597742 
-0.2503 -0.950500902 0.8126070539 1.005693824 2.412320373 -1.742643131 -1.024403564 
-0.2503 -0.9576632928 0.8136848794 1.025776026 2.408268805 -1.734689999 -1.013058183 
-0.2503 -0.9642444273 0.8155642479 1.044973446 2.40340739 -1.727358567 -1.001639872 
-0.2503 -0.971206119 0.8167086756 1.064656677 2.399116387 -1.719558883 -0.9903823399 
-0.2503 -0.9777754019 0.8184605268 1.083752783 2.394285889 -1.71229028 -0.9789934509 
-0.2503 -0.9842147014 0.8203552966 1.102633172 2.389303638 -1.705211049 -0.9675688051 
-0.2503 -0.9905271116 0.8223819687 1.12130685 2.384181108 -1.698315763 -0.9561074483 
-0.1503 -0.9445691445 0.6832950096 1.025795478 2.404027143 -1.685363372 -1.006465242 
-0.1503 -0.951919954 0.6853167198 1.046579691 2.398445213 -1.677356122 -0.9942773679 
-0.1503 -0.958701975 0.6872479595 1.065838932 2.393128594 -1.66992039 -0.9828790442 
-0.1503 -0.9655941098 0.689624178 1.085882345 2.387037715 -1.662323283 -0.9706797533 
-0.1503 -0.9727173676 0.6918690237 1.10626577 2.381210889 -1.654776875 -0.9583146567 
-0.1503 -0.9792857892 0.6946606486 1.125791346 2.374781542 -1.647738268 -0.9459264522 
-0.1503 -0.9862020908 0.6968625433 1.145823446 2.368802564 -1.640292863 -0.9336027284 
-0.1503 -0.9927316044 0.6994958155 1.165259747 2.362424303 -1.633331619 -0.921197244 
-0.1503 -0.9991235534 0.7022098359 1.184479325 2.355940549 -1.626551661 -0.908758063 
-0.0503 -0.9484793351 0.5596587497 1.091781763 2.382976047 -1.606936022 -0.9564751906 
-0.0503 -0.9558903804 0.5627339997 1.112941373 2.375540649 -1.599267475 -0.9432388751 
-0.0503 -0.9632109901 0.565812602 1.133974809 2.368029462 -1.591637612 -0.9299397235 
-0.0503 -0.9702561587 0.5690130546 1.154537039 2.360392588 -1.584420002 -0.9166618839 
-0.0503 -0.9768879095 0.5725511351 1.17443817 2.352438506 -1.577698087 -0.9033399709 
-0.0503 -0.9838279085 0.5755608093 1.194835995 2.344863495 -1.570626518 -0.8900408755 
-0.0503 -0.9901305374 0.5790384433 1.214226112 2.336798105 -1.564192398 -0.8767602451 
-0.0503 -0.9963974726 0.5819590904 1.232922852 2.329619717 -1.557883372 -0.8642329236 
0 -0.9732934499 0.5112427851 1.198664583 2.340987485 -1.541467521 -0.8799333709 
0 -0.9800663576 0.5148493223 1.218930599 2.332373214 -1.534761096 -0.8660912574 
0 -0.9866761706 0.5184618008 1.238951331 2.323702262 -1.528238167 -0.8522247577 
0 -0.9931278604 0.5220769108 1.258737275 2.314977345 -1.521893307 -0.8383332879 
0 -0.9994259955 0.5256917101 1.278298046 2.30620077 -1.515721611 -0.8244163996 
0.0497 -0.9757730444 0.4558219832 1.245802312 2.318122667 -1.497842383 -0.8384636305 
0.0497 -0.9821789375 0.4596525366 1.265611955 2.308543538 -1.491511139 -0.8242429508 
0.0497 -0.9887727798 0.4633815287 1.285732603 2.299151946 -1.485288003 -0.8098504066 
0.0497 -0.9947350609 0.4672537352 1.304852857 2.289482948 -1.479531322 -0.7956288712 
0.0497 -1.00107323 0.4709845312 1.324623005 2.280013146 -1.473640965 -0.7811176889 
0.1497 -0.9413538128 0.3232058401 1.238025118 2.321223529 -1.439499201 -0.8235786403 
0.1497 -0.9484721561 0.3277776612 1.259002427 2.309974053 -1.433143158 -0.8082082065 
0.1497 -0.955387722 0.3322717478 1.279691638 2.298728906 -1.426983242 -0.7928275548 
0.1497 -0.9621349074 0.3369270528 1.300129573 2.287408166 -1.42118918 -0.777283495 
0.1497 -0.9682097333 0.3410336473 1.318849435 2.276948552 -1.415869591 -0.7629388443 
0.1497 -0.9746406319 0.3452786797 1.338907935 2.265673737 -1.410107358 -0.7474712289 
0.1497 -0.9805559549 0.3495096815 1.35812222 2.254383684 -1.404845141 -0.7322044404 
0.1497 -0.986744786 0.3536426284 1.377832355 2.243207566 -1.399569699 -0.7166779368 
0.1497 -0.9922982152 0.3576127958 1.396565454 2.231917535 -1.394535441 -0.701460009 
0.1497 -0.9982228744 0.3617234217 1.415937776 2.220683229 -1.389628194 -0.6857928616 
0.2497 -0.9344269725 0.2131545734 1.333573997 2.267315585 -1.347422944 -0.7245895973 
0.2497 -0.9410661905 0.217988465 1.353885094 2.254168339 -1.342104913 -0.7080646034 
0.2497 -0.9474966059 0.222686275 1.37392056 2.24106004 -1.3369632 -0.6915451325 
0.2497 -0.9537232599 0.2272533427 1.393686725 2.227985827 -1.331997661 -0.6750319938 
0.2497 -0.959750722 0.231694563 1.413189224 2.214941501 -1.327208406 -0.6585262314 
0.2497 -0.965567223 0.2358080601 1.432440135 2.201974296 -1.322417014 -0.6421350798 
0.2497 -0.9709477663 0.2400795839 1.450989786 2.188936031 -1.318137783 -0.6257668684 
0.2497 -0.9766775996 0.244306482 1.470162044 2.175954843 -1.313902549 -0.6090669842 
0.2497 -0.9815097059 0.2480348586 1.487232766 2.163902586 -1.310147446 -0.5938008338 
0.2497 -0.9866941727 0.2517317535 1.50567438 2.150984966 -1.306013001 -0.5773722887 
0.2497 -0.9916459571 0.2556435245 1.523743057 2.13800905 -1.302358388 -0.5608470196 
0.2497 -0.9964238979 0.2593052968 1.541606573 2.125060814 -1.298733144 -0.5443956916 
0.2497 -1.001037738 0.2628637527 1.559258116 2.112112097 -1.29526649 -0.5279521224 
0.3497 -0.9355945164 0.1163850048 1.484885929 2.158177283 -1.24294747 -0.5589481449 
0.3497 -0.9410008841 0.1205757694 1.503510102 2.143338314 -1.239232893 -0.5413585159 
0.3497 -0.9462046276 0.1246089742 1.521876343 2.128544355 -1.23568658 -0.5237951779 
0.3497 -0.9512332748 0.1283112834 1.540090554 2.113764546 -1.232075492 -0.506271197 
0.3497 -0.9560244191 0.1322214089 1.55786042 2.099068678 -1.229091487 -0.4887467102 
0.3497 -0.9606099008 0.1358252177 1.575397954 2.084438574 -1.22612567 -0.4713197457 
0.3497 -0.9650903136 0.1392553297 1.592884173 2.069709251 -1.223149109 -0.4538027832 
0.3497 -0.9693503841 0.1425639603 1.61004843 2.055062099 -1.220419161 -0.4363705796 
0.3497 -0.9734331655 0.1457376298 1.626986867 2.040431468 -1.217848384 -0.4189653975 
0.3497 -0.9773417861 0.1487789156 1.643703515 2.025813854 -1.215435657 -0.4015877448 
0.4497 -0.9055336066 0.001549874458 1.571700622 2.078031596 -1.153616506 -0.4280373527 
0.4497 -0.9102162128 0.00518642463 1.589241422 2.061350945 -1.151022363 -0.409331754 
0.4497 -0.9146848322 0.008636678229 1.606515834 2.044734733 -1.148592937 -0.3906760751 
0.4497 -0.9189845173 0.01188684455 1.623627786 2.028089968 -1.146236465 -0.371994601 
0.4497 -0.9230002065 0.01500006748 1.640287698 2.01167064 -1.14422287 -0.35351322 
0.4497 -0.9266189413 0.01784529917 1.656426669 1.995269996 -1.142263852 -0.3351723978 
0.4497 -0.9305159906 0.02067871149 1.673056652 1.978794734 -1.140496395 -0.31654776 
0.4497 -0.9339838199 0.02327144531 1.689076115 1.96241552 -1.138871729 -0.2981393041 
0.4497 -0.9372628752 0.02570448201 1.704857526 1.946069977 -1.137404754 -0.2797807181 
0.4497 -0.9403562645 0.02798093732 1.720404513 1.929754441 -1.136094522 -0.2614723852 
0.4497 -0.9432668452 0.03010363587 1.735720458 1.913465573 -1.134940132 -0.243214771 
0.4497 -0.9459972435 0.03207513399 1.750808517 1.89720033 -1.133940724 -0.2250084136 
0.4497 -0.94854987 0.03389774262 1.765671637 1.880955942 -1.133095479 -0.206853916 
0.4497 -0.9509269356 0.03557354528 1.780312575 1.86472989 -1.132403607 -0.1887519379 
0.4497 -0.9531304635 0.03710441572 1.794733909 1.848519883 -1.131864349 -0.1707031876 
0.4497 -0.9550139935 0.03841972133 1.807679641 1.833667872 -1.131619263 -0.154276236 
0.4497 -0.9568967554 0.03965357839 1.821935117 1.817295527 -1.131252633 -0.1360480078 
0.4497 -0.9586021069 0.04076900754 1.835726652 1.80112127 -1.131156166 -0.1181595884 
0.4497 -0.9601402809 0.04174510737 1.849307226 1.784955965 -1.131209534 -0.1003275316 
0.4497 -0.9615125393 0.04258291413 1.86267871 1.768798218 -1.131412067 -0.08255269538 
0.4497 -0.9627200158 0.04328332664 1.875842862 1.752646776 -1.131763102 -0.06483595089 
0.4497 -0.963763723 0.04384711355 1.88880133 1.736500518 -1.132261979 -0.04717817796 
0.4497 -0.9646445591 0.04427492099 1.90155566 1.720358441 -1.132908045 -0.02958026008 
0.4497 -0.965363314 0.04456728109 1.914107302 1.704219658 -1.133700644 -0.01204307997 
0.4497 -0.9659206758 0.04472461646 1.926457617 1.688083381 -1.13463912 0.005432484115 
0.4497 -0.9663172353 0.04474724849 1.938607877 1.671948918 -1.135722813 0.02284556405 
0.4497 -0.9665534914 0.04463540076 1.950559275 1.655815664 -1.136951056 0.04019530444 
0.4497 -0.9666298555 0.04438920568 1.962312928 1.639683096 -1.138323175 0.05748086696 
0.4497 -0.9665466564 0.04400870844 1.973869875 1.623550765 -1.139838486 0.07470143371 
0.4497 -0.9663267456 0.04353510386 1.984426045 1.608570621 -1.141373168 0.09063306797 
0.4497 -0.9659364588 0.04289542458 1.995606315 1.592437729 -1.143162661 0.1077260682 
0.4497 -0.9653871344 0.04212112022 2.006592535 1.576304138 -1.145093272 0.1247518284 
0.4497 -0.9646788145 0.04121193858 2.017385482 1.560169644 -1.147164265 0.1417096438 
0.4497 -0.963811478 0.04016756154 2.027985877 1.544034095 -1.149374888 0.1585988462 
0.4497 -0.962785043 0.0389876091 2.038394379 1.527897388 -1.15172437 0.1754188068 
0.4497 -0.9615993711 0.03767164359 2.048611593 1.51175947 -1.154211921 0.1921689382 
0.4497 -0.9602542695 0.03621917321 2.058638067 1.495620328 -1.156836735 0.2088486974 
0.4497 -0.9587494952 0.03462965575 2.068474296 1.479479997 -1.159597983 0.2254575889 
0.4497 -0.9570847576 0.03290250293 2.078120723 1.46333855 -1.162494817 0.2419951662 
0.4497 -0.9552597226 0.03103708436 2.087577743 1.447196105 -1.165526365 0.2584610339 
0.4497 -0.9532740141 0.0290327314 2.096845701 1.431052821 -1.168691739 0.274854851 
0.4497 -0.9511272186 0.02688874162 2.105924895 1.414908898 -1.171990024 0.2911763317 
0.4497 -0.948818888 0.02460438255 2.114815579 1.39876458 -1.175420286 0.3074252481 
0.4497 -0.9463485417 0.02217889704 2.123517961 1.382620155 -1.178981568 0.3236014318 
0.4497 -0.9439091351 0.01979961514 2.131430285 1.367629099 -1.182404935 0.3385569529 
0.4497 -0.9411248729 0.0170997467 2.139769955 1.351485453 -1.186216119 0.3545926179 
0.4497 -0.9381770381 0.01425643403 2.147921704 1.335342818 -1.190155398 0.3705554143 
0.4497 -0.9350650579 0.01126886733 2.155885589 1.31920168 -1.194221732 0.3864454236 
0.4497 -0.9317883432 0.008136236134 2.163661634 1.30306258 -1.198414062 0.4022627938 
0.4497 -0.9283462938 0.004857735188 2.171249831 1.286926124 -1.202731307 0.418007741 
0.4497 -0.9247383002 0.00143257003 2.178650142 1.270792986 -1.207172372 0.433680551 
0.4497 -0.9209637479 -0.002140037391 2.185862507 1.25466391 -1.211736141 0.4492815796 
0.4497 -0.9170220206 -0.005860843118 2.192886839 1.238539717 -1.216421483 0.4648112539 
0.4497 -0.9129125033 -0.009730573712 2.199723034 1.222421314 -1.221227253 0.4802700731 
0.4497 -0.9086345869 -0.01374992122 2.206370969 1.206309695 -1.226152293 0.4956586087 
0.4497 -0.9041876718 -0.01791953503 2.212830513 1.190205954 -1.231195433 0.510977505 
0.4497 -0.8995711701 -0.02224001742 2.219101523 1.174111284 -1.236355492 0.52622748 
0.4497 -0.89478451 -0.02671191444 2.22518385 1.15802699 -1.241631286 0.5414093244 
0.4497 -0.8898271403 -0.03133571211 2.231077349 1.141954496 -1.247021619 0.5565239031 
0.4497 -0.885070551 -0.03576561661 2.236380677 1.127041954 -1.252128444 0.5704994574 
0.4497 -0.8797824865 -0.04068347581 2.241909606 1.110996703 -1.257736298 0.5854870212 
0.4497 -0.8743222432 -0.04575423805 2.247249312 1.094968166 -1.263455189 0.600410271 
0.4497 -0.8686893814 -0.05097808093 2.252399692 1.078958303 -1.269283925 0.6152703559 
0.4497 -0.862883497 -0.0563550888 2.257360662 1.062969227 -1.275221321 0.630068497 
0.4497 -0.8569042264 -0.06188524544 2.26213217 1.047003215 -1.2812662 0.6448059843 
0.4497 -0.8507512483 -0.0675684282 2.266714196 1.031062716 -1.287417398 0.6594841767 
0.4497 -0.8444242872 -0.0734044027 2.271106758 1.015150355 -1.293673765 0.6741045001 
0.4497 -0.8379231156 -0.07939281749 2.27530992 0.9992689413 -1.30003417 0.6886684462 
0.4497 -0.8312475566 -0.08553319927 2.279323796 0.9834214775 -1.306497501 0.7031775702 
0.4497 -0.8243974869 -0.09182494889 2.283148554 0.9676111611 -1.313062669 0.7176334895 
0.4497 -0.817372837 -0.09826733663 2.286784424 0.9518413941 -1.31972861 0.7320378806 
0.4497 -0.8101735945 -0.1048595004 2.290231702 0.9361157848 -1.326494289 0.7463924784 
0.4497 -0.8027998046 -0.1116004421 2.293490754 0.9204381547 -1.333358702 0.7606990721 
0.4497 -0.795796513 -0.1179921146 2.296348866 0.9059268411 -1.339820356 0.7739423926 
0.4497 -0.7880864423 -0.1250166567 2.299246236 0.8903533332 -1.346872467 0.7881616533 
0.4497 -0.7802022986 -0.1321862594 2.301956915 0.8748402454 -1.354020562 0.8023384439 
0.4497 -0.7721443613 -0.1394993805 2.304481596 0.8593922598 -1.361263776 0.8164747463 
0.4497 -0.763912971 -0.1469543409 2.306821068 0.8440142808 -1.368601278 0.8305725837 
0.4497 -0.7555085266 -0.154549325 2.30897622 0.8287114345 -1.376032281 0.8446340197 
0.4497 -0.7469314859 -0.1622823866 2.31094804 0.8134890663 -1.383556035 0.8586611546 
0.4497 -0.7381823637 -0.1701514496 2.312737623 0.7983527401 -1.391171831 0.8726561239 
0.4497 -0.7292617302 -0.1781543131 2.31434617 0.7833082348 -1.398878998 0.8866210944 
0.4497 -0.7201702091 -0.1862886585 2.315774994 0.7683615387 -1.406676907 0.900558264 
0.4497 -0.7109084749 -0.1945520549 2.31702552 0.7535188452 -1.414564961 0.9144698583 
0.4497 -0.7014772505 -0.202941965 2.318099287 0.7387865472 -1.422542604 0.9283581295 
0.4497 -0.6918415136 -0.2114529679 2.318987813 0.7241759832 -1.430625896 0.9422443067 
0.4497 -0.6820264019 -0.2200836423 2.319699663 0.7096920556 -1.438803472 0.9561170736 
0.4497 -0.6720416892 -0.2288317566 2.320239247 0.6953407974 -1.447070781 0.9699738941 
0.4497 -0.6628003649 -0.23707588 2.3206398 0.6821066723 -1.454740972 0.9827670438 
0.4497 -0.6525459751 -0.2460481834 2.320868571 0.6680188863 -1.463153217 0.9964896003 
0.3497 -0.6823472363 -0.1368818808 2.370426181 0.6366727885 -1.552171716 0.9455596654 
0.3497 -0.6718085638 -0.1470148364 2.369672485 0.6216839388 -1.560336171 0.9579580736 
0.3497 -0.6611324325 -0.1572608031 2.368740536 0.6068244133 -1.568558141 0.9703478817 
0.3497 -0.6500872266 -0.167594533 2.36755885 0.5921455004 -1.57695952 0.9828297817 
0.3497 -0.6393760545 -0.1780741103 2.366353236 0.5775275796 -1.585173834 0.9951117308 
0.3497 -0.6282778293 -0.1886303207 2.364896824 0.5631123294 -1.593578972 1.007499719 
0.3497 -0.617031059 -0.1992794378 2.363267929 0.5488661476 -1.602051446 1.019896452 
0.3497 -0.6056488815 -0.210017991 2.361473388 0.5347959908 -1.610585439 1.032299626 
0.3497 -0.594144748 -0.2208429247 2.359520294 0.5209080438 -1.619174884 1.044707117 
0.3497 -0.5825323612 -0.2317516229 2.357415977 0.5072076935 -1.627813506 1.057117008 
0.2497 -0.5991024143 -0.1325137905 2.396791734 0.4650840231 -1.70915109 0.9931484408 
0.2497 -0.587601408 -0.1446372261 2.393577474 0.4500663026 -1.71702329 1.004049708 
0.2497 -0.5769815293 -0.1559636094 2.390498982 0.4362622792 -1.724283087 1.01414457 
0.2497 -0.5650244418 -0.1682645007 2.386853213 0.4215586951 -1.732342744 1.025207551 
0.2497 -0.5535288321 -0.1804874749 2.383296539 0.4072019521 -1.740190512 1.036049128 
0.2497 -0.5415829708 -0.1929162782 2.379409804 0.3928728645 -1.748213123 1.047106913 
0.2497 -0.529626154 -0.2051794171 2.375458436 0.3790594736 -1.756295898 1.058080612 
0.2497 -0.5175626309 -0.2175819086 2.371330659 0.3653427621 -1.7643971 1.069132826 
0.2497 -0.5057659218 -0.2300646302 2.367193213 0.3517664421 -1.772345358 1.08011852 
0.2497 -0.4936576382 -0.2425442958 2.362839753 0.338515657 -1.78046122 1.09120181 
0.1497 -0.5009076812 -0.1526964635 2.390029924 0.2798332431 -1.848527776 1.010043118 
0.1497 -0.4893799625 -0.1661632423 2.384533809 0.2651126838 -1.85532281 1.01962271 
0.1497 -0.4778376205 -0.1796227515 2.378920943 0.2506527764 -1.862124682 1.029236879 
0.1497 -0.4660729922 -0.1930465013 2.373110298 0.2365175742 -1.869048808 1.038927357 
0.1497 -0.4547130036 -0.2065066659 2.367363594 0.222539478 -1.875758006 1.048572825 
0.1497 -0.4430007258 -0.2201100488 2.361321814 0.2087502469 -1.882594433 1.05842963 
0.1497 -0.4313338226 -0.2334711989 2.355281249 0.1955197494 -1.889504217 1.06821765 
0.1497 -0.4207653703 -0.2457494158 2.349707574 0.1833934281 -1.895823262 1.077157994 
0.1497 -0.4091513116 -0.2591077674 2.343496536 0.1705959785 -1.902710675 1.086996221 
0.1497 -0.3975260591 -0.2724424516 2.337199923 0.1580960624 -1.909619579 1.096875367 
0.0497 -0.401517807 -0.1885109955 2.352134105 0.08014375402 -1.956323854 0.9960073504 
0.0497 -0.3910315105 -0.2026934193 2.34477324 0.06610740118 -1.961327396 1.004759291 
0.0497 -0.3806782555 -0.2164079541 2.337468913 0.05251389264 -1.966390835 1.013232173 
0.0497 -0.370136941 -0.2300095568 2.329998261 0.03928534647 -1.971578724 1.021749561 
0.0497 -0.3600853924 -0.2435896291 2.322681052 0.02622395093 -1.976549961 1.030251778 
0.0497 -0.349791575 -0.2569739307 2.31519375 0.01357115543 -1.981689424 1.038739626 
0.0497 -0.3394094368 -0.270726747 2.307513146 0.001095236925 -1.986817999 1.047635976 
0 -0.3371471053 -0.2360753644 2.307505095 -0.05031245845 -2.002252298 0.9951317408 
0 -0.3277181118 -0.2496228895 2.29949706 -0.06309630796 -2.006313402 1.003300117 
0 -0.3183534735 -0.2630939568 2.291454258 -0.0755962739 -2.010381914 1.011506382 
0 -0.3090541302 -0.2764909094 2.283380796 -0.08781500021 -2.01445861 1.0197495 
0 -0.299820978 -0.2898163223 2.275280711 -0.09975530621 -2.01854422 1.028028565 
-0.0503 -0.3004576641 -0.2524626192 2.274090828 -0.1541407442 -2.025296842 0.9700201101 
-0.0503 -0.2922553053 -0.265789754 2.26568281 -0.1664799756 -2.028212989 0.9779636302 
-0.0503 -0.284125125 -0.2790703135 2.257247306 -0.1785634248 -2.031141671 0.9859775151 
-0.0503 -0.2759784155 -0.2917675325 2.248852669 -0.1902474791 -2.034155788 0.9935857328 
-0.0503 -0.267700288 -0.3050050849 2.240201495 -0.2017568007 -2.03723348 1.001805693 
-0.0503 -0.2595644453 -0.3178473263 2.231645294 -0.2129582935 -2.040312252 1.009761142 
-0.0503 -0.2514752257 -0.3306093773 2.22306864 -0.2238991233 -2.043415244 1.01774227 
-0.1503 -0.266784606 -0.2414067407 2.226066035 -0.3286393765 -2.029309676 0.8901192071 
-0.1503 -0.2608445962 -0.2537853256 2.217259495 -0.3406317565 -2.030026389 0.8975999734 
-0.1503 -0.2549671285 -0.266051277 2.208438211 -0.3524014288 -2.030764616 0.9051000975 
-0.1503 -0.2491496362 -0.2782067353 2.199602963 -0.3639521828 -2.031524769 0.9126170494 
-0.1503 -0.2434676417 -0.2899542484 2.190881437 -0.3752601154 -2.032261576 0.9198601993 
-0.1503 -0.2376850132 -0.3021948779 2.181893849 -0.3864117034 -2.033111962 0.9276918733 
-0.1503 -0.2321195541 -0.3140441942 2.173069804 -0.3973522831 -2.033906213 0.9352546892 
-0.1503 -0.2267809078 -0.3249252148 2.164745704 -0.4072658444 -2.034747011 0.9422604184 
-0.1503 -0.2212907642 -0.336577664 2.155889965 -0.4178096579 -2.03559312 0.9498343553 
-0.1503 -0.2158299621 -0.3481304519 2.147015139 -0.4281510358 -2.03646875 0.9574105667 
-0.2503 -0.2430870982 -0.2512354979 2.153481588 -0.5346079842 -1.989438042 0.8329137504 
-0.2503 -0.2398829556 -0.2621038906 2.14471673 -0.545761438 -1.988031418 0.8406664679 
-0.2503 -0.2367075741 -0.2728390056 2.135929062 -0.5567525446 -1.986650203 0.8484132555 
-0.2503 -0.2335562064 -0.2834418002 2.127117482 -0.5675835675 -1.985294383 0.8561512134 
-0.2503 -0.2304242404 -0.2939132322 2.118280973 -0.5782566201 -1.983963855 0.8638775189 
-0.2503 -0.2273071995 -0.3042542666 2.109418605 -0.5887736777 -1.982658428 0.8715894253 
-0.2503 -0.2243900943 -0.3143967485 2.100671162 -0.5991748308 -1.981295752 0.8792275201 
-0.2503 -0.2215298737 -0.3244237869 2.091921538 -0.6094418906 -1.979939933 0.8868627422 
-0.2503 -0.2187251547 -0.3343393358 2.083169172 -0.6195784638 -1.978590672 0.8944961476 
-0.2503 -0.2158753376 -0.3444559996 2.074246355 -0.6295892254 -1.977356909 0.9024282698 
-0.2503 -0.2131561915 -0.3542087532 2.065458039 -0.6394703992 -1.976044208 0.9101075807 
-0.2503 -0.2104921339 -0.3638451838 2.056673475 -0.6492298255 -1.974733474 0.917772234 
-0.2503 -0.2081066733 -0.372583249 2.048580399 -0.6581900581 -1.973473159 0.9247723624 
-0.2503 -0.2055462778 -0.3820092311 2.039800438 -0.6677257794 -1.972164131 0.9324158937 
-0.2503 -0.2033073122 -0.3913814775 2.031164703 -0.6772359994 -1.970772784 0.9401220344 
-0.2503 -0.200558077 -0.4006004193 2.022216329 -0.6864601655 -1.969572423 0.9477210681 
-0.2503 -0.1984770852 -0.4095726446 2.013681699 -0.695767753 -1.968098331 0.955219641 
-0.2503 -0.1959391324 -0.4183981009 2.004868814 -0.7048085888 -1.966788633 0.962616013 
-0.2503 -0.1935444769 -0.427515845 1.995985609 -0.7137949683 -1.965573156 0.97039157 
-0.2503 -0.1913177018 -0.4362711688 1.98726244 -0.7227139373 -1.964219882 0.9779058519 
-0.2503 -0.1891469768 -0.4449196595 1.978550908 -0.7315422554 -1.962853596 0.9853977518 
-0.2503 -0.1870326894 -0.4534620574 1.969851868 -0.7402832988 -1.961472513 0.9928666834 
-0.2503 -0.1849752845 -0.4618990282 1.96116617 -0.7489404328 -1.960074824 1.000312108 
-0.2503 -0.1831306572 -0.46993706 1.952673893 -0.7575729528 -1.958482703 1.007468556 
-0.2503 -0.1813613294 -0.4783155299 1.944062946 -0.766141298 -1.957043533 1.015033565 
-0.2503 -0.1791496795 -0.4865828727 1.935197575 -0.7744419238 -1.95576365 1.02250265 
-0.2503 -0.1776825738 -0.4943756022 1.926836375 -0.7829397057 -1.954052157 1.029680652 
-0.2503 -0.1760242517 -0.5018711805 1.918730683 -0.7907042809 -1.952686785 1.036624945 
-0.2503 -0.1741574673 -0.5094777434 1.910179734 -0.7988022359 -1.951142421 1.043687215 
-0.2503 -0.1723310057 -0.5174977317 1.901422022 -0.8068914424 -1.949781538 1.05121779 
-0.2503 -0.1707472439 -0.5251129071 1.892871877 -0.8150020767 -1.948185013 1.058463023 
-0.2503 -0.1692269865 -0.5326249095 1.884342568 -0.8230588535 -1.946554486 1.065681887 
-0.2503 -0.1677712932 -0.5400335289 1.875834936 -0.8310651996 -1.944887839 1.072874265 
-0.2503 -0.1663812906 -0.5473384525 1.867349824 -0.839024566 -1.943182917 1.080040079 
-0.2503 -0.1653788884 -0.5543355885 1.859107056 -0.8470913755 -1.941219688 1.087049633 
-0.2503 -0.1638032199 -0.5616354232 1.85045055 -0.854816311 -1.939649409 1.094291917 
-0.2503 -0.1627914705 -0.5686388238 1.842118987 -0.8627333522 -1.937763833 1.10142222 
-0.2503 -0.1615032342 -0.5755111237 1.833651579 -0.8704623379 -1.93593583 1.108437602 
-0.2503 -0.1604611223 -0.5822890229 1.82529187 -0.8782397066 -1.934005637 1.115470885 
-0.2503 -0.1594930078 -0.588958992 1.816959846 -0.8859915366 -1.932023271 1.122478014 
-0.2503 -0.1586005498 -0.5955199009 1.808656397 -0.8937215595 -1.929986234 1.129459211 
-0.2503 -0.157841105 -0.6015134199 1.800972422 -0.900883222 -1.928043518 1.135918763 
-0.2503 -0.1570995548 -0.6078603195 1.792726628 -0.908581938 -1.925893783 1.142850747 
-0.2503 -0.1566864859 -0.6141044773 1.784620411 -0.9163887362 -1.923608615 1.149824098 
-0.2503 -0.1562565601 -0.619889156 1.776593247 -0.9241735615 -1.921079236 1.15645589 
-0.2503 -0.1553690401 -0.6262153937 1.768180456 -0.9316308112 -1.919059682 1.163498389 
-0.2503 -0.1550968799 -0.6321028096 1.760121925 -0.9393770034 -1.916605057 1.170369532 
-0.2503 -0.1548808953 -0.6378674434 1.752083321 -0.9471135456 -1.91408674 1.177209006 
-0.2503 -0.1547248483 -0.6435075299 1.744066647 -0.9548449716 -1.911501251 1.184017652 
-0.2503 -0.1542954793 -0.6490171339 1.73593451 -0.9624056279 -1.908943137 1.190701926 
-0.2503 -0.1542632817 -0.6544038973 1.727965896 -0.9701355949 -1.906214639 1.197448886 
-0.2503 -0.1543307694 -0.6596599186 1.72003656 -0.9778890393 -1.903400081 1.204175912 
-0.2503 -0.1547799064 -0.664781038 1.712259694 -0.9858150534 -1.900415481 1.210963938 
-0.2503 -0.1549846279 -0.6697657603 1.704383126 -0.9935938147 -1.897439423 1.217634265 
-0.2503 -0.1554865188 -0.6744389724 1.696421195 -1.001460747 -1.894061943 1.224427194 
-0.2503 -0.1556547333 -0.6793153867 1.688734763 -1.009232118 -1.891214624 1.23090503 
-0.2503 -0.1567154914 -0.6830998081 1.681716701 -1.016888836 -1.887599608 1.236993586 
-0.2503 -0.1570690387 -0.6879611596 1.67394621 -1.024668319 -1.884725747 1.243838744 
-0.2503 -0.157964804 -0.692217769 1.666342804 -1.032748518 -1.881205165 1.250391785 
-0.2503 -0.1589610219 -0.6963161909 1.658778841 -1.040879126 -1.877577684 1.256951986 
-0.2503 -0.160062897 -0.7002524265 1.651256662 -1.049066246 -1.873839047 1.26351968 
-0.2503 -0.1612752159 -0.7040231387 1.643777402 -1.057315496 -1.869985321 1.270201042 
-0.2503 -0.1626045234 -0.7076221719 1.636345973 -1.065634579 -1.866011423 1.276784076 
-0.2503 -0.164056405 -0.7110449575 1.6289648 -1.074030056 -1.861912974 1.283274765 
-0.2503 -0.1657987859 -0.7141506396 1.621501663 -1.082620253 -1.857449317 1.290029305 
-0.2503 -0.1673479686 -0.7173465722 1.614357213 -1.091073932 -1.85332672 1.296499546 
-0.2503 -0.169465887 -0.7201033803 1.607107189 -1.099894756 -1.848625638 1.303234698 
-0.2503 -0.1716872058 -0.7226876729 1.599940601 -1.108787608 -1.84383157 1.309935332 
-0.2503 -0.1737878676 -0.7253086495 1.593004965 -1.117662099 -1.839273127 1.316406307 
-0.2503 -0.1762108043 -0.7275587099 1.586031813 -1.126703411 -1.834312134 1.323018382 
-0.2503 -0.1785845392 -0.7294573161 1.579594424 -1.135214267 -1.829568849 1.329174747 
-0.2503 -0.1813153189 -0.731288302 1.57272782 -1.144519991 -1.824303288 1.33584039 
-0.2503 -0.1844115991 -0.7327004817 1.565799178 -1.154049851 -1.818587665 1.342710927 
-0.2503 -0.1874252617 -0.7341256863 1.559107329 -1.163608482 -1.813075342 1.349377786 
-0.2503 -0.1905990429 -0.7353321296 1.5525016 -1.173306849 -1.807419621 1.356141414 
-0.2503 -0.1939423162 -0.7363106482 1.545987795 -1.183154522 -1.801613453 1.362757135 
-0.2503 -0.1976186652 -0.7369456717 1.539513902 -1.193240148 -1.795490686 1.369601148 
-0.2503 -0.201468996 -0.73733528 1.533126601 -1.203485492 -1.789205842 1.376479551 
-0.2503 -0.2055008029 -0.7374720373 1.526828301 -1.213898379 -1.782753345 1.38339943 
-0.2503 -0.2097213778 -0.7373485947 1.520621484 -1.224486577 -1.776128037 1.390368171 
-0.2503 -0.2141377654 -0.7369577374 1.514508696 -1.235257754 -1.769325229 1.397393449 
-0.2503 -0.2187567181 -0.7362924349 1.50849255 -1.246219442 -1.762340745 1.404483218 
-0.2503 -0.2236127777 -0.7353184663 1.502513575 -1.257479437 -1.75513977 1.411700797 
-0.2503 -0.2286023944 -0.7341369772 1.496815602 -1.268654023 -1.747840492 1.418839896 
-0.2503 -0.2338913015 -0.73258322 1.491051326 -1.280320113 -1.740264182 1.426199911 
-0.2503 -0.2390153692 -0.7308776212 1.485841724 -1.291285645 -1.733058795 1.433144628 
-0.2503 -0.2445012938 -0.7289467805 1.480439104 -1.303160823 -1.725367905 1.44046861 
-0.2503 -0.2504443205 -0.7264361561 1.47494943 -1.315393041 -1.71713802 1.44819652 
-0.2503 -0.256475896 -0.7237718724 1.469684583 -1.327772993 -1.708915746 1.455873021 
-0.2503 -0.2627219639 -0.7208090325 1.464546585 -1.34037607 -1.700522086 1.463658862 
-0.2503 -0.2691843879 -0.7175461097 1.459539971 -1.353206023 -1.691960185 1.471560847 
-0.2503 -0.2758646485 -0.7139821016 1.454669299 -1.366266198 -1.683233794 1.479585806 
-0.2503 -0.2827638306 -0.7101165534 1.449939138 -1.379559521 -1.674347284 1.487740577 
-0.2503 -0.2898826135 -0.7059495786 1.44535405 -1.393088477 -1.665305642 1.496031975 
-0.2503 -0.2970927155 -0.701653649 1.441052575 -1.406767973 -1.656309827 1.504263003 
-0.2503 -0.3047796463 -0.6967147301 1.436637218 -1.420860942 -1.646779992 1.513051652 
-0.2503 -0.3122823335 -0.691715146 1.43243833 -1.434933068 -1.637367311 1.521664039 
-0.2503 -0.3199828234 -0.6864267779 1.428397331 -1.449232644 -1.627826544 1.530425944 
-0.2503 -0.3282549095 -0.6807620188 1.424621664 -1.463998034 -1.618089947 1.539524748 
-0.2503 -0.3364221188 -0.6748866152 1.420929628 -1.478800804 -1.608303285 1.548642672 
-0.2503 -0.3441500729 -0.6691887084 1.417646014 -1.492731032 -1.599128143 1.55724497 
-0.2503 -0.3526213943 -0.6627972947 1.414268357 -1.507928041 -1.589161331 1.566657281 
-0.2503 -0.3612403171 -0.6561475025 1.411057784 -1.523323164 -1.579114333 1.576225316 
-0.2503 -0.3699995828 -0.6492462199 1.408016881 -1.538911552 -1.56899642 1.585950681 
-0.2503 -0.3787012361 -0.642148495 1.40509662 -1.554566391 -1.558846879 1.595733986 
-0.2503 -0.3879089664 -0.6347188228 1.402453592 -1.570646837 -1.548585464 1.605877917 
-0.2503 -0.3967825219 -0.6271742026 1.399865372 -1.586615509 -1.538347838 1.615939215 
-0.2503 -0.4062874546 -0.6192779914 1.397595752 -1.603087974 -1.528004057 1.626444182 
-0.2503 -0.4156326532 -0.6112360497 1.395435963 -1.61955757 -1.517672958 1.636966918 
-0.2503 -0.4250710437 -0.6029914492 1.393457656 -1.636184327 -1.50732728 1.647648643 
-0.2503 -0.4345945245 -0.5945531874 1.391662129 -1.652961343 -1.496976084 1.65848836 
-0.2503 -0.444195019 -0.5859303958 1.39005048 -1.669881545 -1.486628229 1.669484738 
-0.2503 -0.4538645097 -0.5771322982 1.388623607 -1.686937721 -1.476292326 1.680636134 
-0.2503 -0.4635950664 -0.5681681735 1.387382206 -1.704122547 -1.465976715 1.691940608 
-0.2503 -0.4726784306 -0.5597038071 1.386395989 -1.720188612 -1.456423132 1.702572753 
-0.2503 -0.4825048147 -0.5504457238 1.385513521 -1.737600599 -1.446169058 1.714165964 
-0.2503 -0.4922301338 -0.5411627334 1.384734709 -1.754986894 -1.436123919 1.725876463 
-0.2503 -0.5021425727 -0.5316231535 1.384233377 -1.772619829 -1.425943254 1.737759986 
-0.2503 -0.5121811005 -0.5218790581 1.383980698 -1.790442626 -1.415698089 1.749807829 
-0.2503 -0.5221240085 -0.5121155342 1.38384588 -1.808242333 -1.405649748 1.761967655 
-0.2503 -0.53207211 -0.5022533656 1.383892844 -1.826114083 -1.39567634 1.77425944 
-0.1503 -0.1924004968 -0.9266762689 1.253145614 -1.448430691 -1.683038854 1.687839873 
-0.1503 -0.2146925951 -0.9026574025 1.252671733 -1.480504843 -1.659932033 1.699153897 
-0.1503 -0.2359311361 -0.8798035468 1.252470168 -1.511390842 -1.63802693 1.710762631 
-0.1503 -0.256312033 -0.8578764982 1.252534179 -1.541332293 -1.617123023 1.722646331 
-0.1503 -0.2759707465 -0.8367126308 1.252857442 -1.570497377 -1.597080253 1.734786874 
-0.1503 -0.2950051705 -0.8161946174 1.253433972 -1.599007243 -1.577796122 1.747167556 
-0.1503 -0.3134885496 -0.7962354842 1.254258058 -1.626952047 -1.559192768 1.759772914 
-0.1503 -0.3314772483 -0.7767690223 1.25532421 -1.65440062 -1.54120918 1.772588577 
-0.1503 0.1823525924 -1.448230288 1.21416308 -1.006540975 -2.025019455 1.694695123 
-0.1503 0.1880280416 -1.461527966 1.211231991 -1.002505406 -2.027576694 1.698869522 
-0.1503 0.1935072733 -1.47461917 1.208386339 -0.9986675465 -2.029920274 1.702989893 
-0.1503 0.1988147257 -1.487532919 1.205627612 -0.9949976396 -2.032074826 1.707058772 
-0.1503 0.2039707923 -1.500293258 1.202957177 -0.9914709743 -2.034060879 1.711078446 
-0.1503 0.2089926745 -1.512920301 1.200376294 -0.9880668303 -2.03589572 1.715050994 
-0.1503 0.2138950156 -1.525431012 1.197886132 -0.9847676899 -2.037594037 1.718978319 
-0.1503 0.2186268754 -1.537841882 1.195621144 -0.9816650679 -2.039262312 1.722755552 
-0.1503 0.2232373906 -1.550197649 1.193186085 -0.9785283201 -2.040706491 1.726761188 
-0.1503 0.228002332 -1.562399052 1.190970449 -0.9753614062 -2.041987268 1.730505859 
-0.1503 0.2325366824 -1.5745692 1.188853307 -0.9723526794 -2.043249394 1.734268627 
-0.1503 0.237000043 -1.586677276 1.18683163 -0.9693924079 -2.044423269 1.737993823 
-0.1503 0.2413989054 -1.598730115 1.184906192 -0.9664733607 -2.045515247 1.741682716 
-0.1503 0.2457390521 -1.610733657 1.183077716 -0.9635892134 -2.046530957 1.745336515 
-0.1503 0.249889814 -1.622712115 1.181342206 -0.9608332509 -2.047533413 1.748998749 
-0.1503 0.2538777515 -1.633769038 1.179940089 -0.9582196249 -2.048391257 1.752204377 
-0.1503 0.2581583114 -1.645649198 1.178286865 -0.9552941514 -2.049111614 1.755845743 
-0.1503 0.2617653521 -1.656717874 1.176653815 -0.9533989112 -2.049367372 1.759168562 
-0.1503 0.2662935702 -1.669339486 1.175494392 -0.9498217924 -2.050628524 1.762907311 
-0.1503 0.2705133944 -1.681125154 1.174262769 -0.9469471129 -2.051224673 1.766337382 
-0.1503 0.2745646553 -1.692897939 1.173122411 -0.9441839906 -2.051823965 1.769777568 
-0.1503 0.2785870255 -1.704647911 1.17208326 -0.9414264382 -2.052374896 1.773190807 
-0.1503 0.2825829676 -1.716376695 1.171145681 -0.9386724799 -2.052879608 1.77657801 
-0.1503 0.2865547574 -1.728085657 1.170310009 -0.9359203956 -2.053340044 1.77994007 
-0.1503 0.2903521509 -1.739779493 1.169558349 -0.9332893582 -2.053812148 1.78331275 
-0.1503 0.2939724499 -1.750775267 1.168762862 -0.9311938692 -2.053720908 1.786384766 
-0.1503 0.2983455613 -1.763103931 1.168417246 -0.9276615139 -2.054472446 1.789884101 
-0.1503 0.3019160771 -1.774206504 1.16790514 -0.9255143215 -2.054464338 1.792922487 
-0.1503 0.3060308865 -1.786365056 1.167656074 -0.9222152492 -2.055064179 1.796421216 
-0.1503 0.3097109352 -1.797144492 1.1674626 -0.9195750642 -2.055245433 1.799402663 
-0.1503 0.3135661028 -1.808737081 1.167339375 -0.9168051595 -2.055439284 1.802613947 
-0.1503 0.3174104445 -1.820313998 1.167319509 -0.914030113 -2.055598953 1.805806722 
-0.1503 0.3212452175 -1.831875145 1.167403039 -0.9112496536 -2.055725219 1.808981781 
-0.1503 0.3248990661 -1.843412983 1.167557826 -0.908606341 -2.055873674 1.81216778 
-0.1503 0.3287593978 -1.854942877 1.167854892 -0.9057809508 -2.055921604 1.815302125 
-0.1503 0.3323736331 -1.865935825 1.168145686 -0.9034751665 -2.055607632 1.818185119 
-0.1503 0.3365115282 -1.877956618 1.168770754 -0.9000716276 -2.055908985 1.821520437 
-0.1503 0.3400987545 -1.888993836 1.169341386 -0.8977471116 -2.055647072 1.824355536 
-0.1503 0.3440619444 -1.900889625 1.170061823 -0.8944947903 -2.055831266 1.827710164 
-0.1503 0.3478439395 -1.912328497 1.170863524 -0.8916899744 -2.055743782 1.830784219 
-0.1503 0.3516324754 -1.923748218 1.171769456 -0.8888738652 -2.055624049 1.833845492 
-0.1503 0.3554290237 -1.935148174 1.172779688 -0.8860462592 -2.055472129 1.836894814 
-0.1503 0.3592350275 -1.946527705 1.173894269 -0.8832070027 -2.055288035 1.839933027 
-0.1503 0.3630745791 -1.957929307 1.175136607 -0.8803296644 -2.055078846 1.842962526 
-0.1503 0.3665295643 -1.968406396 1.176318644 -0.8777638968 -2.054864422 1.845770479 
-0.1503 0.3701950707 -1.979288854 1.177685451 -0.8753259243 -2.054337199 1.848521172 
-0.1503 0.374229165 -1.99101361 1.179262952 -0.8720035339 -2.0542739 1.85178278 
-0.1503 0.3778732237 -2.00186133 1.180868226 -0.8695917315 -2.053740232 1.854490405 
-0.1503 0.3818159573 -2.013505035 1.182574753 -0.8663475436 -2.053602548 1.857776922 
-0.1503 0.3856199791 -2.024709602 1.184380634 -0.8635167027 -2.053221491 1.860764804 
-0.1503 0.3894327416 -2.035885446 1.186286137 -0.8606841622 -2.052809764 1.863747443 
-0.1503 0.3932554749 -2.047031579 1.188290972 -0.8578500906 -2.052367016 1.866725513 
-0.1503 0.3970893999 -2.058147005 1.190394833 -0.8550146709 -2.051892867 1.869699692 
-0.1503 0.4009357297 -2.069230716 1.1925974 -0.8521781002 -2.051386907 1.872670666 
-0.1503 0.4047956696 -2.080281696 1.194898337 -0.8493405868 -2.050848699 1.875639127 
-0.1503 0.4085513215 -2.090910894 1.197307052 -0.8468784282 -2.050081077 1.87830596 
-0.1503 0.412561168 -2.102281379 1.199793903 -0.8436636209 -2.049673648 1.881571315 
-0.1503 0.4164085991 -2.112950933 1.202491472 -0.8411513583 -2.048872285 1.884221216 
-0.1503 0.4199878236 -2.123343968 1.204841555 -0.8382959786 -2.048447072 1.887287174 
-0.1503 0.423891783 -2.134213386 1.207607884 -0.8354914351 -2.047753457 1.890251408 
-0.1503 0.4278048169 -2.145042435 1.210466058 -0.832697073 -2.047027528 1.893216323 
-0.1503 0.431728028 -2.155830061 1.213415484 -0.8299131536 -2.046268679 1.89618239 
-0.1503 0.4356625198 -2.166575219 1.216455562 -0.8271399306 -2.045476283 1.899150086 
-0.1503 0.4396093962 -2.177276878 1.219585683 -0.8243776497 -2.044649695 1.902119892 
-0.1503 0.4435697625 -2.187934018 1.222805231 -0.821626548 -2.043788251 1.905092293 
-0.1503 0.4474521652 -2.198170677 1.226138407 -0.819227792 -2.042706031 1.907751664 
-0.1503 0.4515353938 -2.209110736 1.229510106 -0.816158786 -2.041958046 1.911046838 
-0.1503 0.4554173235 -2.219338934 1.232806737 -0.8137077069 -2.040684975 1.913921108 
-0.1503 0.4596602186 -2.230199542 1.236640626 -0.8106666734 -2.039968043 1.91703564 
-0.1503 0.4637057227 -2.240618713 1.240298118 -0.8079749907 -2.038920559 1.920029225 
-0.1503 0.4677420017 -2.250954903 1.244016821 -0.8053178565 -2.037838177 1.923022178 
-0.1503 0.4717705581 -2.261208453 1.247796536 -0.8026940259 -2.036720922 1.926014456 
-0.1503 0.4757928693 -2.271379673 1.251637058 -0.8001022763 -2.035568788 1.929006034 
-0.1503 0.4795570069 -2.280936316 1.255354573 -0.7977160401 -2.034476348 1.931806781 
-0.1503 0.4836555889 -2.291091977 1.25940507 -0.7951322586 -2.033244134 1.934823151 
-0.1503 0.4876987872 -2.300816034 1.263578409 -0.7928854241 -2.03179249 1.937503996 
-0.1503 0.4918959532 -2.31123404 1.267737619 -0.7900316675 -2.03065878 1.940873055 
-0.1503 0.4961061876 -2.32122756 1.272043786 -0.7874612659 -2.029286014 1.943917885 
-0.1503 0.5003221035 -2.331160992 1.276420744 -0.7849230352 -2.02787377 1.946968174 
-0.1503 0.5045447775 -2.3410336 1.280867611 -0.7824168756 -2.026421217 1.950023958 
-0.1503 0.5087752945 -2.350844674 1.285383511 -0.7799426588 -2.024927516 1.953085278 
-0.1503 0.5130147482 -2.360593533 1.28996758 -0.7775002293 -2.023391822 1.956152182 
-0.1503 0.5172642405 -2.370279519 1.294618962 -0.7750894045 -2.021813284 1.95922473 
-0.1503 0.5215248818 -2.379902 1.299336808 -0.7727099756 -2.020191039 1.962302987 
-0.1503 0.5257977912 -2.38946037 1.304120278 -0.7703617088 -2.018524219 1.965387028 
-0.1503 0.530084096 -2.398954045 1.308968541 -0.7680443456 -2.01681195 1.968476939 
-0.1503 0.5343849325 -2.408382465 1.313880771 -0.7657576042 -2.015053345 1.971572812 
-0.1503 0.5388528458 -2.417793381 1.318929862 -0.763392945 -2.013203524 1.974713269 
-0.1503 0.5428944035 -2.426400634 1.323599935 -0.76130248 -2.011479307 1.977601083 
-0.1503 0.5473520231 -2.435648025 1.328738012 -0.7590221738 -2.00954876 1.980742552 
-0.1503 0.5518169897 -2.444826538 1.333932218 -0.7567810464 -2.007571311 1.983888924 
-0.1503 0.5562904005 -2.453935734 1.339181684 -0.7545786411 -2.005546098 1.98704007 
-0.1503 0.5607733615 -2.462975198 1.344485555 -0.7524144743 -2.003472255 1.990195874 
-0.1503 0.5652669886 -2.471944535 1.349842991 -0.7502880359 -2.001348908 1.993356227 
-0.1503 0.5697724063 -2.48084337 1.355253164 -0.7481987911 -1.999175179 1.996521039 
-0.1503 0.5743989848 -2.489624805 1.360999076 -0.7461723492 -1.997055228 1.99949503 
-0.1503 0.5788231572 -2.498428129 1.366228462 -0.7441296232 -1.994673037 2.002863721 
-0.1503 0.5836943661 -2.507111252 1.372248721 -0.7419900525 -1.992390389 2.005881113 
-0.1503 0.588295354 -2.515803919 1.377563581 -0.7399589072 -1.989842951 2.009337153 
-0.1503 0.5927810311 -2.524327458 1.383184185 -0.7381146988 -1.987433261 2.01249501 
-0.1503 0.5974654561 -2.532782699 1.388917711 -0.7361671152 -1.984915584 2.015710863 
-0.1503 0.6021662013 -2.54114859 1.394690538 -0.7342469725 -1.982345583 2.018928874 
-0.1503 0.6066110068 -2.548926753 1.400144151 -0.7324853469 -1.97987458 2.021949554 
-0.1503 0.6115885314 -2.557215916 1.406113402 -0.7304850188 -1.977109252 2.02526086 
-0.1503 0.616363122 -2.56540675 1.412038257 -0.7286748529 -1.974355244 2.028503098 
-0.1503 0.6212787214 -2.573469588 1.418362239 -0.7268584143 -1.971640239 2.031543496 
-0.1503 0.6259511013 -2.581563182 1.42400507 -0.7251716593 -1.968675097 2.034990542 
-0.1503 0.6311032886 -2.589499162 1.430444964 -0.7233124919 -1.965768434 2.038126815 
-0.1503 0.6358349008 -2.597437392 1.436289188 -0.7216135528 -1.962686614 2.041535679 
-0.1503 0.6407916153 -2.605267372 1.442368826 -0.7199689823 -1.959595932 2.044853451 
-0.1503 0.6458050961 -2.613020046 1.448573521 -0.7182876158 -1.956435647 2.048156057 
-0.1503 0.6508527754 -2.620697943 1.454818168 -0.7166322874 -1.953207004 2.051465906 
-0.1503 0.6559645388 -2.628296494 1.461205024 -0.7149254934 -1.949904753 2.054754825 
-0.1503 0.6610773761 -2.635824685 1.467508639 -0.7133347473 -1.946537191 2.058083434 
-0.1503 0.6662241371 -2.643277782 1.473842806 -0.7117738041 -1.943099173 2.061420526 
-0.1503 0.671621961 -2.650613269 1.480509179 -0.7101865195 -1.939640285 2.06464652 
-0.1503 0.676623007 -2.657957743 1.486603986 -0.7087359467 -1.936008329 2.06811805 
-0.1503 0.6816643656 -2.66464539 1.492791909 -0.7072891337 -1.93263517 2.071169442 
-0.1503 0.6868095443 -2.671822427 1.499096485 -0.7058535187 -1.928889072 2.074583672 
-0.1503 0.6921476671 -2.678899631 1.505621008 -0.7043931872 -1.925087786 2.077944808 
-0.1503 0.6975249285 -2.685900165 1.512176252 -0.70295567 -1.921210331 2.081311535 
-0.1503 0.7029419057 -2.692823838 1.518761207 -0.7015404939 -1.917255804 2.084683633 
-0.1503 0.7083991803 -2.69967046 1.525374871 -0.7001471641 -1.913223297 2.088060876 
-0.1503 0.7139295446 -2.706432856 1.532119303 -0.6986982682 -1.909102042 2.091413903 
-0.1503 0.7194583682 -2.713127024 1.538752189 -0.6973732935 -1.90491384 2.094810588 
-0.1503 0.7252510394 -2.719708387 1.545672426 -0.6960010954 -1.900666208 2.098141321 
-0.1503 0.7306430351 -2.726282641 1.552096695 -0.6947816303 -1.896295116 2.101616539 
-0.1503 0.7365895597 -2.732745872 1.559075377 -0.6934369499 -1.891831091 2.105006249 
-0.1503 0.7420386997 -2.739173826 1.565547916 -0.6922946147 -1.8873072 2.108464899 
-0.1503 0.7478229665 -2.745470872 1.572415667 -0.6909799044 -1.882690514 2.111849025 
-0.1503 0.7536124274 -2.751681458 1.579216556 -0.6897360557 -1.878011842 2.115252288 
-0.1503 0.7594334553 -2.757798849 1.586030272 -0.6885012919 -1.873261482 2.118650813 
-0.1503 0.764931339 -2.763416699 1.592485464 -0.6872994453 -1.868741061 2.121787299 
-0.1503 0.7708572862 -2.769411335 1.599316428 -0.6861306358 -1.863799843 2.125213524 
-0.1503 0.7768318878 -2.775326319 1.606168354 -0.68497321 -1.858769147 2.1286406 
-0.1503 0.7830973775 -2.781134192 1.613268319 -0.6837450295 -1.853633978 2.132048074 
-0.1503 0.7889310157 -2.78691589 1.619935089 -0.6826864463 -1.848434516 2.135494783 
-0.1503 0.7951322911 -2.79258702 1.626970194 -0.681605512 -1.843158158 2.138860801 
-0.1503 0.801397685 -2.798160816 1.634091819 -0.6804408405 -1.837769798 2.142206584 
-0.1503 0.8075186519 -2.803735234 1.640770461 -0.6793233739 -1.832177768 2.145787396 
-0.1503 0.8137897831 -2.809154796 1.647728375 -0.6782063656 -1.826599084 2.149204379 
-0.1503 0.8200987075 -2.814480425 1.654691721 -0.6770883986 -1.8209407 2.152613375 
-0.1503 0.8264455099 -2.819711829 1.661659957 -0.675967636 -1.815202763 2.156013749 
-0.1503 0.8329163647 -2.824925964 1.668663087 -0.6748989683 -1.809284291 2.15945024 
-0.1503 0.8395312492 -2.829964696 1.675952103 -0.6738087673 -1.803400794 2.162708111 
-0.1503 0.8460335606 -2.83500991 1.682849977 -0.6727317843 -1.79728225 2.166279879 
-0.1503 0.8520870888 -2.839639591 1.689179713 -0.6717375196 -1.791482904 2.169454539 
-0.1503 0.858774503 -2.844481684 1.696273019 -0.6706782227 -1.785244053 2.172818615 
-0.1503 0.8655092342 -2.849245365 1.70334978 -0.6696177287 -1.77889339 2.1761918 
-0.1503 0.8722923608 -2.853929983 1.710410429 -0.6685545721 -1.772429923 2.17957277 
-0.1503 0.879124961 -2.858534855 1.717455395 -0.6674872719 -1.76585266 2.182960175 
-0.1503 0.8860081098 -2.863059267 1.724485103 -0.6664143288 -1.759160616 2.186352638 
-0.1503 0.8929428796 -2.867502477 1.731499967 -0.6653342222 -1.752352816 2.189748755 
-0.1503 0.8999303371 -2.871863714 1.738500398 -0.6642454082 -1.745428293 2.193147097 
-0.1503 0.9069715431 -2.87614218 1.745486799 -0.6631463165 -1.738386093 2.196546206 
-0.1503 0.9140675499 -2.880337049 1.752459563 -0.6620353481 -1.731225277 2.199944598 
-0.1503 0.9212194006 -2.884447471 1.75941908 -0.6609108722 -1.723944922 2.203340762 
-0.1503 0.9285803475 -2.888394252 1.766710711 -0.6597730876 -1.716683362 2.206551141 
-0.1503 0.9357595705 -2.892375531 1.773445764 -0.6586662665 -1.709125481 2.210034565 
-0.1503 0.9431219932 -2.896207328 1.780450456 -0.6575252421 -1.701545682 2.213366987 
-0.1503 0.9505465243 -2.899950282 1.787448144 -0.656369769 -1.693851315 2.216688815 
-0.1503 0.9574966786 -2.903345868 1.793938916 -0.6552825622 -1.686603206 2.219763236 
-0.1503 0.9650420475 -2.906915972 1.800920479 -0.6540948909 -1.678685471 2.223062517 
-0.1503 0.9726505683 -2.910395641 1.807892321 -0.6528882034 -1.67065071 2.226348951 
-0.1503 0.9645010021 -2.906663957 1.800422108 -0.6541803361 -1.679254895 2.22282727 
-0.1503 0.9569601319 -2.903087415 1.793439886 -0.6553667106 -1.687164302 2.219527103 
-0.1503 0.9500141325 -2.899685886 1.786948561 -0.6564528143 -1.69440473 2.216451908 
-0.1503 0.9426719923 -2.895969029 1.780000475 -0.6576734215 -1.702041417 2.213135018 
-0.1503 0.9352703796 -2.892079327 1.773022444 -0.6587759041 -1.709718447 2.209750497 
-0.1503 0.9279866204 -2.888145736 1.766039759 -0.6599109819 -1.717194051 2.206390435 
-0.1503 0.9207603215 -2.884126428 1.759043583 -0.6610307582 -1.724549963 2.203026138 
-0.1503 0.913590502 -2.880022243 1.752033604 -0.6621369459 -1.731787071 2.199659071 
-0.1503 0.906476169 -2.875833996 1.745009501 -0.6632312247 -1.738906283 2.196290671 
-0.1503 0.8994163195 -2.871562476 1.737970947 -0.6643152448 -1.745908528 2.192922346 
-0.1503 0.8924099416 -2.867208446 1.730917608 -0.6653906289 -1.752794748 2.189555475 
-0.1503 0.8855106238 -2.862816727 1.72386266 -0.666500098 -1.759496545 2.186219741 
-0.1503 0.878553521 -2.858255777 1.716765209 -0.6675218571 -1.766222949 2.182831479 
-0.1503 0.8717878456 -2.853612308 1.709867586 -0.6685806422 -1.772841628 2.179365849 
-0.1503 0.8650713306 -2.848889164 1.702955022 -0.6696343216 -1.779345244 2.17590599 
-0.1503 0.8584028586 -2.844087099 1.696027005 -0.670684301 -1.78573477 2.172453376 
-0.1503 0.8516499813 -2.83927682 1.688771485 -0.6717415778 -1.791905844 2.169180255 
-0.1503 0.8454940754 -2.834700252 1.682169956 -0.6728174779 -1.797651662 2.166043874 
-0.1503 0.838975526 -2.829695619 1.675172974 -0.6739137874 -1.803696193 2.162640929 
-0.1503 0.8324974564 -2.824596734 1.668178642 -0.6750047643 -1.80965743 2.159228595 
-0.1503 0.8261589009 -2.819350418 1.661425651 -0.6760885278 -1.815616136 2.155674028 
-0.1503 0.8196954591 -2.814094448 1.65427326 -0.6772237487 -1.821387609 2.152321954 
-0.1503 0.8133050765 -2.808737676 1.647217089 -0.678264175 -1.82704055 2.148941759 
-0.1503 0.8072810788 -2.803276542 1.640480252 -0.6792797533 -1.832592082 2.145516142 
-0.1503 0.8009302401 -2.797715586 1.633627913 -0.6804685518 -1.838205449 2.141919531 
-0.1503 0.7946442334 -2.792179442 1.626428421 -0.6815790315 -1.843497505 2.138653511 
-0.1503 0.7885283947 -2.786497954 1.619535624 -0.6826964617 -1.848794221 2.135221521 
-0.1503 0.7824174152 -2.78074909 1.612530299 -0.6839219755 -1.854019758 2.131828944 
-0.1503 0.7763885286 -2.774910644 1.605634935 -0.6850882759 -1.859138235 2.1284088 
-0.1503 0.7704077383 -2.76899253 1.598755771 -0.6862680863 -1.864166559 2.124990256 
-0.1503 0.7645790982 -2.762937717 1.592152057 -0.6874671274 -1.869194363 2.121421093 
-0.1503 0.7592897405 -2.757363595 1.585748274 -0.6885361372 -1.873570059 2.118418585 
-0.1503 0.7531633775 -2.751204763 1.578711827 -0.6898082387 -1.878382981 2.114991012 
-0.1503 0.7476035122 -2.744942443 1.572158976 -0.6909777664 -1.883076172 2.11153026 
-0.1503 0.7416092805 -2.738669175 1.565109553 -0.6923137757 -1.887666048 2.108178742 
-0.1503 0.7359011806 -2.732283192 1.558346736 -0.6935884357 -1.892179681 2.104775799 
-0.1503 0.7302377219 -2.725818834 1.551609314 -0.6948796552 -1.89660956 2.101375792 
-0.1503 0.7246179175 -2.719276398 1.544897132 -0.6961889103 -1.900956787 2.097979324 
-0.1503 0.7190407841 -2.71265617 1.538209999 -0.69751768 -1.905222439 2.094586991 
-0.1503 0.713505346 -2.705958425 1.531547691 -0.6988674462 -1.909407563 2.09119939 
-0.1503 0.708010632 -2.699183427 1.524909955 -0.7002396949 -1.91351318 2.08781711 
-0.1503 0.702804136 -2.692299177 1.518572024 -0.7015523533 -1.917555354 2.084374505 
-0.1503 0.6971395281 -2.685402673 1.511707023 -0.7030576032 -1.921489837 2.081070873 
-0.1503 0.6919899104 -2.678355066 1.505478408 -0.7044043681 -1.925397037 2.077593494 
-0.1503 0.6864571707 -2.671308889 1.498723493 -0.7058902437 -1.929151267 2.074318407 
-0.1503 0.6811329085 -2.664154851 1.492141168 -0.7074439881 -1.93287837 2.0709889 
-0.1503 0.6761708496 -2.657380722 1.48601716 -0.7088986428 -1.936313219 2.067876825 
-0.1503 0.6709993986 -2.650123098 1.479658518 -0.7104120998 -1.939855488 2.064544903 
-0.1503 0.6658488089 -2.642774044 1.473318193 -0.711951112 -1.943337698 2.061214181 
-0.1503 0.6607186269 -2.635333828 1.466995635 -0.713517898 -1.94675973 2.057885494 
-0.1503 0.6556083901 -2.627802709 1.460690289 -0.7151146607 -1.95012147 2.05455967 
-0.1503 0.6507555732 -2.620143152 1.454712349 -0.716673416 -1.95346786 2.051121909 
-0.1503 0.6454458626 -2.612468761 1.448128991 -0.7184068469 -1.956663639 2.047919915 
-0.1503 0.64064865 -2.604666246 1.442300137 -0.7199926968 -1.959879761 2.044459893 
-0.1503 0.6356190818 -2.596894889 1.43582853 -0.7216918986 -1.962853274 2.04138191 
-0.1503 0.6305130608 -2.588971453 1.429647916 -0.7235356809 -1.965928437 2.038036013 
-0.1503 0.6256013336 -2.580990679 1.423572573 -0.7252984621 -1.968884049 2.034756552 
-0.1503 0.6207216825 -2.572936187 1.417541523 -0.7270881379 -1.971774728 2.031484893 
-0.1503 0.6158735985 -2.564808267 1.411555842 -0.7289048578 -1.974601304 2.028221152 
-0.1503 0.6112489981 -2.556628105 1.405692136 -0.7306151094 -1.977303468 2.025029671 
-0.1503 0.6063995599 -2.548347549 1.399775905 -0.7325293036 -1.980024679 2.021760273 
-0.1503 0.6021093406 -2.54057429 1.394702279 -0.7342841135 -1.982575909 2.018548068 
-0.1503 0.5971235776 -2.532172217 1.388500626 -0.7363058458 -1.985100842 2.015477938 
-0.1503 0.5926366618 -2.523642976 1.383177341 -0.7381543944 -1.987709193 2.01205222 
-0.1503 0.5878874179 -2.515145803 1.377113698 -0.7401388904 -1.990045699 2.009080666 
-0.1503 0.5832889419 -2.506523409 1.371490104 -0.7421121103 -1.992437409 2.005886661 
-0.1503 0.5784944026 -2.497804487 1.365831177 -0.7442757837 -1.994838796 2.002635588 
-0.1503 0.573906343 -2.489035963 1.360298904 -0.7463366332 -1.997129067 1.999446319 
-0.1503 0.5693450385 -2.48019766 1.354822877 -0.7484246712 -1.99936323 1.996265642 
-0.1503 0.5649987254 -2.471312529 1.349479831 -0.75039911 -2.001486639 1.993144737 
-0.1503 0.5604463973 -2.462331073 1.344102351 -0.7525726105 -2.003623889 1.98996861 
-0.1503 0.555899914 -2.453278824 1.338776582 -0.7547880087 -2.005712836 1.986796606 
-0.1503 0.5513581694 -2.44415617 1.333503391 -0.757045855 -2.007754335 1.983628939 
-0.1503 0.5470761356 -2.434939403 1.328629804 -0.7592615524 -2.009815456 1.98029997 
-0.1503 0.5425912215 -2.425739338 1.323241091 -0.7614553736 -2.011611174 1.977380442 
-0.1503 0.538617377 -2.41710658 1.318588555 -0.763487795 -2.013314473 1.974505019 
-0.1503 0.5342651121 -2.407734787 1.313602777 -0.7657740836 -2.015127629 1.971393693 
-0.1503 0.5298978322 -2.39825536 1.308650881 -0.7681049027 -2.016902721 1.968277903 
-0.1503 0.525599681 -2.388804027 1.30382398 -0.7704467222 -2.018614735 1.965190433 
-0.1503 0.5212964068 -2.379265744 1.299045728 -0.77282808 -2.020287354 1.962102918 
-0.1503 0.516986862 -2.36964052 1.294316655 -0.7752501518 -2.021920775 1.959015633 
-0.1503 0.5126698848 -2.359928355 1.289637302 -0.7777141012 -2.023515192 1.955928867 
-0.1503 0.5083442985 -2.350129238 1.285008219 -0.7802210803 -2.025070795 1.952842925 
-0.1503 0.5042562821 -2.340285311 1.280794908 -0.7826967713 -2.026662592 1.949582332 
-0.1503 0.4999715173 -2.33044702 1.276086607 -0.7851429735 -2.027989365 1.946741811 
-0.1503 0.4958063542 -2.320515862 1.271734261 -0.7876429292 -2.029385078 1.94370039 
-0.1503 0.4916538778 -2.310525646 1.267455311 -0.7901689791 -2.030739537 1.940664796 
-0.1503 0.4875129985 -2.300477132 1.26325058 -0.7927211613 -2.032053575 1.937634842 
-0.1503 0.4833826334 -2.290371107 1.259120893 -0.7952994902 -2.033328016 1.934610346 
-0.1503 0.4792617073 -2.28020838 1.25506708 -0.7979039568 -2.034563672 1.931591129 
-0.1503 0.4755676461 -2.270811595 1.25145284 -0.8002500828 -2.035651322 1.928815547 
-0.1503 0.4712643977 -2.260159744 1.247291641 -0.8032191899 -2.036519214 1.925671673 
-0.1503 0.4673151999 -2.250138258 1.243668412 -0.8056168126 -2.037946024 1.922786559 
-0.1503 0.4632057062 -2.239391453 1.239992147 -0.8086050693 -2.038843019 1.919452657 
-0.1503 0.4592675926 -2.229349668 1.236302577 -0.8109415801 -2.040056602 1.916802896 
-0.1503 0.4552660178 -2.218880001 1.232746022 -0.8136278348 -2.04105574 1.913817633 
-0.1503 0.4512777739 -2.208361337 1.22927463 -0.8163298049 -2.042018443 1.910836207 
-0.1503 0.4473017498 -2.19779464 1.225889085 -0.8190473235 -2.042945442 1.907858215 
-0.1503 0.4433368376 -2.18718089 1.222590069 -0.8217802095 -2.043837453 1.904883261 
-0.1503 0.4393819328 -2.176521083 1.219378258 -0.8245282681 -2.044695174 1.901910954 
-0.1503 0.4354359342 -2.165816235 1.216254327 -0.8272912905 -2.045519289 1.898940904 
-0.1503 0.4314001462 -2.154678896 1.213258427 -0.8304332394 -2.046125842 1.895640745 
-0.1503 0.4275662633 -2.144275556 1.210272772 -0.8328613235 -2.047069347 1.893006049 
-0.1503 0.4235260525 -2.133059803 1.207422099 -0.8360313867 -2.047601829 1.889741306 
-0.1503 0.4197247739 -2.122568003 1.204652576 -0.8384835184 -2.048491203 1.887075803 
-0.1503 0.416119659 -2.112324663 1.202124534 -0.8410931973 -2.049075194 1.884313221 
-0.1503 0.4123208274 -2.101537576 1.199640408 -0.8438316355 -2.0497158 1.881362958 
-0.1503 0.4084280325 -2.090517338 1.197133697 -0.8466753519 -2.050310115 1.878393937 
-0.1503 0.4045667036 -2.07949907 1.19474539 -0.8495030181 -2.050875268 1.875426839 
-0.1503 0.4007155659 -2.068446541 1.19245362 -0.8523338093 -2.051408959 1.872457758 
-0.1503 0.3968734633 -2.057360799 1.190258811 -0.8551674779 -2.051911652 1.869486096 
-0.1503 0.3929215271 -2.045858093 1.188192706 -0.8583868199 -2.052198943 1.866204032 
-0.1503 0.3892117127 -2.035093853 1.186161721 -0.8608424849 -2.052825776 1.863532666 
-0.1503 0.3851908056 -2.023498172 1.18421397 -0.8641305731 -2.053022394 1.860281311 
-0.1503 0.3814939844 -2.012698307 1.182435444 -0.8665927846 -2.053642878 1.857565889 
-0.1503 0.3776571236 -2.001460001 1.180725699 -0.8694563936 -2.054003109 1.854574435 
-0.1503 0.3738332356 -1.990195906 1.17911843 -0.8723121396 -2.0543315 1.851576522 
-0.1503 0.3700210298 -1.978906915 1.177613775 -0.8751599303 -2.054628284 1.848571348 
-0.1503 0.3662191988 -1.967593897 1.176211851 -0.8779997032 -2.054893662 1.845558121 
-0.1503 0.3627774569 -1.957075381 1.175022339 -0.8805612304 -2.055088668 1.842745148 
-0.1503 0.3589920115 -1.94571808 1.173818348 -0.883385478 -2.05529368 1.839713577 
-0.1503 0.3550508264 -1.933923346 1.172712539 -0.8866321841 -2.055249635 1.836393575 
-0.1503 0.3514388613 -1.922939176 1.171719257 -0.8890102232 -2.055610624 1.833618722 
-0.1503 0.3473741924 -1.911044585 1.170737599 -0.8923646047 -2.055473789 1.830310296 
-0.1503 0.343740474 -1.900068301 1.169997218 -0.8947379916 -2.055851915 1.827496522 
-0.1503 0.3399100182 -1.888606342 1.169295968 -0.8975759437 -2.055921331 1.824415368 
-0.1503 0.3360899218 -1.877127302 1.168700919 -0.9003971109 -2.055956369 1.821319563 
-0.1503 0.3322785346 -1.865631549 1.168211808 -0.903201958 -2.055956788 1.818208166 
-0.1503 0.3284741616 -1.854119377 1.167828353 -0.9059910242 -2.055922284 1.815080245 
-0.1503 0.3246750588 -1.842591004 1.16755025 -0.9087649288 -2.055852489 1.811934884 
-0.1503 0.3208794291 -1.831046563 1.167377179 -0.9115243759 -2.055746961 1.808771181 
-0.1503 0.3168290041 -1.818964197 1.167228792 -0.9148194475 -2.055291881 1.805339746 
-0.1503 0.3132911081 -1.807909558 1.167344749 -0.9170031763 -2.055426581 1.802385193 
-0.1503 0.3090203929 -1.795700963 1.167302456 -0.9204819306 -2.054857912 1.798966292 
-0.1503 0.3057510438 -1.785508325 1.167664876 -0.9224224804 -2.055035701 1.796187823 
-0.1503 0.3018369046 -1.773911965 1.168000924 -0.9252024335 -2.054794585 1.792947333 
-0.1503 0.2979113615 -1.762272996 1.168430665 -0.9279828351 -2.054503396 1.78968297 
-0.1503 0.2939863971 -1.750617812 1.168965954 -0.9307463416 -2.054168196 1.78639347 
-0.1503 0.2900594672 -1.73894544 1.169606093 -0.9334947736 -2.053787733 1.783077789 
-0.1503 0.2861278952 -1.727254727 1.170350365 -0.9362301399 -2.053360607 1.779734895 
-0.1503 0.2821888584 -1.715544311 1.171198032 -0.9389546556 -2.05288526 1.776363765 
-0.1503 0.2778801523 -1.703171034 1.172024644 -0.9423549742 -2.051948786 1.772732275 
-0.1503 0.2742762681 -1.692057803 1.173200514 -0.9443811467 -2.051782789 1.769532745 
-0.1503 0.2701518043 -1.680286174 1.174463752 -0.947251907 -2.051276302 1.765997298 
-0.1503 0.2661953872 -1.668473802 1.175813869 -0.9499664169 -2.050623807 1.762405648 
-0.1503 0.2620177731 -1.65665749 1.176945104 -0.9526985765 -2.049818907 1.759121527 
-0.1503 0.2578599978 -1.644801277 1.178393632 -0.9554943707 -2.049055116 1.75559267 
-0.1503 0.2536608208 -1.63291231 1.179941495 -0.9583071146 -2.048231577 1.752032935 
-0.1503 0.2497211466 -1.621840193 1.181467257 -0.9609374691 -2.047410201 1.748698913 
-0.1503 0.2454308753 -1.609877782 1.183205091 -0.9637941889 -2.046460826 1.745076668 
-0.1503 0.2409464922 -1.597895319 1.185038449 -0.9667800513 -2.045502853 1.741466929 
-0.1503 0.236634133 -1.585814518 1.187109774 -0.9697008316 -2.044435442 1.737613235 
-0.1503 0.2322152362 -1.573702049 1.189001375 -0.9725658897 -2.043162249 1.734001119 
-0.1503 0.2275722191 -1.561539976 1.191251478 -0.9757080969 -2.042005301 1.73015082 
-0.1503 0.223094847 -1.549248877 1.193564302 -0.9787310139 -2.040615424 1.72619731 
-0.1503 0.2183511685 -1.536956559 1.195656019 -0.9817851488 -2.039059822 1.722586162 
-0.1503 0.213548534 -1.524540927 1.198060968 -0.985000192 -2.037476977 1.718699257 
-0.1503 0.2086380934 -1.512022412 1.200557648 -0.98830631 -2.035769349 1.714768762 
-0.1503 0.2036071397 -1.499386444 1.203144967 -0.9917185902 -2.033924222 1.710792913 
-0.1503 0.1984408638 -1.486615856 1.205821751 -0.9952547579 -2.031926741 1.706769795 
-0.1503 0.1931218606 -1.473690282 1.208586734 -0.9989357884 -2.029759411 1.702697317 
-0.1503 0.1875343026 -1.460597791 1.211571455 -1.00290975 -2.027505157 1.698485074 
-0.1503 0.1819389491 -1.447271663 1.21437567 -1.006837707 -2.024827867 1.694394812 
-0.1503 0.1764512902 -1.434690729 1.217177977 -1.010810489 -2.022218662 1.690463865 
-0.1503 0.1702876962 -1.420865526 1.22027489 -1.015358647 -2.01913754 1.686172563 
-0.1503 0.1638162859 -1.406699754 1.22345183 -1.020241446 -2.015730131 1.681817598 
-0.1503 0.1569790992 -1.392123206 1.226706577 -1.025530324 -2.011937933 1.677394833 
-0.1503 0.1497006581 -1.377044141 1.230036631 -1.031318459 -2.007684785 1.672899487 
-0.1503 0.1418799193 -1.361339364 1.233439152 -1.037730732 -2.002868796 1.668325996 
-0.1503 -0.2131380606 -0.9043309637 1.252696468 -1.478256741 -1.661539794 1.698335735 
-0.1503 -0.1907608504 -0.9284450748 1.25319007 -1.446085461 -1.684742486 1.687043563 
-0.1503 -0.1670020304 -0.9541253195 1.253963714 -1.412318074 -1.709479881 1.67606919 
-0.1503 -0.1413394167 -0.9820131648 1.255024933 -1.376305743 -1.736278617 1.665435678 
-0.1503 -0.1123081431 -1.013673282 1.256319874 -1.336356186 -1.766373188 1.655028209 
-0.1503 -0.07882985838 -1.05117122 1.258030065 -1.290758012 -1.801542301 1.645264511 
-0.1503 -0.02684838947 -1.111229711 1.25987905 -1.222474041 -1.855078167 1.635527445 
-0.2503 -0.4818015619 -0.5511117302 1.385570374 -1.736353254 -1.446900155 1.713333006 
-0.2503 -0.4719782207 -0.560359541 1.386466153 -1.718949184 -1.457157013 1.701750321 
-0.2503 -0.4628981688 -0.5688137761 1.387464715 -1.70289095 -1.466712699 1.691128115 
-0.2503 -0.4531717133 -0.5777663498 1.388719382 -1.685715068 -1.477030029 1.679834505 
-0.2503 -0.4435068869 -0.5865522326 1.390159479 -1.668668364 -1.487367065 1.66869412 
-0.2503 -0.4339116265 -0.5951621488 1.391784295 -1.651758151 -1.497715448 1.657708881 
-0.2503 -0.4243939551 -0.6035868791 1.393592916 -1.634991635 -1.508066546 1.64688041 
-0.2503 -0.414725082 -0.6118770674 1.395520877 -1.618224565 -1.518440378 1.636077765 
-0.2503 -0.4056237205 -0.6198444266 1.397756929 -1.601917766 -1.528741191 1.625698661 
-0.2503 -0.3963873515 -0.6276594483 1.400109496 -1.585623987 -1.539046421 1.615346982 
-0.2503 -0.3872608916 -0.6352537767 1.402640227 -1.569500992 -1.549317811 1.60515524 
-0.2503 -0.378252303 -0.6426190859 1.405347226 -1.553554965 -1.559545921 1.595123329 
-0.2503 -0.3693694252 -0.6497473553 1.408228409 -1.537791795 -1.569721281 1.585250766 
-0.2503 -0.3606199378 -0.6566309121 1.411281514 -1.522217044 -1.579834439 1.575536684 
-0.2503 -0.3517153492 -0.6633355666 1.414423479 -1.506647378 -1.589929522 1.565830336 
-0.2503 -0.3434146884 -0.6696685718 1.417856408 -1.491566606 -1.599862319 1.556510816 
-0.2503 -0.3358333371 -0.6753153191 1.421188018 -1.477736577 -1.60900567 1.547986395 
-0.2503 -0.327545487 -0.6812031684 1.424855096 -1.462864637 -1.618811581 1.538815173 
-0.2503 -0.3194660872 -0.6868045056 1.428691639 -1.448228953 -1.628503889 1.529813985 
-0.2503 -0.3115966313 -0.6921157664 1.43269339 -1.433829702 -1.63807441 1.520976761 
-0.2503 -0.3039382769 -0.697133958 1.436856 -1.419666609 -1.647515483 1.512297284 
-0.2503 -0.2964918344 -0.7018566645 1.441175044 -1.405738956 -1.65681999 1.503769213 
-0.2503 -0.2892577568 -0.7062820515 1.445646039 -1.392045573 -1.665981378 1.495386102 
-0.2503 -0.2822361355 -0.7104088626 1.450264462 -1.378584854 -1.674993668 1.48714143 
-0.2503 -0.2754266978 -0.7142364132 1.455025765 -1.365354759 -1.683851464 1.479028616 
-0.2503 -0.2688288064 -0.7177645817 1.459925391 -1.352352827 -1.692549964 1.471041048 
-0.2503 -0.2624414649 -0.7209937935 1.464958789 -1.33957619 -1.701084956 1.463172108 
-0.2503 -0.2560784335 -0.7240198023 1.470134332 -1.326907966 -1.709568959 1.455286816 
-0.2503 -0.2499550436 -0.726724066 1.475422998 -1.314479262 -1.717855693 1.447539527 
-0.2503 -0.2440682823 -0.7291106379 1.480822167 -1.302284872 -1.725943902 1.439920394 
-0.2503 -0.2384144809 -0.7311841767 1.486329226 -1.290319133 -1.733833232 1.432419658 
-0.2503 -0.2333423923 -0.7328478762 1.491539649 -1.279391488 -1.740999852 1.425534114 
-0.2503 -0.2281298822 -0.7343299883 1.497246579 -1.267852052 -1.748504267 1.418238277 
-0.2503 -0.2231359426 -0.7355159074 1.503053969 -1.256522236 -1.755813731 1.411032773 
-0.2503 -0.2183547385 -0.7364121621 1.508959336 -1.245394987 -1.76293105 1.403908524 
-0.2503 -0.213780002 -0.7370256196 1.514960246 -1.234463 -1.769859713 1.396856692 
-0.2503 -0.209405084 -0.7373634279 1.521054321 -1.22371877 -1.776603838 1.389868708 
-0.2503 -0.2052496094 -0.7374249215 1.527243064 -1.213170196 -1.783155767 1.382948901 
-0.2503 -0.2012876227 -0.7372296397 1.533528681 -1.202799083 -1.789537339 1.376075585 
-0.2503 -0.1975119694 -0.7367846713 1.539908376 -1.192597742 -1.79575332 1.369241813 
-0.2503 -0.1939152974 -0.736097188 1.546379428 -1.18255841 -1.801808867 1.362440922 
-0.2503 -0.1904900971 -0.735174401 1.552939185 -1.172673288 -1.807709483 1.355666533 
-0.2503 -0.1872287379 -0.7340235215 1.559585067 -1.162934576 -1.813460978 1.348912556 
-0.2503 -0.1841235055 -0.7326517233 1.566314564 -1.153334501 -1.819069418 1.342173196 
-0.2503 -0.181166634 -0.7310661087 1.573125234 -1.143865349 -1.824541094 1.335442947 
-0.2503 -0.1783593163 -0.7292687748 1.580018497 -1.134526359 -1.829870828 1.32871153 
-0.2503 -0.1758760317 -0.7274221723 1.586481356 -1.12595653 -1.834717452 1.322480718 
-0.2503 -0.1736744611 -0.7250271924 1.593398895 -1.117032055 -1.839455493 1.315968234 
-0.2503 -0.1713654659 -0.7226666573 1.600547729 -1.108106253 -1.844421924 1.30924515 
-0.2503 -0.1693305199 -0.7199865393 1.607682399 -1.099333551 -1.849059504 1.302639386 
-0.2503 -0.1674347344 -0.717111659 1.61488057 -1.090653804 -1.853559458 1.296038863 
-0.2503 -0.1656718 -0.714047829 1.622137924 -1.082059947 -1.857926344 1.289547605 
-0.2503 -0.1640372423 -0.7107981261 1.629453982 -1.073547051 -1.862163553 1.282953325 
-0.2503 -0.1625254718 -0.7073671775 1.636825793 -1.065108935 -1.866275296 1.276252304 
-0.2503 -0.1611298783 -0.7037612233 1.644247906 -1.056738221 -1.870266534 1.269657546 
-0.2503 -0.1599920976 -0.6998579894 1.651633019 -1.048480665 -1.873927217 1.263171688 
-0.2503 -0.1586676117 -0.6960387872 1.659235373 -1.040177505 -1.877902994 1.256464103 
-0.2503 -0.1579922642 -0.6917666384 1.666744566 -1.032182079 -1.881215714 1.250016437 
-0.2503 -0.1570562837 -0.6876491728 1.674499212 -1.024129666 -1.88495611 1.243290189 
-0.2503 -0.156408018 -0.683223951 1.682177181 -1.016197586 -1.888317831 1.236687403 
-0.2503 -0.155615609 -0.6789843636 1.68928762 -1.008666676 -1.891446023 1.23042997 
-0.2503 -0.1551286077 -0.6742719751 1.697051559 -1.000775022 -1.894631074 1.223771212 
-0.2503 -0.1547528063 -0.6694163354 1.704859339 -0.9929256967 -1.897716787 1.217096766 
-0.2503 -0.1547716256 -0.664419735 1.712824845 -0.9852618975 -1.900623808 1.210487452 
-0.2503 -0.1545435829 -0.6592892164 1.720691288 -0.9774477346 -1.903540023 1.203758856 
-0.2503 -0.1545925369 -0.6538636204 1.728472462 -0.9697003777 -1.90607324 1.197136671 
-0.2503 -0.1543015224 -0.6486274362 1.736505171 -0.961854265 -1.909134822 1.190219214 
-0.2503 -0.1545495283 -0.6430960383 1.744630686 -0.954129857 -1.911763381 1.183445747 
-0.2503 -0.1548934662 -0.6374597715 1.752656418 -0.9465607058 -1.914269073 1.176721252 
-0.2503 -0.1552873304 -0.6316911217 1.760770496 -0.9389091431 -1.916731791 1.169927157 
-0.2503 -0.1554013456 -0.6257905628 1.768761425 -0.9310823009 -1.91922949 1.163009301 
-0.2503 -0.1558861899 -0.6197657157 1.776980668 -0.9233211433 -1.9215963 1.15610792 
-0.2503 -0.1564823305 -0.6136513374 1.785103469 -0.915714323 -1.923844113 1.149261708 
-0.2503 -0.1574274404 -0.6074237498 1.793437302 -0.9081641363 -1.925967099 1.142430307 
-0.2503 -0.1580860427 -0.6010655241 1.801646867 -0.9004215845 -1.9281386 1.135472556 
-0.2503 -0.1588212685 -0.5950637936 1.809320304 -0.8932443312 -1.930086053 1.129003252 
-0.2503 -0.1595596697 -0.5884861684 1.817554053 -0.885438602 -1.932166651 1.121978368 
-0.2503 -0.1609175747 -0.5815237925 1.826151999 -0.8778806556 -1.933855667 1.114791853 
-0.2503 -0.1615804602 -0.5750228853 1.834249737 -0.8699057367 -1.93607177 1.107934219 
-0.2503 -0.1627001065 -0.5681304563 1.842638135 -0.8620969222 -1.93794877 1.100872721 
-0.2503 -0.1638905711 -0.5611320377 1.851052409 -0.8542549989 -1.939778596 1.093784754 
-0.2503 -0.1651504392 -0.5540283807 1.859491695 -0.8463763812 -1.941563582 1.086670234 
-0.2503 -0.1664783727 -0.5468201196 1.867955138 -0.8384575238 -1.943306013 1.079529118 
-0.2503 -0.1678731065 -0.5395077764 1.876441887 -0.8304949168 -1.945008129 1.072361403 
-0.2503 -0.1693334484 -0.5320917633 1.884951096 -0.8224850827 -1.946672125 1.065167131 
-0.2503 -0.1712072028 -0.5243315183 1.893735408 -0.814577072 -1.948060371 1.057774828 
-0.2503 -0.1724465349 -0.5169498463 1.902033522 -0.8063099605 -1.949894329 1.050699268 
-0.2503 -0.1743959668 -0.5090787726 1.910807426 -0.7982617268 -1.951282935 1.043331451 
-0.2503 -0.1759727441 -0.5011153247 1.919369333 -0.7899736522 -1.952804669 1.035883189 
-0.2503 -0.1774537382 -0.494033771 1.927189099 -0.7822024315 -1.954387684 1.029325642 
-0.2503 -0.1792822596 -0.4860060313 1.935814217 -0.773842478 -1.955868613 1.021976901 
-0.2503 -0.1811699747 -0.4778747159 1.944455985 -0.7654117847 -1.95732558 1.014602979 
-0.2503 -0.1831162086 -0.4696394738 1.953113565 -0.7569070011 -1.958760497 1.007204238 
-0.2503 -0.1851203454 -0.4612998705 1.961786116 -0.7483247772 -1.960175248 0.9997810821 
-0.2503 -0.1871818293 -0.4528553899 1.970472795 -0.7396617611 -1.961571691 0.9923339619 
-0.2503 -0.1896401586 -0.4441356801 1.979420334 -0.731030678 -1.962764666 0.984734023 
-0.2503 -0.1914749024 -0.4356493408 1.987885147 -0.7220799144 -1.964316955 0.9773698525 
-0.2503 -0.193999254 -0.426825633 1.996797885 -0.7132518 -1.965540986 0.969823168 
-0.2503 -0.1960575257 -0.4178667827 2.005430972 -0.70414991 -1.966936885 0.9621764099 
-0.2503 -0.1984085612 -0.4088606858 2.014190361 -0.6950326608 -1.968258604 0.9545917287 
-0.2503 -0.2008024296 -0.3997733229 2.022942149 -0.6858114225 -1.969586639 0.9470134703 
-0.2503 -0.2032412408 -0.3906011599 2.031687329 -0.6764840855 -1.970920059 0.9394404344 
-0.2503 -0.205726987 -0.3813406627 2.040426836 -0.6670483522 -1.972258101 0.9318714302 
-0.2503 -0.2082615484 -0.3719882898 2.049161548 -0.6575017392 -1.973600163 0.9243052831 
-0.2503 -0.210760598 -0.3629321804 2.057427255 -0.6485416324 -1.974738213 0.9170047349 
-0.2503 -0.2136913355 -0.3534327304 2.066322286 -0.6388564084 -1.975992393 0.9095013675 
-0.2503 -0.2160716744 -0.3437548881 2.074874211 -0.6288786727 -1.977450791 0.9018792175 
-0.2503 -0.2190109051 -0.3338960886 2.083757318 -0.6189066617 -1.978713456 0.8942161286 
-0.2503 -0.2219573653 -0.3239119181 2.092615628 -0.6087899921 -1.979997203 0.8865309928 
-0.2503 -0.2245736188 -0.3137593782 2.101252725 -0.5984399987 -1.981417543 0.8787631707 
-0.2503 -0.2275194904 -0.3035187106 2.110046726 -0.5880251407 -1.982754208 0.8710373006 
-0.2503 -0.2305219585 -0.2931544747 2.118839723 -0.5774696423 -1.984100544 0.8633036401 
-0.1503 -0.194362339 -0.3925511713 2.111840506 -0.4667765157 -2.04028643 0.987125361 
-0.1503 -0.1999940113 -0.38141124 2.12092676 -0.4572989035 -2.039198638 0.9795933643 
-0.1503 -0.205321667 -0.3701291454 2.129820218 -0.4475158508 -2.038259614 0.9720144291 
-0.1503 -0.2106773054 -0.3587545062 2.13869936 -0.4375404256 -2.037348083 0.9644330032 
-0.1503 -0.2160671035 -0.3472858152 2.147565679 -0.427371356 -2.036462659 0.9568513982 
-0.1503 -0.2215638485 -0.3357313281 2.156457647 -0.4170273717 -2.035576583 0.9492796397 
-0.1503 -0.2271067473 -0.3240792906 2.165339905 -0.406485032 -2.034713509 0.9417119809 
-0.1503 -0.2325121845 -0.3132007447 2.173698685 -0.3965766714 -2.033849945 0.9347138388 
-0.1503 -0.2381557777 -0.3013544367 2.182563652 -0.385641972 -2.033028579 0.9271596322 
-0.1503 -0.2438544656 -0.2894043721 2.19141809 -0.3744997233 -2.032229078 0.9196157372 
-0.0503 -0.2201342242 -0.3800278486 2.189226342 -0.2644127238 -2.055849701 1.049323872 
-0.0503 -0.2280679571 -0.3675547709 2.197869046 -0.2544757995 -2.052637846 1.041253288 
-0.0503 -0.2360411876 -0.3550128547 2.206499189 -0.2442874893 -2.04945388 1.033204037 
-0.0503 -0.2440580256 -0.342399431 2.215115988 -0.2338462699 -2.046295906 1.025177119 
-0.0503 -0.2521226593 -0.3297118918 2.223718688 -0.2231504757 -2.043161944 1.017173619 
-0.0503 -0.2601368062 -0.3167110905 2.232298339 -0.2121200855 -2.04010197 1.008990517 
-0.0503 -0.268085891 -0.3040545526 2.240709373 -0.2008838106 -2.037101221 1.00123366 
0 -0.2644279646 -0.3405260318 2.243655725 -0.1431039812 -2.034588101 1.060290048 
0 -0.273591968 -0.3274833189 2.251917223 -0.1322835448 -2.030374095 1.051877549 
0 -0.2827852056 -0.3143724586 2.260147497 -0.1211782986 -2.026188797 1.043497906 
0 -0.2920098145 -0.3011911051 2.268344098 -0.1097872668 -2.022030652 1.035151894 
0 -0.3004574859 -0.2888636464 2.275849816 -0.09890480973 -2.018261831 1.027436538 
0.0497 -0.2993701983 -0.3233604008 2.277248397 -0.04485560554 -2.007096157 1.082229381 
0.0497 -0.3096815426 -0.3097851191 2.285140283 -0.0335672575 -2.001865514 1.073113708 
0.0497 -0.3198350261 -0.2966999257 2.292806244 -0.0220870536 -1.996664708 1.064532946 
0.0497 -0.3298858721 -0.2832776716 2.300409243 -0.01018577213 -1.991586408 1.055784327 
0.0497 -0.3400123661 -0.2698003547 2.307985763 0.001995656463 -1.986505748 1.047069726 
0.0497 -0.3502101938 -0.256263833 2.315530128 0.01446102051 -1.981423552 1.038388414 
0.0497 -0.3607940405 -0.2427082179 2.323185562 0.02711721552 -1.976180568 1.029713006 
0.0497 -0.3708012671 -0.228998557 2.330498863 0.04025729767 -1.971258597 1.021124186 
0.1497 -0.3631144988 -0.3114023757 2.318167992 0.1233162012 -1.930125583 1.126178162 
0.1497 -0.3748333881 -0.2981442787 2.324716566 0.1348965591 -1.923114055 1.116157275 
0.1497 -0.3865548149 -0.2848513959 2.331199707 0.1467875434 -1.916124164 1.106169659 
0.1497 -0.3982728301 -0.2715218768 2.33761078 0.1589889924 -1.909158073 1.096214719 
0.1497 -0.4099812574 -0.2581543702 2.343943071 0.171500267 -1.902218026 1.086292144 
0.1497 -0.4213981565 -0.2447654257 2.350066738 0.1843839973 -1.895437284 1.076491294 
0.1497 -0.4323339985 -0.2323639199 2.355814579 0.1964948234 -1.88897382 1.067365944 
0.1497 -0.4438484227 -0.2189525288 2.361809672 0.2098965815 -1.882165174 1.057621295 
0.1497 -0.4554112317 -0.2054606902 2.367755572 0.2236595003 -1.875366975 1.047877709 
0.2497 -0.4453422003 -0.2917770034 2.344546641 0.2890904229 -1.812751165 1.135091433 
0.2497 -0.4577027634 -0.2792542179 2.349344302 0.3012186138 -1.804482742 1.123893694 
0.2497 -0.4700243695 -0.2667261082 2.354049189 0.3136560021 -1.796246505 1.112715154 
0.2497 -0.482294406 -0.2541989497 2.358650422 0.326392836 -1.788045947 1.101559052 
0.2497 -0.4945000421 -0.2416793613 2.363137312 0.3394187407 -1.779884795 1.090428803 
0.2497 -0.5066283189 -0.2291743375 2.367499387 0.3527226374 -1.771766889 1.079327965 
0.2497 -0.5184813152 -0.2167022506 2.371649805 0.3662980234 -1.763787272 1.068327146 
0.2497 -0.5303335692 -0.2042755695 2.375693128 0.3800916994 -1.755801951 1.057335674 
0.2497 -0.5425400668 -0.1919398514 2.379753885 0.3940019977 -1.747613129 1.046245755 
0.2497 -0.554371545 -0.1796081545 2.383563935 0.4082252129 -1.739620538 1.035265519 
0.3497 -0.536930723 -0.2745711815 2.348005693 0.4562112469 -1.661503738 1.10499745 
0.3497 -0.5489705769 -0.2633771222 2.350667006 0.4691064353 -1.65266072 1.092541511 
0.3497 -0.560037056 -0.2530412658 2.353008555 0.4812842016 -1.644505805 1.080995001 
0.3497 -0.5718751211 -0.2419833707 2.355401177 0.4945965763 -1.635760642 1.068563064 
0.3497 -0.5835758983 -0.2309973618 2.357639139 0.5081218192 -1.627082235 1.056150878 
0.3497 -0.5951265885 -0.2200863086 2.359715241 0.5218531886 -1.618476263 1.043760576 
0.3497 -0.6064351004 -0.2092433877 2.361596813 0.5358033218 -1.609990683 1.03135349 
0.3497 -0.6176813946 -0.198498467 2.363339328 0.5499140596 -1.601527634 1.019073641 
0.3497 -0.6288515082 -0.1878501534 2.364935005 0.5641842576 -1.593094491 1.006705584 
0.3497 -0.6399307359 -0.1773015482 2.366376525 0.5786093386 -1.58469799 0.9943231923 
0.4497 -0.6104911927 -0.2823091904 2.320136973 0.6142632063 -1.497130438 1.050725075 
0.4497 -0.621437576 -0.2729304441 2.320558369 0.6276948152 -1.488353246 1.036949297 
0.4497 -0.6322255675 -0.2636521311 2.320822554 0.6413018542 -1.47966058 1.023167795 
0.4497 -0.6428436441 -0.2544759845 2.320923897 0.6550789904 -1.471058022 1.009376606 
0.4497 -0.6532807974 -0.2454040859 2.320857051 0.6690202164 -1.46255075 0.9955720517 
0.4497 -0.6635265849 -0.2364388326 2.320616976 0.6831188964 -1.454143509 0.9817506532 
0.4497 -0.6728896872 -0.2282148914 2.320243242 0.6963400885 -1.446416241 0.9689183839 
0.4497 -0.6828127023 -0.2194699572 2.319677178 0.7107105254 -1.438179139 0.9550852294 
0.4497 -0.6925685934 -0.2108435755 2.31893953 0.7252111588 -1.430030174 0.9412354873 
0.4497 -0.7021565142 -0.2023385457 2.318028417 0.7398350539 -1.421969813 0.9273668352 
0.4497 -0.711575657 -0.1939575863 2.316942078 0.7545754531 -1.413998551 0.9134769735 
0.4497 -0.7208252565 -0.1857033248 2.315678866 0.7694257852 -1.406116917 0.8995636267 
0.4497 -0.7299045932 -0.1775782916 2.31423725 0.7843796707 -1.39832547 0.8856245449 
0.4497 -0.738812996 -0.1695849095 2.312615814 0.7994309311 -1.390624807 0.8716575038 
0.4497 -0.7475498449 -0.1617254898 2.310813253 0.8145735917 -1.383015563 0.8576603088 
0.4497 -0.7561145739 -0.1540022232 2.308828373 0.8298018906 -1.375498411 0.8436307939 
0.4497 -0.7645066715 -0.1464171774 2.306660087 0.8451102785 -1.368074061 0.8295668271 
0.4497 -0.772725685 -0.1389722902 2.304307413 0.8604934251 -1.360743267 0.8154663101 
0.4497 -0.7807712187 -0.1316693662 2.301769472 0.8759462209 -1.35350682 0.8013271825 
0.4497 -0.7886429374 -0.1245100758 2.29904548 0.8914637768 -1.346365551 0.7871474234 
0.4497 -0.796340565 -0.11749595 2.29613475 0.9070414275 -1.33932033 0.7729250546 
0.4497 -0.8033322904 -0.1111140358 2.293264198 0.9215563094 -1.332865133 0.7596787255 
0.4497 -0.8106936155 -0.104383685 2.289991714 0.937237498 -1.326007741 0.7453687634 
0.4497 -0.817880388 -0.09780218799 2.286530977 0.9529663855 -1.319249152 0.7310106677 
0.4497 -0.8248925667 -0.09137053314 2.282881624 0.9687391662 -1.312590374 0.7166026528 
0.4497 -0.8317301685 -0.08508957275 2.279043365 0.9845522463 -1.306032445 0.7021429881 
0.4497 -0.8383932663 -0.07896002736 2.275015973 1.000402239 -1.29957643 0.6876300012 
0.4497 -0.8448819878 -0.07298248711 2.270799286 1.01628596 -1.293223419 0.6730620791 
0.4497 -0.8511965136 -0.06715741601 2.266393192 1.032200422 -1.286974525 0.6584376709 
0.4497 -0.8573370743 -0.06148515725 2.261797632 1.048142828 -1.280830883 0.6437552896 
0.4497 -0.8633039492 -0.05596593713 2.25701259 1.064110566 -1.274793642 0.629013514 
0.4497 -0.869097462 -0.05059987021 2.252038088 1.080101201 -1.268863969 0.6142109904 
0.4497 -0.8747179805 -0.04538696542 2.246874182 1.096112466 -1.26304304 0.5993464331 
0.4497 -0.88016591 -0.04032713189 2.241520956 1.11214226 -1.25733204 0.5844186268 
0.4497 -0.885546075 -0.03541123764 2.235999794 1.128217357 -1.251705022 0.5693431975 
0.4497 -0.8901869107 -0.03100039415 2.23066265 1.143102108 -1.246632822 0.5554465017 
0.4497 -0.8951320692 -0.0263874613 2.224755659 1.159175495 -1.24125063 0.5403271484 
0.4497 -0.8999065564 -0.02192639621 2.218659849 1.175260575 -1.235983065 0.5251404653 
0.4497 -0.9045109259 -0.01761670915 2.212375368 1.191355935 -1.230831317 0.5098855927 
0.4497 -0.90894575 -0.01345784907 2.205902363 1.207460278 -1.225796574 0.494561745 
0.4497 -0.9132116177 -0.009449210585 2.199240976 1.223572416 -1.220880015 0.4791682098 
0.4497 -0.9173091296 -0.005590140866 2.192391339 1.239691264 -1.216082808 0.4637043477 
0.4497 -0.9212388955 -0.001879945194 2.185353573 1.255815835 -1.211406112 0.4481695921 
0.4497 -0.9250015304 0.001682105382 2.178127781 1.271945228 -1.20685107 0.4325634498 
0.4497 -0.9285976505 0.005096768478 2.170714047 1.288078627 -1.202418813 0.4168854979 
0.4497 -0.9320278701 0.008364823384 2.163112432 1.304215292 -1.198110454 0.4011353865 
0.4497 -0.9352927979 0.01148706583 2.155322969 1.320354557 -1.193927088 0.3853128343 
0.4497 -0.9383930344 0.01446430207 2.147345666 1.33649582 -1.189869795 0.3694176299 
0.4497 -0.9413291667 0.01729734215 2.139180497 1.352638542 -1.185939631 0.3534496303 
0.4497 -0.9441017667 0.01998699532 2.130827402 1.368782243 -1.182137637 0.3374087591 
0.4497 -0.9465303787 0.02235684285 2.122902603 1.383773325 -1.178722867 0.3224484047 
0.4497 -0.9489891356 0.02477222203 2.114186777 1.399917753 -1.175170911 0.3062670217 
0.4497 -0.9512859128 0.02704653002 2.105282636 1.416062052 -1.171750044 0.2900129158 
0.4497 -0.9534211876 0.02918052191 2.096189968 1.432205937 -1.168461222 0.2736862599 
0.4497 -0.9553954059 0.03117492799 2.086908516 1.448349167 -1.165305378 0.2572872861 
0.4497 -0.9572089793 0.03303044854 2.077437978 1.464491545 -1.162283422 0.2408162843 
0.4497 -0.9588622802 0.03474774973 2.067778007 1.480632915 -1.159396244 0.2242735994 
0.4497 -0.9603556403 0.03632745932 2.057928205 1.496773164 -1.156644714 0.2076596306 
0.4497 -0.9616893466 0.03777016187 2.047888124 1.512912219 -1.154029677 0.1909748276 
0.4497 -0.9628636388 0.03907639651 2.037657266 1.52905005 -1.151551961 0.17421969 
0.4497 -0.9638787055 0.04024665105 2.027235077 1.545186671 -1.149212372 0.1573947638 
0.4497 -0.9647346817 0.04128135958 2.016620951 1.561322141 -1.147011698 0.140500639 
0.4497 -0.9654316446 0.04218089715 2.005814223 1.577456565 -1.144950707 0.1235379478 
0.4497 -0.9659696116 0.04294557783 1.99481417 1.593590099 -1.143030151 0.1065073611 
0.4497 -0.9663440091 0.0435053616 1.983417447 1.609731707 -1.141179335 0.08921193754 
0.4497 -0.9665578851 0.04404034116 1.973050882 1.624703075 -1.139725516 0.07347356583 
0.4497 -0.9666296959 0.04441124484 1.961479916 1.64083541 -1.13822041 0.05624832979 
0.4497 -0.966541923 0.04464784649 1.949712175 1.656968011 -1.136858545 0.0389581558 
0.4497 -0.9662942312 0.04475009389 1.937746609 1.673101333 -1.135640605 0.02160386322 
0.4497 -0.9658862035 0.04471784881 1.9255821 1.689235905 -1.134567262 0.00418629145 
0.4497 -0.9653173341 0.04455088032 1.913217449 1.705372337 -1.133639184 -0.01329370271 
0.4497 -0.9645870259 0.04424886085 1.900651375 1.721511328 -1.13285703 -0.03083525033 
0.4497 -0.9636945837 0.04381135943 1.887882513 1.737653672 -1.132221456 -0.0484374728 
0.4497 -0.9626392099 0.04323783649 1.874909406 1.753800266 -1.131733117 -0.06609948743 
0.4497 -0.9614199982 0.04252763711 1.8617305 1.76995212 -1.131392668 -0.08382041037 
0.4497 -0.9600359279 0.04167998365 1.84834414 1.786110364 -1.131200768 -0.1015993626 
0.4497 -0.958485856 0.04069396784 1.834748561 1.80227626 -1.131158079 -0.1194354735 
0.4497 -0.9567685115 0.03956854313 1.820941883 1.818451213 -1.131265275 -0.1373278865 
0.4497 -0.9548824862 0.0383025143 1.806922098 1.834636783 -1.131523039 -0.1552757643 
0.4497 -0.9529787833 0.03699983746 1.793711044 1.849677254 -1.131897822 -0.171990603 
0.4497 -0.9507629231 0.03545867254 1.779274106 1.865888335 -1.132447956 -0.1900431796 
0.4497 -0.9483733868 0.03377244834 1.764617386 1.882115619 -1.133150758 -0.2081489322 
0.4497 -0.9458081379 0.03193927647 1.749738292 1.89836141 -1.134006989 -0.2263071554 
0.4497 -0.9430649519 0.02995705755 1.734634055 1.914628246 -1.135017438 -0.2445171933 
0.4497 -0.9401414032 0.02782346448 1.719301715 1.930918914 -1.136182931 -0.2627784474 
0.4497 -0.9370348497 0.02553592162 1.703738098 1.947236479 -1.137504329 -0.2810903843 
0.4497 -0.9335238115 0.02301855173 1.687600108 1.963635042 -1.138962445 -0.2996061049 
0.4497 -0.9302609775 0.02048731678 1.671903195 1.97996607 -1.140618503 -0.3178645498 
0.4497 -0.9265871345 0.01771965924 1.655624346 1.996385831 -1.142413239 -0.3363261172 
0.4497 -0.9227171954 0.01478480286 1.639099052 2.012848018 -1.144367806 -0.3548370663 
0.4497 -0.9186471475 0.01167855265 1.622322783 2.029357498 -1.146483337 -0.3733973313 
0.4497 -0.9143726298 0.008396287939 1.605290659 2.045919608 -1.148761034 -0.3920069763 
0.4497 -0.909635584 0.004852897112 1.587602933 2.062609962 -1.151198327 -0.4108438213 
0.4497 -0.9050851181 0.001249652062 1.570272705 2.079255571 -1.153807865 -0.4294493915 
0.4497 -0.9004393317 -0.002339145289 1.553587891 2.094839261 -1.156378567 -0.4469277177 
0.4497 -0.8955036032 -0.006307343699 1.535794865 2.111615009 -1.159304879 -0.4656006171 
0.4497 -0.8901340569 -0.01074352368 1.51748328 2.12854263 -1.162173794 -0.4844970042 
0.4497 -0.8845665174 -0.01499808893 1.498794913 2.14551304 -1.165625096 -0.5033384061 
0.4497 -0.8787195785 -0.01967174687 1.479819221 2.162637731 -1.169067259 -0.5223065825 
0.4497 -0.8726112811 -0.0245788964 1.460519992 2.179889173 -1.172694808 -0.5413385844 
0.3497 -0.9508683055 0.128214092 1.5387249 2.114830052 -1.232524458 -0.5074978908 
0.3497 -0.9458396786 0.1243259606 1.520573196 2.129599509 -1.235934055 -0.5250486477 
0.3497 -0.9406143025 0.1202840247 1.502172307 2.144406178 -1.239507538 -0.5426234514 
0.3497 -0.935189195 0.1160828798 1.483520542 2.159253357 -1.243242349 -0.560219867 
0.3497 -0.929539732 0.1115023911 1.464635937 2.174194707 -1.246936868 -0.5779275812 
0.3497 -0.9237262758 0.107179327 1.445455719 2.189086454 -1.25118612 -0.5954691919 
0.3497 -0.9174090969 0.1023162623 1.425631575 2.204123428 -1.255329348 -0.6133212608 
0.3497 -0.9113461778 0.097420896 1.406247936 2.219246431 -1.259714612 -0.630918046 
0.3497 -0.9048076187 0.09229497076 1.38619349 2.23444167 -1.264282882 -0.6486727317 
0.3497 -0.8985492738 0.08758975808 1.367284155 2.248558271 -1.268894761 -0.6650712044 
0.2497 -0.9708242727 0.2399218801 1.450067449 2.189859246 -1.318478051 -0.6267229106 
0.2497 -0.9651714721 0.2357102883 1.431063879 2.202853783 -1.322922328 -0.643208649 
0.2497 -0.9593305361 0.2313801921 1.411812963 2.215869183 -1.32753691 -0.6597011301 
0.2497 -0.9532961674 0.2269279839 1.392306936 2.228910063 -1.332324476 -0.6762005899 
0.2497 -0.9469970321 0.2222102575 1.372432622 2.24206455 -1.337257773 -0.6928390441 
0.2497 -0.9406235606 0.217640776 1.352495024 2.255088718 -1.342430589 -0.709222099 
0.2497 -0.9337569196 0.2127773663 1.331830366 2.268192556 -1.347771938 -0.7258589645 
0.2497 -0.927103386 0.2078284634 1.311551939 2.281429093 -1.353281584 -0.7422678603 
0.2497 -0.9200068655 0.2027128107 1.290628739 2.294675326 -1.358997128 -0.7588008743 
0.2497 -0.9126746954 0.1974492622 1.269387698 2.307981753 -1.364912292 -0.7753417132 
0.1497 -0.9803126148 0.3492814966 1.357020655 2.255244717 -1.405262421 -0.7331692135 
0.1497 -0.9741256447 0.3450910939 1.337347487 2.266484434 -1.41071946 -0.7485771791 
0.1497 -0.96776007 0.3408313824 1.317427623 2.277718171 -1.416356516 -0.7639718418 
0.1497 -0.9616486104 0.3365038641 1.298668991 2.288247049 -1.421528014 -0.7784540129 
0.1497 -0.9545832657 0.3321489096 1.277665002 2.299418443 -1.427752115 -0.7940195135 
0.1497 -0.9479949813 0.3276293169 1.257538301 2.310714869 -1.433714831 -0.80919003 
0.1497 -0.9406830731 0.3231109502 1.236235181 2.321898406 -1.440202483 -0.8246332861 
0.1497 -0.9335319531 0.3184551945 1.215256271 2.333193533 -1.446693162 -0.8398758995 
0.1497 -0.9259729494 0.3137221084 1.19364496 2.344454796 -1.453474335 -0.8552215672 
0.0497 -0.9883189327 0.4631058687 1.284321512 2.299834303 -1.485719376 -0.8108790035 
0.0497 -0.9818774446 0.4592334024 1.264439813 2.309368044 -1.491852867 -0.8252683857 
0.0497 -0.9752689588 0.4553372828 1.244315348 2.318865285 -1.498165582 -0.8396375808 
0.0497 -0.9684881825 0.4514191569 1.223937636 2.328325056 -1.504662601 -0.8539871172 
0.0497 -0.9615563974 0.4476565814 1.203337425 2.337686221 -1.511458254 -0.8681879211 
0 -0.986003598 0.5183767568 1.237194357 2.324171506 -1.528899898 -0.8532408257 
0 -0.9795880488 0.5145914738 1.21749129 2.332990434 -1.535233973 -0.8670807808 
0 -0.9726154805 0.5112542282 1.196900366 2.341415516 -1.542208874 -0.8808729402 
-0.0503 -0.995941745 0.5817203207 1.231527026 2.330188933 -1.558343761 -0.8651907153 
-0.0503 -0.9899690081 0.5787720406 1.213320308 2.337515983 -1.564491753 -0.8775144946 
-0.0503 -0.983351597 0.5753259851 1.193408975 2.345422901 -1.571111207 -0.8909946616 
-0.0503 -0.9765998904 0.5720572965 1.173302005 2.353213278 -1.577995408 -0.904332565 
-0.0503 -0.9696890178 0.5688277549 1.152946738 2.360922895 -1.585068097 -0.9176428824 
-0.0503 -0.9626134111 0.5656436774 1.132330599 2.368545822 -1.592336363 -0.9309266424 
-0.0503 -0.9553669733 0.5625122394 1.111439741 2.376075196 -1.5998081 -0.9441850995 
-0.0503 -0.9476741218 0.5597441193 1.089813848 2.383236515 -1.607788821 -0.9574222922 
-0.1503 -0.9985878182 0.7020763149 1.182964478 2.356374161 -1.627200452 -0.9096788325 
-0.1503 -0.9920284275 0.699452237 1.163496654 2.362678967 -1.634018921 -0.9221706773 
-0.1503 -0.9856804067 0.6967167243 1.144337376 2.369231126 -1.64089849 -0.9345055507 
-0.1503 -0.9790241824 0.6941597956 1.124702577 2.375497993 -1.648009502 -0.9468665888 
-0.1503 -0.9722270867 0.6916963737 1.104839115 2.381645873 -1.655304173 -0.9591941086 
-0.1503 -0.9652841998 0.6893365376 1.084734753 2.387664853 -1.662790211 -0.9714894207 
-0.1503 -0.9581901171 0.6870916937 1.064375987 2.393543585 -1.670476221 -0.9837541176 
-0.2503 -1.002415622 0.8265716704 1.156871267 2.373980242 -1.685391918 -0.9338804546 
-0.2503 -0.9963077553 0.8243459041 1.138519567 2.379326841 -1.692011821 -0.945423264 
-0.2503 -0.9898298681 0.8226021646 1.119634052 2.384232407 -1.699100605 -0.956864005 
-0.2503 -0.9837381224 0.8202351886 1.101256318 2.389649833 -1.705752986 -0.9683914335 
-0.2503 -0.9770616923 0.8185393399 1.082016644 2.39436034 -1.713007264 -0.9798794102 
-0.2503 -0.9707851876 0.8165365584 1.063374766 2.399495997 -1.719977115 -0.9911810131 
-0.2503 -0.9640036974 0.8150203048 1.043918997 2.404096253 -1.727595782 -1.002550409 
-0.2503 -0.9571707989 0.8135883097 1.024372064 2.40858321 -1.735242657 -1.013865287 
-0.3503 -0.9948239545 0.9503071885 1.115717494 2.395423796 -1.745955893 -0.9626163668 
-0.3503 -0.9889664779 0.9485598743 1.098237135 2.399793134 -1.752372468 -0.973276169 
-0.3503 -0.9831063774 0.9468408981 1.08075363 2.404116094 -1.758742281 -0.9838769168 
-0.3503 -0.9770373153 0.9453801741 1.062940864 2.408207738 -1.765483106 -0.994452538 
-0.3503 -0.9705722816 0.9443784757 1.044535548 2.411777705 -1.772668008 -1.005048169 
-0.3503 -0.9645818625 0.9429376235 1.026796541 2.415919306 -1.779451591 -1.015480102 
-0.3503 -0.9580329114 0.9421460507 1.00822713 2.419279597 -1.786755781 -1.025881195 
-0.3503 -0.9522127446 0.9413828778 0.9913732543 2.42268799 -1.793570673 -1.035445288 
-0.3503 -0.9456313088 0.9405888843 0.9726466912 2.425980115 -1.800976015 -1.045978549 
-0.3503 -0.9389796739 0.9401455337 0.9538270752 2.42905116 -1.808591953 -1.056316457 
-0.4503 -0.9720417892 1.073353022 1.049601596 2.421424609 -1.812192631 -1.001632943 
-0.4503 -0.9664582312 1.072102243 1.033089111 2.424919892 -1.818282372 -1.011356414 
-0.4503 -0.9607909542 1.070995805 1.016432817 2.428298251 -1.824501035 -1.021044512 
-0.4503 -0.9550378082 1.070044321 0.9996267912 2.431548727 -1.830853564 -1.030697663 
-0.4503 -0.9489050755 1.069633009 0.9822665517 2.434228622 -1.837651233 -1.040257404 
-0.4503 -0.9432641498 1.068654753 0.9655386756 2.437615715 -1.843982868 -1.049901756 
-0.4503 -0.9370540591 1.068511103 0.9480228915 2.440057048 -1.850946605 -1.05937488 
-0.4503 -0.9311910096 1.067984149 0.9309580151 2.44297622 -1.857593229 -1.068920321 
-0.4503 -0.9250133229 1.067981141 0.9134190127 2.445341033 -1.864636553 -1.078373139 
-0.4503 -0.918737323 1.068224567 0.8957010455 2.447469404 -1.871849034 -1.087791639 
-0.5503 -0.9462967685 1.197831714 0.9956527973 2.444774603 -1.868627487 -1.029853244 
-0.5503 -0.9412168982 1.196620118 0.9803697857 2.448052739 -1.87394827 -1.038778749 
-0.5503 -0.9363693563 1.195691558 0.9659403352 2.450987347 -1.879108679 -1.047058663 
-0.5503 -0.9311942626 1.194724519 0.9505427799 2.454032958 -1.884581845 -1.055878058 
-0.5503 -0.9257025136 1.194280544 0.9347259397 2.456540721 -1.890431609 -1.064572952 
-0.5503 -0.9206681937 1.193207527 0.9194606742 2.459785712 -1.895807232 -1.073391335 
-0.5503 -0.9151744826 1.193056315 0.9035270294 2.462140852 -1.9018088 -1.082006818 
-0.5503 -0.9096807715 1.192905104 0.8875933845 2.464495993 -1.907810368 -1.090622302 
-0.5503 -0.9041870604 1.192753893 0.8716597397 2.466851133 -1.913811936 -1.099237785 
-0.5503 -0.8986933494 1.192602681 0.8557260948 2.469206274 -1.919813504 -1.107853268 
-0.5503 -0.8931996383 1.19245147 0.83979245 2.471561414 -1.925815072 -1.116468751 
