-0.4503 -0.8501500424 1.090806482 0.7073255759 2.448379861 -1.955285158 -1.180192896 
-0.4503 -0.8578662101 1.086393933 0.7283712479 2.450371234 -1.945359337 -1.170301977 
-0.4503 -0.8653730041 1.081889981 0.748279672 2.452656339 -1.935823479 -1.161301558 
-0.4503 -0.872383434 1.078769052 0.7674085705 2.453431794 -1.927141446 -1.152223793 
-0.4503 -0.879942855 1.075584109 0.7878342223 2.454132351 -1.917714796 -1.142514453 
-0.4503 -0.8866521312 1.073512781 0.8063275635 2.453827566 -1.909632861 -1.13345602 
-0.3503 -0.8302153124 0.9777043847 0.6585925116 2.426450307 -1.943531444 -1.199944661 
-0.3503 -0.8394304808 0.9699292675 0.6828384802 2.432135517 -1.93103125 -1.189351159 
-0.3503 -0.8483480103 0.9634259345 0.7063963174 2.436366064 -1.919152855 -1.178925579 
-0.3503 -0.8572611334 0.9583393396 0.7303105934 2.438996919 -1.907578295 -1.167856818 
-0.3503 -0.8657965975 0.953367438 0.7527621902 2.44155372 -1.896566052 -1.157842839 
-0.3503 -0.8735136787 0.950295484 0.7737351889 2.442118762 -1.886716922 -1.147872522 
-0.3503 -0.8824174852 0.9463180485 0.7971228041 2.443533194 -1.875565876 -1.13702509 
-0.3503 -0.8901558622 0.9438130021 0.8178921422 2.443546262 -1.86596368 -1.127042517 
-0.3503 -0.897728968 0.9417949651 0.838297611 2.443052682 -1.856664116 -1.117083152 
-0.3503 -0.9056732337 0.9401092761 0.8597946009 2.442031114 -1.847005463 -1.106432677 
-0.2503 -0.8462231558 0.8232916135 0.7210594288 2.439427221 -1.866646923 -1.16938911 
-0.2503 -0.8557360661 0.8187645003 0.7459723797 2.441372394 -1.854459441 -1.158168114 
-0.2503 -0.8655916324 0.8148937239 0.7718625969 2.442397296 -1.84201832 -1.146295187 
-0.2503 -0.874164178 0.8125239485 0.7947703567 2.441986932 -1.83129504 -1.13540795 
-0.2503 -0.8837973007 0.8096896009 0.8199548734 2.44192925 -1.819477713 -1.123586942 
-0.2503 -0.8922361764 0.8080443136 0.8423861771 2.440776289 -1.809203054 -1.112655879 
-0.2503 -0.9004716351 0.8068634077 0.8643747668 2.43912899 -1.79927148 -1.101754732 
-0.2503 -0.909086031 0.8060483556 0.8874885609 2.436885903 -1.788976605 -1.090113437 
-0.2503 -0.9169443843 0.8056562915 0.9086828072 2.434401354 -1.779663149 -1.079235767 
-0.2503 -0.9246380766 0.8055792354 0.9295414831 2.431583017 -1.770612165 -1.068354286 
-0.1503 -0.8637844176 0.6716938429 0.803893871 2.449985286 -1.775135819 -1.126324589 
-0.1503 -0.8732887095 0.6706830711 0.8286483081 2.447825629 -1.763866496 -1.114401771 
-0.1503 -0.8825186719 0.6701606969 0.8528050159 2.445129628 -1.753025076 -1.102526984 
-0.1503 -0.8921860147 0.6700010268 0.8781998644 2.441787757 -1.74172128 -1.089848502 
-0.1503 -0.9008556456 0.6703433662 0.9011908048 2.438151376 -1.731754986 -1.078042489 
-0.1503 -0.9093672016 0.6709317371 0.923849784 2.434227911 -1.721991199 -1.066134307 
-0.1503 -0.9182595359 0.671864811 0.9476757905 2.429686583 -1.711857311 -1.053553514 
-0.1503 -0.9263620514 0.6729797527 0.9695288338 2.42517288 -1.702679118 -1.041720912 
-0.1503 -0.9348434095 0.6744052026 0.9925610224 2.420074266 -1.693124932 -1.029026842 
-0.1503 -0.9425824588 0.6759262925 1.013726568 2.415096339 -1.684451647 -1.017159115 
-0.0503 -0.8789450155 0.5309710993 0.896911524 2.449176452 -1.677106495 -1.072321628 
-0.0503 -0.8889839813 0.5329010181 0.922978139 2.44306725 -1.666154529 -1.058569149 
-0.0503 -0.8980848589 0.5349152822 0.9467893231 2.437104023 -1.656276637 -1.045741735 
-0.0503 -0.9066107465 0.537318453 0.9695606866 2.430649598 -1.646981659 -1.032951329 
-0.0503 -0.916180517 0.5396166674 0.9946939448 2.424081134 -1.636764872 -1.019165131 
-0.0503 -0.9245793152 0.5420944215 1.017203542 2.417519855 -1.627761835 -1.006321017 
-0.0503 -0.932774314 0.5446828939 1.039349064 2.410805495 -1.619007041 -0.99346195 
0 -0.9043269238 0.4707707258 0.9962604338 2.428378919 -1.606381021 -1.012750403 
0 -0.9130836425 0.4738613509 1.019412571 2.420835764 -1.597278945 -0.9993821019 
0 -0.9216122455 0.4770220332 1.042166777 2.413172153 -1.588436014 -0.9860036257 
0 -0.9305101882 0.4804725737 1.06613449 2.404841291 -1.579232023 -0.9716542813 
0 -0.9386021884 0.4837421172 1.088144679 2.396964704 -1.570880217 -0.9582442 
0.0497 -0.9098941497 0.4099766749 1.047878713 2.415946352 -1.555940604 -0.9760670269 
0.0497 -0.9185702283 0.4139590592 1.070872189 2.407079169 -1.547381118 -0.9619917665 
0.0497 -0.9269089895 0.4176120133 1.093311982 2.398286423 -1.538928493 -0.9481907702 
0.0497 -0.9356440036 0.4216647899 1.117018219 2.388760627 -1.530186201 -0.9332784534 
0.0497 -0.9436399016 0.425502996 1.138928137 2.379752613 -1.522213366 -0.9192462703 
0.0497 -0.9513485906 0.4293290008 1.160342929 2.370723282 -1.514581312 -0.9052781543 
0.0497 -0.959479542 0.4333727772 1.183118309 2.360999809 -1.506461356 -0.8902454766 
0.0497 -0.9668064437 0.4371661525 1.203940829 2.351878056 -1.499224064 -0.8762341395 
0.1497 -0.8978903161 0.2826990539 1.103980428 2.405249266 -1.470912433 -0.9252708446 
0.1497 -0.907296457 0.2880854176 1.128683796 2.393303433 -1.462269746 -0.9090871389 
0.1497 -0.915811455 0.2930071077 1.15134368 2.382180594 -1.454435644 -0.8939801534 
0.1497 -0.9238561813 0.2978606922 1.173255775 2.371020113 -1.446938765 -0.8789858639 
0.1497 -0.9326914026 0.3028933584 1.197155866 2.359203163 -1.438881088 -0.862670264 
0.1497 -0.9402535135 0.3076862801 1.218344335 2.348013934 -1.431904894 -0.8475902076 
0.1497 -0.9480898233 0.3120648521 1.240070029 2.337071052 -1.424670602 -0.8324056603 
0.1497 -0.9560628457 0.3168716457 1.262687315 2.325187435 -1.417299035 -0.8160978614 
0.1497 -0.9632047603 0.3213590286 1.283304101 2.314116785 -1.410846336 -0.8009046566 
0.1497 -0.9706140074 0.3257553998 1.305072781 2.30236245 -1.403880394 -0.784817959 
0.2497 -0.8984624184 0.1702121392 1.21215244 2.362289977 -1.365897472 -0.8306413213 
0.2497 -0.9067541598 0.1759387523 1.234304861 2.348898571 -1.35907972 -0.814258338 
0.2497 -0.9153497847 0.1815409755 1.257728726 2.334750028 -1.351649102 -0.7968750855 
0.2497 -0.9231201418 0.1868866649 1.279176771 2.321530376 -1.345212911 -0.7805196801 
0.2497 -0.9307522637 0.1920350523 1.300510189 2.308319879 -1.338762 -0.7640926623 
0.2497 -0.9385773536 0.1973207799 1.323030279 2.294251206 -1.331996137 -0.7464681974 
0.2497 -0.9456829528 0.2019239158 1.343473776 2.281305963 -1.325947051 -0.7303689027 
0.2497 -0.9526118648 0.2066430305 1.363833665 2.26825086 -1.32011892 -0.7139663316 
0.2497 -0.9597644714 0.2116393453 1.385233059 2.254318916 -1.314234224 -0.6964012718 
0.2497 -0.9662944785 0.2160062916 1.405087815 2.241327814 -1.308649704 -0.6800144215 
0.3497 -0.8896827263 0.0600795341 1.317890292 2.307628059 -1.261034925 -0.7227100633 
0.3497 -0.898084112 0.06632200164 1.340824633 2.290915519 -1.254769796 -0.7036172747 
0.3497 -0.9055401536 0.07171283985 1.361724192 2.27558746 -1.249074588 -0.6860138857 
0.3497 -0.9132403027 0.07722836129 1.383957348 2.259192774 -1.242979526 -0.6670124396 
0.3497 -0.9203151916 0.08246727631 1.404172318 2.243966252 -1.237931515 -0.6493870413 
0.3497 -0.9270586972 0.08718393721 1.42420483 2.228877606 -1.232669703 -0.631819478 
0.3497 -0.9340676501 0.09227089677 1.445340161 2.212712341 -1.227435411 -0.6128960276 
0.3497 -0.9404254344 0.09670311246 1.464909567 2.197645572 -1.222502923 -0.5952343611 
0.3497 -0.9464562882 0.1009901306 1.483953633 2.182770612 -1.217968777 -0.5777328134 
0.3497 -0.9527169672 0.1053891198 1.504124159 2.166849585 -1.213235212 -0.5589677016 
0.4497 -0.8707441838 -0.05017399447 1.422879155 2.239055518 -1.154919038 -0.5972848354 
0.4497 -0.8778028342 -0.04480682433 1.442965764 2.221467524 -1.150314555 -0.5782114928 
0.4497 -0.8851348316 -0.03936563987 1.464282798 2.202667489 -1.145425172 -0.5577299026 
0.4497 -0.8916016714 -0.03455756771 1.483842747 2.185260529 -1.141018838 -0.5385953985 
0.4497 -0.8980185787 -0.02998509255 1.503100199 2.167929656 -1.136808765 -0.5196369472 
0.4497 -0.9045116852 -0.02535062763 1.523394894 2.149480774 -1.132461691 -0.4992995312 
0.4497 -0.9103260865 -0.02125767943 1.542033556 2.132346736 -1.128571095 -0.4803591614 
0.4497 -0.9163008957 -0.01711185696 1.561687599 2.114067986 -1.124579269 -0.4601084156 
0.4497 -0.9216465218 -0.01345801761 1.579743761 2.097071898 -1.121016854 -0.4412461731 
0.4497 -0.9267754671 -0.01000546131 1.597528655 2.080129073 -1.117610673 -0.4224201269 
0.4497 -0.9320366209 -0.006522797361 1.616289396 2.062026461 -1.11413311 -0.4022887463 
0.4497 -0.936733885 -0.003468611361 1.633530135 2.045170339 -1.111046586 -0.383535692 
0.4497 -0.9412301209 -0.0005989334096 1.650515818 2.028345966 -1.108112662 -0.3648172988 
0.4497 -0.9458292795 0.002275991809 1.668436763 2.010348465 -1.105137366 -0.344800167 
0.4497 -0.9499222862 0.004777065992 1.68490783 1.993571853 -1.102516423 -0.3261532401 
0.4497 -0.9535831119 0.007025895707 1.700763698 1.976874937 -1.100023686 -0.3077094907 
0.4497 -0.957803189 0.009413652316 1.718258912 1.95886402 -1.097562766 -0.2876378916 
0.4497 -0.9613258836 0.01139567561 1.73399578 1.942120733 -1.095399271 -0.2690982151 
0.4497 -0.9646688554 0.01321443578 1.749499902 1.925380223 -1.093383243 -0.2505942453 
0.4497 -0.9680540369 0.01498459803 1.765856245 1.907443179 -1.091386129 -0.2308088044 
0.4497 -0.9710325134 0.01647236672 1.780886596 1.890697911 -1.089673572 -0.2123806115 
0.4497 -0.9738383587 0.01780334102 1.795691852 1.873945853 -1.088106632 -0.1939900297 
0.4497 -0.9766552269 0.0190572836 1.811307241 1.85598676 -1.086588751 -0.1743284326 
0.4497 -0.9791093786 0.02006856792 1.825652786 1.839212696 -1.085321776 -0.1560182285 
0.4497 -0.9815532356 0.02098317406 1.840779948 1.821224906 -1.084124147 -0.1364446764 
0.4497 -0.9836624536 0.02168035976 1.854673538 1.804419738 -1.083155056 -0.1182185413 
0.4497 -0.9856071833 0.0222275051 1.868351376 1.787596818 -1.082329072 -0.1000344151 
0.4497 -0.9875095847 0.02264819726 1.882768399 1.769550813 -1.081602399 -0.08059913835 
0.4497 -0.9891170788 0.02288710954 1.896003738 1.752686404 -1.081071472 -0.06250513127 
0.4497 -0.9905632043 0.02297820745 1.90902738 1.735800017 -1.080682335 -0.04445616699 
0.4497 -0.9919344419 0.02291234379 1.922747646 1.717681858 -1.08042227 -0.02516913032 
0.4497 -0.9930486764 0.02269871586 1.935336275 1.700746694 -1.080325509 -0.007216710881 
0.4497 -0.9940036236 0.02233848359 1.947716422 1.683786681 -1.080369252 0.01068752954 
0.4497 -0.9948505665 0.02179007192 1.96075053 1.665586894 -1.080571556 0.02981602343 
0.4497 -0.9954769937 0.02112673725 1.972701595 1.648573367 -1.080904993 0.04761723571 
0.4497 -0.9959453391 0.02031719542 1.984446722 1.631533244 -1.081377618 0.06536717665 
0.4497 -0.9962719707 0.0192875631 1.99680306 1.61324605 -1.082037954 0.08432696713 
0.4497 -0.9964134959 0.01817503599 2.008123789 1.596149802 -1.082797473 0.1019676268 
0.4497 -0.9963902203 0.01682051461 2.020026852 1.577801982 -1.083764139 0.1208081773 
0.4497 -0.9962052544 0.01540439076 2.030925759 1.560648882 -1.084808554 0.1383356011 
0.4497 -0.9958626165 0.01384134629 2.041621829 1.543468299 -1.085989758 0.1558070286 
0.4497 -0.9953204 0.01200328392 2.052857345 1.525030129 -1.087406553 0.1744633523 
0.4497 -0.9946507113 0.01013492317 2.063134687 1.507792967 -1.088869482 0.191816245 
0.4497 -0.9938247427 0.008102249292 2.073225076 1.49048723 -1.090449889 0.2091385564 
0.4497 -0.9927598721 0.005793654643 2.083782772 1.472001914 -1.092329278 0.2275751135 
0.4497 -0.9916032778 0.003469575861 2.093442211 1.454682921 -1.094205681 0.2447466802 
0.4497 -0.9902874468 0.0009962326913 2.102901099 1.437338113 -1.096215547 0.2618579915 
0.4497 -0.9887004452 -0.001819950638 2.112813366 1.418726341 -1.098516405 0.2801241029 
0.4497 -0.9870533841 -0.004603997121 2.121857621 1.401329808 -1.100800832 0.2971090675 
0.4497 -0.985245673 -0.007538791067 2.130702036 1.383909296 -1.103216862 0.3140324282 
0.4497 -0.9831299627 -0.01085106078 2.139956639 1.365218698 -1.105950791 0.3320958893 
0.4497 -0.9809877522 -0.01409969496 2.148387654 1.347750964 -1.108637415 0.3488907368 
0.4497 -0.978512324 -0.01774935023 2.157199672 1.329011748 -1.111659784 0.3668160409 
0.4497 -0.9760330832 -0.02131391024 2.165217889 1.311500653 -1.114614217 0.3834816631 
0.4497 -0.9733901706 -0.02503169668 2.173036997 1.29397022 -1.117696924 0.4000848342 
0.4497 -0.9703761068 -0.0291855663 2.181193769 1.275167468 -1.121141409 0.4178047109 
0.4497 -0.9673920554 -0.03322209643 2.188600725 1.257600754 -1.1244877 0.4342787847 
0.4497 -0.9642422712 -0.03741308605 2.195808832 1.240018545 -1.127960214 0.4506908213 
0.4497 -0.9606828021 -0.04207520335 2.203311227 1.221164917 -1.131820077 0.4682066335 
0.4497 -0.9571875004 -0.04658712734 2.210107663 1.203555344 -1.135551944 0.4844911708 
0.4497 -0.9535243181 -0.05125435557 2.216705472 1.185935076 -1.139408012 0.5007148025 
0.4497 -0.9494123829 -0.05642748159 2.223554225 1.167046396 -1.143676612 0.5180302764 
0.4497 -0.9453992096 -0.061416855 2.229740848 1.149409839 -1.147787937 0.5341295022 
0.4497 -0.9411994851 -0.06664697153 2.235747153 1.131589724 -1.151982238 0.5502762059 
0.4497 -0.936544531 -0.0722468656 2.24192513 1.112864332 -1.156692597 0.567290905 
0.4497 -0.9320069396 -0.07771383886 2.247502908 1.095220337 -1.161177679 0.5832112425 
0.4497 -0.9269542324 -0.08374345672 2.253259462 1.076318894 -1.166116902 0.6002060753 
0.4497 -0.9220594208 -0.08953141095 2.258427458 1.058683047 -1.170851171 0.6160104634 
0.4497 -0.9169911892 -0.09547369642 2.263397961 1.041055442 -1.175705002 0.6317604494 
0.4497 -0.9113678137 -0.1020110642 2.268504651 1.022181327 -1.181037727 0.6485763325 
0.4497 -0.9059384643 -0.10827116 2.273066967 1.004580679 -1.186137905 0.6642172467 
0.4497 -0.9003339212 -0.1146835386 2.277432758 0.9869982096 -1.19135646 0.6798073804 
0.4497 -0.8941340471 -0.1217219019 2.281892781 0.9681841464 -1.197078799 0.6964562235 
0.4497 -0.8881649687 -0.1284467054 2.285852874 0.9506511024 -1.202541685 0.7119453684 
0.4497 -0.8820191806 -0.1353206189 2.289617907 0.9331480298 -1.208122205 0.7273878978 
0.4497 -0.875237826 -0.1428495237 2.293436109 0.9144328496 -1.214231721 0.7438833927 
0.4497 -0.8687246637 -0.1500280559 2.296799108 0.897005683 -1.220055551 0.7592340485 
0.4497 -0.8620335719 -0.157351324 2.299969148 0.8796222895 -1.225996787 0.774542704 
0.4497 -0.8546667236 -0.165356376 2.303152451 0.8610514213 -1.232492734 0.7909000271 
0.4497 -0.8476060508 -0.1729739422 2.305925561 0.8437746842 -1.238677382 0.8061267582 
0.4497 -0.8403665378 -0.1807306574 2.308508566 0.8265576226 -1.244979769 0.8213164576 
0.4497 -0.8324111979 -0.1891934783 2.311066374 0.8081834018 -1.251863247 0.8375519476 
0.4497 -0.8248005313 -0.1972317 2.313259226 0.7911081416 -1.258410333 0.8526703027 
0.4497 -0.816447104 -0.2059909481 2.315401905 0.7728996115 -1.26555674 0.868833292 
0.4497 -0.8084645576 -0.2143007482 2.317210215 0.7559923259 -1.272350056 0.8838876998 
0.4497 -0.8001424659 -0.2227327756 2.318799368 0.7391766065 -1.279338003 0.8990140759 
0.4497 -0.7913266091 -0.2319145641 2.320367586 0.7212680765 -1.286817636 0.9150032017 
0.4497 -0.7826256131 -0.2405987595 2.321580573 0.7046695616 -1.294060859 0.9300768056 
0.4497 -0.7741079525 -0.2494192109 2.322697155 0.6881679529 -1.301248777 0.9449085991 
0.4497 -0.7643727461 -0.2589760794 2.323605988 0.6706452194 -1.30928729 0.9610196811 
0.3497 -0.8017284537 -0.1426792724 2.380184039 0.6501484822 -1.394211083 0.9142855384 
0.3497 -0.7924617605 -0.1526586282 2.380229086 0.6331466658 -1.40151347 0.9277728579 
0.3497 -0.7822284062 -0.1634801396 2.380035314 0.6150487538 -1.409511651 0.9422677858 
0.3497 -0.7726583259 -0.1737099362 2.379697049 0.598259752 -1.416993594 0.9558031529 
0.3497 -0.7630027154 -0.1840550774 2.379191832 0.5815815321 -1.42453011 0.9690978615 
0.3497 -0.7525354146 -0.1952652589 2.378461603 0.5638414682 -1.432680371 0.9833385417 
0.3497 -0.7422814003 -0.2058153601 2.377514122 0.5474612901 -1.440570852 0.9969492277 
0.3497 -0.7314329295 -0.217249387 2.376380255 0.5300332824 -1.448956757 1.011153675 
0.3497 -0.7208446657 -0.2279952422 2.375067168 0.5139737227 -1.457061276 1.024713319 
0.3497 -0.7101139116 -0.2388291594 2.373586653 0.4980832484 -1.465261109 1.038245116 
0.2497 -0.7330310119 -0.1318738326 2.421937551 0.4698661499 -1.544892584 0.981771101 
0.2497 -0.7221976813 -0.1439043971 2.419426866 0.4528633953 -1.552545104 0.9937788889 
0.2497 -0.7116487421 -0.1560387972 2.416850836 0.4359630943 -1.560016939 1.005643403 
0.2497 -0.6998856554 -0.1690912343 2.413805404 0.418095228 -1.568301112 1.018359673 
0.2497 -0.68889753 -0.1813502257 2.410817696 0.401586311 -1.576036638 1.030346175 
0.2497 -0.6775790488 -0.1936449323 2.407603767 0.3853135967 -1.58397858 1.04233957 
0.2497 -0.6656409215 -0.2069046279 2.404068133 0.3680403493 -1.592374587 1.055095953 
0.2497 -0.6540452523 -0.2193503159 2.40049406 0.3521318187 -1.600491531 1.067155452 
0.2497 -0.6428602169 -0.2317780282 2.396945045 0.3364906703 -1.608377404 1.079002513 
0.2497 -0.6301865274 -0.2450443471 2.392826772 0.320165796 -1.617272381 1.091880524 
0.1497 -0.6431144529 -0.1462989306 2.430997631 0.2805018841 -1.686401421 1.020165088 
0.1497 -0.6307398269 -0.1608141361 2.425634918 0.2625938807 -1.69410983 1.031473288 
0.1497 -0.6197429885 -0.1744134043 2.420673675 0.2460091713 -1.700964179 1.041905901 
0.1497 -0.6083913128 -0.1879802894 2.415478404 0.2297356934 -1.70805463 1.052433156 
0.1497 -0.5961815323 -0.2025050205 2.409766749 0.2125852033 -1.715698371 1.063735953 
0.1497 -0.5845824563 -0.2160283725 2.404254682 0.196894091 -1.722980113 1.074341835 
0.1497 -0.5729342765 -0.2295304222 2.398618541 0.181482136 -1.730314004 1.084969652 
0.1497 -0.560761385 -0.2439559548 2.392583448 0.1652633762 -1.738008873 1.096279797 
0.1497 -0.5493655755 -0.2575108567 2.386792629 0.1502584394 -1.745230086 1.106916418 
0.1497 -0.537770442 -0.2709592688 2.380866202 0.1356728357 -1.752610851 1.117579323 
0.0497 -0.5435011413 -0.1800241138 2.407200318 0.07907477359 -1.80545507 1.029435324 
0.0497 -0.5331299131 -0.1943022292 2.400305308 0.06290891742 -1.810903871 1.038736294 
0.0497 -0.5225759446 -0.2082615863 2.393348481 0.04739490672 -1.816520998 1.047983852 
0.0497 -0.5110358112 -0.2235605363 2.385560827 0.03081728304 -1.822616331 1.058240056 
0.0497 -0.5006358029 -0.2371590652 2.378506671 0.01592056817 -1.828307835 1.067354225 
0.0497 -0.4894917255 -0.2518376984 2.37079947 0.0001862780053 -1.834393297 1.077284047 
0.0497 -0.4787532877 -0.2656484761 2.363336535 -0.01420526903 -1.840259403 1.086779616 
0 -0.4765843686 -0.2280066814 2.369322467 -0.05477482665 -1.860331274 1.041267368 
0 -0.4662447702 -0.2426815518 2.3610208 -0.07052220648 -1.865338585 1.050628576 
0 -0.4563041879 -0.2564800399 2.353011538 -0.08493774588 -1.87017698 1.059590122 
0 -0.4464133914 -0.2701858543 2.34494688 -0.09904995932 -1.875037021 1.068578634 
0 -0.4362336819 -0.2845511269 2.336462824 -0.113824612 -1.880110576 1.078015599 
-0.0503 -0.4358313167 -0.2461048851 2.340426913 -0.1580387055 -1.892480393 1.027928812 
-0.0503 -0.4269789431 -0.2596644266 2.331953864 -0.1721710436 -1.896160695 1.036479127 
-0.0503 -0.4179280649 -0.2738433178 2.323061212 -0.1869775706 -1.89996686 1.04544959 
-0.0503 -0.4092237108 -0.2868479953 2.314614792 -0.2003879306 -1.903729721 1.053773734 
-0.0503 -0.400549998 -0.2998084121 2.30610031 -0.2135383082 -1.907515265 1.062167152 
-0.0503 -0.3914282211 -0.3140830792 2.296836646 -0.2275413677 -1.911471263 1.071591663 
-0.0503 -0.382799121 -0.3269518385 2.288186542 -0.2401414509 -1.915328522 1.080126653 
-0.1503 -0.3962463793 -0.2345217392 2.301404708 -0.321469829 -1.912986022 0.9648609998 
-0.1503 -0.3894842975 -0.2480859294 2.291872886 -0.3361615986 -1.914257767 0.9734434629 
-0.1503 -0.3830001239 -0.260571024 2.282842075 -0.3495588123 -1.915593792 0.9814436941 
-0.1503 -0.3763811447 -0.2738215355 2.273256528 -0.3636982061 -1.916920019 0.9900549756 
-0.1503 -0.3700350595 -0.286018546 2.264183364 -0.3765859549 -1.918301555 0.9980750742 
-0.1503 -0.3637561083 -0.2980805907 2.255093533 -0.3892341435 -1.919702923 1.006100704 
-0.1503 -0.3574563773 -0.310902738 2.245494822 -0.4026231599 -1.921046998 1.014746516 
-0.1503 -0.3513967317 -0.322706034 2.236411825 -0.414817272 -1.922446347 1.022788367 
-0.1503 -0.3453705061 -0.3343794683 2.227303229 -0.4267785271 -1.923879206 1.030825777 
-0.1503 -0.3386573625 -0.3467064472 2.2173895 -0.4392505344 -1.925595809 1.039390702 
-0.2503 -0.3633743033 -0.2485070004 2.231564563 -0.5248783595 -1.890417149 0.9241964846 
-0.2503 -0.3596948031 -0.2594396004 2.222515153 -0.5373571568 -1.889409161 0.932337048 
-0.2503 -0.3558795946 -0.2710813829 2.212709856 -0.5507151972 -1.888224651 0.9411551917 
-0.2503 -0.3526491359 -0.2817706242 2.203734603 -0.562971401 -1.887061758 0.9493971321 
-0.2503 -0.3490313663 -0.2920354119 2.194637027 -0.574887074 -1.886100771 0.957327109 
-0.2503 -0.3453040955 -0.3033353008 2.184723248 -0.5876101977 -1.885085062 0.9662757177 
-0.2503 -0.3420028861 -0.3135060468 2.175622677 -0.5992721428 -1.884079291 0.9744156413 
-0.2503 -0.3385242939 -0.3242947695 2.16584167 -0.6115991284 -1.883022801 0.9831763203 
-0.2503 -0.3354398718 -0.3338893307 2.156903845 -0.6228812863 -1.881956834 0.9910333227 
-0.2503 -0.3323252592 -0.3436772939 2.147774137 -0.6340763242 -1.880980034 0.9991937675 
-0.2503 -0.328981819 -0.3542421744 2.137855931 -0.6459420428 -1.880010841 1.008140566 
-0.2503 -0.326004823 -0.3637094008 2.128751132 -0.6568255875 -1.879034817 1.016238321 
-0.2503 -0.3231936141 -0.3727549748 2.119825651 -0.6675339223 -1.877957092 1.024051119 
-0.2503 -0.320039395 -0.382889824 2.109907936 -0.6789325396 -1.877008674 1.032957699 
-0.2503 -0.3173457914 -0.3917169295 2.100963287 -0.6893803914 -1.875934214 1.04078776 
-0.2503 -0.3145362906 -0.4008700408 2.091742199 -0.6997459864 -1.875034269 1.049024077 
-0.2503 -0.3116918127 -0.4102890995 2.082024274 -0.7106929657 -1.873964018 1.057597774 
-0.2503 -0.309102273 -0.4189481282 2.072964088 -0.7207879986 -1.872954597 1.065577908 
-0.2503 -0.3065759272 -0.4274810541 2.063914334 -0.7307691833 -1.871933085 1.073536155 
-0.2503 -0.3039394807 -0.4364850366 2.054230732 -0.7413414663 -1.870823025 1.082037908 
-0.2503 -0.3015447335 -0.4447608545 2.045205342 -0.7510993669 -1.869770392 1.089949055 
-0.2503 -0.299049951 -0.4534921022 2.035549821 -0.7614413918 -1.868622559 1.098399239 
-0.2503 -0.2967881735 -0.4615157369 2.026552475 -0.7709926967 -1.867530504 1.106261357 
-0.2503 -0.2945912329 -0.4694191637 2.017569973 -0.7804501672 -1.866416409 1.114099266 
-0.2503 -0.2923098842 -0.4777547244 2.007963299 -0.790483374 -1.865196026 1.122469847 
-0.2503 -0.2902489003 -0.4854118427 1.999014238 -0.7997585773 -1.864029956 1.130256789 
-0.2503 -0.2885675544 -0.4927547715 1.990369224 -0.8089591324 -1.862669977 1.137866669 
-0.2503 -0.2861922063 -0.5008989567 1.980533336 -0.8187143373 -1.86152258 1.146307558 
-0.2503 -0.2843378614 -0.5081960442 1.971640526 -0.8277490795 -1.860263477 1.154017717 
-0.2503 -0.282552342 -0.5153768478 1.962767749 -0.8367131688 -1.858969891 1.161702769 
-0.2503 -0.2807166401 -0.5229418565 1.953284397 -0.8462434002 -1.857543259 1.169908925 
-0.2503 -0.2790764954 -0.5298826003 1.944455818 -0.8550730454 -1.856171554 1.177542113 
-0.2503 -0.2775080146 -0.5367076308 1.935649887 -0.8638435383 -1.85475886 1.185150427 
-0.2503 -0.2759082176 -0.5438917245 1.92624107 -0.8731791184 -1.853197312 1.193274785 
-0.2503 -0.2747730616 -0.5504939846 1.917592458 -0.8819601042 -1.851582549 1.200915957 
-0.2503 -0.2731500551 -0.5569458453 1.908753828 -0.8904513551 -1.850140545 1.208365355 
-0.2503 -0.2720787924 -0.5637624903 1.899534171 -0.8997541058 -1.84831287 1.216495305 
-0.2503 -0.2706154641 -0.5699747384 1.890752578 -0.908156174 -1.84676361 1.223894233 
-0.2503 -0.2694369038 -0.5765161199 1.881488299 -0.9172512846 -1.84492607 1.231887316 
-0.2503 -0.2684204289 -0.5824988047 1.872871675 -0.9257070905 -1.843151807 1.239324123 
-0.2503 -0.2674861425 -0.5883622493 1.864284998 -0.9341350556 -1.841317926 1.246738865 
-0.2503 -0.2665781299 -0.5945110886 1.855119286 -0.9431385852 -1.83928416 1.254659394 
-0.2503 -0.2658192181 -0.6001243162 1.846597647 -0.9515214116 -1.837319083 1.262030305 
-0.2503 -0.2654716296 -0.6056221319 1.838223822 -0.9600412793 -1.835165762 1.269484795 
-0.2503 -0.2647529062 -0.6113640445 1.829130848 -0.9689481216 -1.83294815 1.277308328 
-0.2503 -0.2640418661 -0.6165923555 1.820633925 -0.977188237 -1.830852882 1.28454688 
-0.2503 -0.2637786182 -0.621698381 1.812296915 -0.985595063 -1.828551251 1.291882867 
-0.2503 -0.2636358669 -0.6270246921 1.80341622 -0.9946213184 -1.825987199 1.299736187 
-0.2503 -0.263125665 -0.6318572853 1.795057178 -1.002760493 -1.823706259 1.306861059 
-0.2503 -0.2630492863 -0.6365627909 1.786745511 -1.011187602 -1.821178315 1.314142871 
-0.2503 -0.2630621621 -0.641451635 1.777935811 -1.020162251 -1.81840336 1.321891202 
-0.2503 -0.2631927058 -0.6458723183 1.769727386 -1.028598922 -1.815705078 1.329132874 
-0.2503 -0.2634285948 -0.6504528748 1.761040677 -1.037579982 -1.812746492 1.336833247 
-0.2503 -0.2640068056 -0.6545737455 1.753039516 -1.046137164 -1.809792912 1.344106184 
-0.2503 -0.2645331907 -0.6583799671 1.744823971 -1.054622277 -1.806554229 1.351330391 
-0.2503 -0.2648403802 -0.6626642642 1.736341702 -1.063642384 -1.803604634 1.358919136 
-0.2503 -0.2657846562 -0.6661946072 1.728337664 -1.072304459 -1.80015623 1.366215076 
-0.2503 -0.2665114767 -0.6698438835 1.720552166 -1.080907047 -1.797076542 1.373296888 
-0.2503 -0.2676113601 -0.6734302866 1.712172153 -1.090247981 -1.793398772 1.381058169 
-0.2503 -0.2686920339 -0.6766145779 1.704391021 -1.098976021 -1.789880011 1.388236929 
-0.2503 -0.2698795311 -0.6796348682 1.696652819 -1.107760291 -1.786252048 1.39541405 
-0.2503 -0.2713084484 -0.6826866236 1.688458475 -1.117218406 -1.782242213 1.403095514 
-0.2503 -0.2727396733 -0.6853527078 1.680797271 -1.126165695 -1.778366364 1.4102937 
-0.2503 -0.2742805206 -0.6878483812 1.673219312 -1.135141297 -1.774387833 1.417410754 
-0.2503 -0.2762625966 -0.6901764943 1.665079276 -1.144919326 -1.769749726 1.425320512 
-0.2503 -0.2779155165 -0.6924446765 1.6577159 -1.153999247 -1.765744417 1.432386114 
-0.2503 -0.2802770872 -0.6944093633 1.649795766 -1.164025696 -1.760876017 1.440264411 
-0.2503 -0.2825552933 -0.6960805239 1.642480667 -1.173449102 -1.756261238 1.447618511 
-0.2503 -0.2849511925 -0.6975731477 1.635241627 -1.182961713 -1.751542883 1.454926254 
-0.2503 -0.2876902478 -0.6989532679 1.627568404 -1.193277187 -1.746340238 1.462831104 
-0.2503 -0.290348928 -0.7000599253 1.620491698 -1.202994035 -1.741391 1.470166448 
-0.2503 -0.2931462318 -0.7009713581 1.613496449 -1.212820349 -1.736321043 1.47753932 
-0.2503 -0.296329876 -0.7017123103 1.606090864 -1.223490765 -1.730729207 1.48554769 
-0.2503 -0.2994338533 -0.7022011624 1.599272502 -1.233564936 -1.725394344 1.492911241 
-0.2503 -0.3026969206 -0.7024773409 1.592541732 -1.243769537 -1.719923731 1.500376561 
-0.2503 -0.3063915013 -0.7025215641 1.585427929 -1.254863516 -1.713893976 1.508433515 
-0.2503 -0.310029699 -0.702323279 1.578882892 -1.265374242 -1.708107415 1.51601337 
-0.2503 -0.3138403591 -0.7018876032 1.572423844 -1.276032748 -1.702165607 1.523653127 
-0.2503 -0.3181205352 -0.7011502155 1.565600295 -1.28762389 -1.69562257 1.531913713 
-0.2503 -0.3223028852 -0.7002064146 1.559326305 -1.298608046 -1.689351519 1.539698787 
-0.2503 -0.3269843032 -0.698917315 1.552707481 -1.310558086 -1.682456972 1.548125666 
-0.2503 -0.3315607867 -0.6974417209 1.546627257 -1.321896059 -1.675845714 1.556089754 
-0.2503 -0.336337265 -0.6956999345 1.540643229 -1.333416049 -1.669065764 1.564154959 
-0.2503 -0.3416544969 -0.6935487848 1.53434547 -1.345951886 -1.661634077 1.572896673 
-0.2503 -0.3468523257 -0.6912444199 1.528568517 -1.357864531 -1.654507499 1.581193562 
-0.2503 -0.3522615061 -0.6886603756 1.522894154 -1.369977065 -1.647212182 1.589617966 
-0.2503 -0.3580349473 -0.6857004968 1.516921162 -1.383084158 -1.63937261 1.598624196 
-0.2503 -0.3635861551 -0.6827198946 1.511552188 -1.395379619 -1.631951233 1.607056628 
-0.2503 -0.3693450519 -0.6794561348 1.506272463 -1.407939155 -1.62437713 1.615644585 
-0.2503 -0.3756974026 -0.6756785907 1.500755239 -1.421595975 -1.616125667 1.62496158 
-0.2503 -0.3821873177 -0.671805235 1.495836403 -1.43477322 -1.60820588 1.633969058 
-0.2503 -0.3885139911 -0.6677501481 1.490969809 -1.447933634 -1.600253924 1.642926919 
-0.2503 -0.3954682552 -0.6631276296 1.485906123 -1.462237388 -1.591614432 1.652654052 
-0.2503 -0.401873334 -0.6586124513 1.481263649 -1.475623546 -1.58350044 1.661726797 
-0.2503 -0.4087953932 -0.6537682206 1.476852134 -1.4894195 -1.575207586 1.671114501 
-0.2503 -0.4163698414 -0.6483091943 1.472284429 -1.504398559 -1.566225885 1.681310662 
-0.2503 -0.4234692312 -0.6429935933 1.468145204 -1.518490847 -1.557782636 1.690896162 
-0.2503 -0.431227135 -0.6370376174 1.463876539 -1.533785139 -1.548652321 1.701309394 
-0.2503 -0.438603736 -0.6312399368 1.460050225 -1.548239486 -1.540059686 1.711163611 
-0.2503 -0.4461060531 -0.6252165053 1.456378672 -1.562864316 -1.531405775 1.721149692 
-0.2503 -0.4542774192 -0.618518053 1.452619159 -1.57871923 -1.52207396 1.731996528 
-0.2503 -0.4620222021 -0.612043433 1.449275204 -1.593686397 -1.513316262 1.742258615 
-0.2503 -0.4698750107 -0.605359624 1.44609252 -1.608812932 -1.504519783 1.752654713 
-0.1503 0.0003995467538 -1.155814443 1.343527281 -1.102620043 -1.945751674 1.719237894 
-0.1503 0.07055405587 -1.243099498 1.340727028 -1.02280692 -2.0146468 1.730904467 
-0.1503 0.08164856501 -1.261021304 1.335660645 -1.014063424 -2.023174843 1.73677858 
-0.1503 0.09056508541 -1.276949389 1.330238207 -1.008198545 -2.029417467 1.742612531 
-0.1503 0.09760510826 -1.290061935 1.325083801 -1.004318383 -2.033604813 1.747720427 
-0.1503 0.1038750152 -1.302492967 1.319975738 -1.001227464 -2.03713323 1.752766231 
-0.1503 0.1099353229 -1.315081934 1.314576551 -0.9986686782 -2.040233731 1.757985617 
-0.1503 0.1152473925 -1.326495485 1.309548517 -0.9965952378 -2.042743152 1.762822278 
-0.1503 0.1205670251 -1.338324293 1.304258687 -0.9947845669 -2.045047317 1.767856668 
-0.1503 0.1253417459 -1.349208281 1.299340346 -0.9932215253 -2.046971508 1.77254952 
-0.1503 0.1299319332 -1.359923538 1.294480175 -0.9918145074 -2.048690326 1.777186101 
-0.1503 0.134565895 -1.371291571 1.289408973 -0.9905384649 -2.050419177 1.782139107 
-0.1503 0.138955291 -1.381677604 1.284662668 -0.9893171112 -2.05172079 1.78656025 
-0.1503 0.1430438325 -1.392059154 1.280094828 -0.988319107 -2.053044615 1.790989588 
-0.1503 0.1473572539 -1.403033078 1.275319212 -0.987339377 -2.054298815 1.795588513 
-0.1503 0.1514676222 -1.413181264 1.270871376 -0.9863257421 -2.055275372 1.799817521 
-0.1503 0.1554119125 -1.423383539 1.26651249 -0.9853653157 -2.056262814 1.804079444 
-0.1503 0.1595640455 -1.434253751 1.26198149 -0.9843973767 -2.057244659 1.808535055 
-0.1503 0.1634037136 -1.444423399 1.257778722 -0.9834333986 -2.058092456 1.812725922 
-0.1503 0.1671996807 -1.454585022 1.253651721 -0.9824598088 -2.058879628 1.816885134 
-0.1503 0.171216014 -1.46543543 1.249378992 -0.9814546778 -2.059671336 1.821229436 
-0.1503 0.1748287964 -1.475638982 1.2454194 -0.9805091947 -2.060407934 1.82537634 
-0.1503 0.1788822638 -1.486455158 1.241321037 -0.979393758 -2.061033308 1.829598297 
-0.1503 0.1816517257 -1.495497184 1.23727422 -0.9796365391 -2.060792044 1.83343533 
-0.1503 0.1860181929 -1.506776338 1.234017727 -0.9774930457 -2.062279744 1.837457846 
-0.1503 0.1900416819 -1.517593173 1.230297806 -0.9763112452 -2.062786007 1.84145039 
-0.1503 0.1936340506 -1.527775109 1.226849383 -0.975218525 -2.06327329 1.845288351 
-0.1503 0.1972077504 -1.537975718 1.223480449 -0.9740880748 -2.063723612 1.849105562 
-0.1503 0.2010240649 -1.548906497 1.220034748 -0.9728745375 -2.064191181 1.853088959 
-0.1503 0.2045635456 -1.559148384 1.216834316 -0.97166382 -2.064569544 1.856862987 
-0.1503 0.2079258632 -1.569441038 1.213708509 -0.9705257257 -2.064980153 1.860678629 
-0.1503 0.2114175617 -1.579873707 1.210334073 -0.9696844663 -2.064871309 1.864561546 
-0.1503 0.2153510074 -1.590715426 1.207596734 -0.9677388756 -2.065551495 1.868245586 
-0.1503 0.2181901802 -1.6001825 1.204543346 -0.9673747128 -2.065229548 1.87173138 
-0.1503 0.2225016484 -1.612080209 1.202129276 -0.9650913872 -2.066216146 1.875513515 
-0.1503 0.2260994446 -1.622417289 1.199587861 -0.9636066912 -2.066412941 1.878987686 
-0.1503 0.2296175427 -1.63357559 1.196749235 -0.9621132566 -2.066623233 1.882983323 
-0.1503 0.2332540363 -1.643953633 1.194404241 -0.9605050979 -2.066746715 1.886394112 
-0.1503 0.2367602066 -1.654348543 1.192343987 -0.9590496878 -2.066992682 1.889624181 
-0.1503 0.2403085821 -1.665543118 1.190040049 -0.9575069249 -2.067211096 1.893299784 
-0.1503 0.2437603263 -1.676009341 1.187905911 -0.9558693646 -2.067289481 1.89675788 
-0.1503 0.2472206816 -1.686495455 1.18585436 -0.9541765056 -2.067331559 1.900203906 
-0.1503 0.2510249035 -1.697742669 1.183858835 -0.9522825727 -2.067360486 1.903764215 
-0.1503 0.2540275628 -1.707657086 1.1819246 -0.9512711375 -2.06701818 1.906923681 
-0.1503 0.257807983 -1.718795818 1.180617435 -0.9489775114 -2.067569787 1.910213535 
-0.1503 0.2614700302 -1.730115291 1.178827962 -0.9470166668 -2.067517577 1.91383433 
-0.1503 0.2650574049 -1.740689483 1.177430339 -0.9450816318 -2.067470334 1.917013241 
-0.1503 0.2685037308 -1.751282234 1.176114297 -0.9432222484 -2.067448744 1.920204434 
-0.1503 0.2720339369 -1.762647621 1.174790609 -0.9413214805 -2.067454392 1.923636062 
-0.1503 0.275481682 -1.773271642 1.173689681 -0.9393917093 -2.067393752 1.92677806 
-0.1503 0.2789978637 -1.783905037 1.172873734 -0.937452139 -2.067388763 1.929725342 
-0.1503 0.2826634132 -1.79513668 1.17182007 -0.9354632337 -2.067013312 1.932994852 
-0.1503 0.286251272 -1.805995157 1.170999561 -0.9331203115 -2.067043453 1.936256133 
-0.1503 0.2898521411 -1.817161729 1.170364896 -0.931222485 -2.066790107 1.939287607 
-0.1503 0.2933435579 -1.828121747 1.169709241 -0.9288704247 -2.066764361 1.942578395 
-0.1503 0.2967505045 -1.838816672 1.169242752 -0.9267904914 -2.066607621 1.945604225 
-0.1503 0.3004934273 -1.850289408 1.168880151 -0.9244571089 -2.066394403 1.94880878 
-0.1503 0.3039314656 -1.861000969 1.168637197 -0.9222988416 -2.066193208 1.951791998 
-0.1503 0.3073861793 -1.871718975 1.168502571 -0.9201030025 -2.065970207 1.954755519 
-0.1503 0.3111822342 -1.88321431 1.168497982 -0.9176467206 -2.065686421 1.957897713 
-0.1503 0.3146740459 -1.893942888 1.16858925 -0.915374076 -2.065418018 1.960823526 
-0.1503 0.3179302014 -1.904185667 1.168616695 -0.9135569749 -2.064790853 1.963565705 
-0.1503 0.322043662 -1.916182475 1.16914657 -0.9104887978 -2.064771126 1.966820041 
-0.1503 0.3253113426 -1.926489914 1.169474567 -0.9086148823 -2.064205031 1.969494596 
-0.1503 0.3289721473 -1.937634789 1.170056458 -0.9058546261 -2.064126442 1.972583171 
-0.1503 0.3327850418 -1.949131084 1.170742039 -0.9032611506 -2.06372566 1.975637744 
-0.1503 0.3362846878 -1.959849659 1.171471306 -0.9008753165 -2.063348847 1.978484228 
-0.1503 0.3401302057 -1.971336334 1.172394675 -0.8982241099 -2.062900534 1.981511924 
-0.1503 0.3436625933 -1.982042804 1.173345225 -0.8957852391 -2.062478266 1.984333768 
-0.1503 0.3472123101 -1.992741409 1.174402472 -0.893321399 -2.062033393 1.987144571 
-0.1503 0.3510957447 -2.004169394 1.175659645 -0.8906082939 -2.061507164 1.990137372 
-0.1503 0.3546179094 -2.014584956 1.177019454 -0.8883865088 -2.060882868 1.992664959 
-0.1503 0.3583093926 -2.02554799 1.178341748 -0.8855383596 -2.060502216 1.995711513 
-0.1503 0.362046962 -2.036677904 1.179773656 -0.8830572977 -2.059693774 1.998621452 
-0.1503 0.3657781413 -2.047591 1.18152516 -0.8802721683 -2.059372486 2.00145442 
-0.1503 0.3693633462 -2.058201795 1.183206075 -0.8777424465 -2.058802093 2.004218654 
-0.1503 0.3733004574 -2.069560017 1.185148065 -0.8749498108 -2.058144989 2.007170211 
-0.1503 0.3769142729 -2.080130634 1.187039899 -0.8723947108 -2.057525696 2.009922693 
-0.1503 0.3805433227 -2.090679738 1.189032956 -0.8698281049 -2.056881922 2.012670161 
-0.1503 0.3845299047 -2.101967594 1.191309282 -0.8669983182 -2.05614469 2.015607624 
-0.1503 0.3881931506 -2.112467978 1.19351129 -0.8644097611 -2.055448539 2.018347265 
-0.1503 0.3919916824 -2.123279532 1.195748756 -0.8618926142 -2.054404149 2.021191772 
-0.1503 0.3959189874 -2.134146638 1.198420587 -0.8589501485 -2.053903087 2.024013514 
-0.1503 0.3995287981 -2.144200735 1.20093287 -0.856681523 -2.052935755 2.026466258 
-0.1503 0.4036951871 -2.155679871 1.203736204 -0.8534824776 -2.052244789 2.029672305 
-0.1503 0.4074439514 -2.166052008 1.206452229 -0.8508619971 -2.051414727 2.03240504 
-0.1503 0.4111929027 -2.176369276 1.209249179 -0.8482532888 -2.05055714 2.035135418 
-0.1503 0.4153347001 -2.187451699 1.21241536 -0.8453687161 -2.049588939 2.038069819 
-0.1503 0.4190798053 -2.197638881 1.215370306 -0.8427904395 -2.048673068 2.04079536 
-0.1503 0.4228702499 -2.207844427 1.218451988 -0.8401899717 -2.047728797 2.043527465 
-0.1503 0.4270285658 -2.218746935 1.221887283 -0.8373414779 -2.046664849 2.046461229 
-0.1503 0.430650514 -2.228483954 1.224906105 -0.8350499394 -2.045402339 2.049088065 
-0.1503 0.4346921664 -2.238952887 1.228518745 -0.8321605288 -2.044620759 2.051935001 
-0.1503 0.4387712257 -2.249394666 1.23204734 -0.8295831614 -2.04317394 2.054771382 
-0.1503 0.4428784189 -2.259794409 1.235866052 -0.8266789643 -2.042334196 2.057637786 
-0.1503 0.446742307 -2.269668343 1.239455334 -0.8241293886 -2.041197963 2.060376636 
-0.1503 0.4510390212 -2.280322918 1.243501047 -0.8213049599 -2.039920122 2.063339389 
-0.1503 0.4549461989 -2.290135978 1.247286237 -0.8187705269 -2.038716477 2.066090097 
-0.1503 0.4592474392 -2.300644914 1.251490782 -0.8159933969 -2.037368142 2.069056566 
-0.1503 0.4632010939 -2.310390462 1.255467648 -0.8134771851 -2.036092542 2.07182057 
-0.1503 0.4671683691 -2.320084269 1.259524414 -0.8109765284 -2.034782208 2.074588447 
-0.1503 0.4713559954 -2.330092365 1.263773181 -0.8085176549 -2.033040526 2.077442754 
-0.1503 0.4755137373 -2.340006477 1.26821289 -0.8057830859 -2.031934274 2.080347279 
-0.1503 0.47971282 -2.349518027 1.27280549 -0.8032890171 -2.030587553 2.082953288 
-0.1503 0.4841216352 -2.359752347 1.277331376 -0.8005146437 -2.028879026 2.08616298 
-0.1503 0.4882201809 -2.369139028 1.281793552 -0.798053973 -2.027365264 2.088961608 
-0.1503 0.4923480624 -2.378502141 1.286349459 -0.7956084502 -2.025809429 2.09177122 
-0.1503 0.4968568618 -2.388477868 1.291341012 -0.7929573454 -2.024081295 2.09480036 
-0.1503 0.5010047352 -2.397716632 1.296040479 -0.7905641131 -2.022446082 2.097619306 
-0.1503 0.505163544 -2.406894249 1.300807884 -0.7881959119 -2.020771399 2.100442497 
-0.1503 0.5097101711 -2.41666872 1.306024054 -0.7856269539 -2.018912495 2.103488113 
-0.1503 0.5139817799 -2.425684094 1.311165652 -0.7833370455 -2.017240938 2.106150651 
-0.1503 0.5184728847 -2.43535229 1.316292919 -0.7807954254 -2.015201397 2.109377868 
-0.1503 0.5229343517 -2.444249391 1.321661175 -0.7784463579 -2.013411879 2.112066298 
-0.1503 0.5272073148 -2.453157731 1.326563955 -0.7760710765 -2.01138736 2.115134129 
-0.1503 0.5319647263 -2.462595352 1.332192631 -0.7735434209 -2.009256989 2.118240494 
-0.1503 0.5363474319 -2.471326115 1.33747722 -0.7712662437 -2.007241217 2.121128153 
-0.1503 0.5407376515 -2.479989065 1.342818147 -0.7690214187 -2.005181828 2.124018922 
-0.1503 0.5453035548 -2.489177437 1.348538016 -0.7667588129 -2.002965954 2.127081026 
-0.1503 0.5499328797 -2.497724634 1.354089022 -0.7644193995 -2.000753848 2.130035582 
-0.1503 0.5543533124 -2.506176465 1.359598392 -0.7622704411 -1.998555133 2.132935548 
-0.1503 0.5591993663 -2.515162708 1.365686598 -0.7598771085 -1.996128211 2.136040571 
-0.1503 0.5636229305 -2.523470548 1.371211302 -0.7578613141 -1.993829711 2.138971725 
-0.1503 0.5683633024 -2.531686299 1.377206607 -0.7556954741 -1.991517914 2.141766934 
-0.1503 0.5731256946 -2.540492316 1.383124401 -0.753461355 -1.988843572 2.145072293 
-0.1503 0.5777446263 -2.548585444 1.38894966 -0.7513689717 -1.986360005 2.148023343 
-0.1503 0.5827127839 -2.55716109 1.395239657 -0.7491494405 -1.983645546 2.151187428 
-0.1503 0.5874217455 -2.565149018 1.401202934 -0.7470973008 -1.98102971 2.154166206 
-0.1503 0.5921389323 -2.573035978 1.407198608 -0.7450657375 -1.978369751 2.157142431 
-0.1503 0.5972667941 -2.581460706 1.413714027 -0.7429121484 -1.975430542 2.160356943 
-0.1503 0.6021743273 -2.589162339 1.41984925 -0.7408087698 -1.972625602 2.163385087 
-0.1503 0.6069652399 -2.596773774 1.426177338 -0.738928902 -1.969897062 2.166196749 
-0.1503 0.6120079706 -2.604943112 1.432567664 -0.7368583055 -1.966729072 2.169543325 
-0.1503 0.6170849432 -2.612424748 1.439086797 -0.7348731138 -1.963809216 2.172442897 
-0.1503 0.6219936386 -2.619918857 1.445186984 -0.732885797 -1.960677848 2.175639763 
-0.1503 0.6270912555 -2.627790122 1.451894911 -0.7309847901 -1.957430216 2.178805865 
-0.1503 0.6320694241 -2.635078464 1.458277101 -0.7291098482 -1.954275558 2.181833187 
-0.1503 0.6370814463 -2.642292542 1.464701565 -0.7272527167 -1.951057154 2.184865864 
-0.1503 0.6424895685 -2.649939202 1.471630674 -0.7252822863 -1.94753725 2.18812085 
-0.1503 0.6475732085 -2.65699862 1.47813947 -0.7234608694 -1.944184347 2.191163904 
-0.1503 0.6530411778 -2.664482261 1.485093504 -0.7215747373 -1.940522324 2.194447173 
-0.1503 0.6584540389 -2.671339905 1.492043567 -0.7196970119 -1.937075996 2.197371085 
-0.1503 0.6634100668 -2.678210856 1.498371304 -0.7179685075 -1.933469363 2.200538372 
-0.1503 0.6693148919 -2.685403032 1.505853485 -0.7159898484 -1.929605049 2.20372667 
-0.1503 0.6743010766 -2.69212618 1.512230505 -0.7143402312 -1.925868544 2.206883651 
-0.1503 0.6795940651 -2.698708415 1.518943717 -0.7126192828 -1.922108006 2.209949054 
-0.1503 0.6853029511 -2.70567653 1.526159758 -0.7107996906 -1.91800235 2.213240189 
-0.1503 0.690741284 -2.71211887 1.533092296 -0.7090129121 -1.914060407 2.216284356 
-0.1503 0.6961396353 -2.718484979 1.539828333 -0.7073974944 -1.910077481 2.219387569 
-0.1503 0.702047357 -2.725263426 1.547216608 -0.7056160487 -1.905675306 2.222705922 
-0.1503 0.7075098475 -2.731412506 1.554075532 -0.7039388549 -1.901574475 2.225764182 
-0.1503 0.7132587767 -2.737506496 1.561216035 -0.7022235764 -1.8973648 2.228796014 
-0.1503 0.7190558283 -2.74400749 1.568443618 -0.7005240224 -1.892749556 2.232146213 
-0.1503 0.7249372801 -2.749948031 1.57563815 -0.6987997212 -1.888353521 2.235217248 
-0.1503 0.7304787437 -2.75579048 1.582690825 -0.6972731077 -1.884009702 2.238146292 
-0.1503 0.7365114704 -2.76206609 1.589959658 -0.6955220365 -1.879055634 2.24161014 
-0.1503 0.7422798713 -2.767786801 1.597004653 -0.6939142557 -1.874438351 2.244693304 
-0.1503 0.7484693565 -2.773785499 1.604563565 -0.6921706444 -1.869445705 2.247972474 
-0.1503 0.7544172916 -2.779443894 1.611671078 -0.6906480435 -1.864563674 2.251110859 
-0.1503 0.7603050742 -2.784854848 1.618866447 -0.6889399019 -1.859740205 2.254127634 
-0.1503 0.7666637355 -2.790642035 1.626448992 -0.6872794877 -1.854444878 2.257441126 
-0.1503 0.7728915909 -2.795877424 1.63382804 -0.685562689 -1.849438441 2.260479174 
-0.1503 0.7787180208 -2.801186501 1.640782573 -0.6840904662 -1.8442846 2.263579021 
-0.1503 0.7853146602 -2.806667724 1.648644195 -0.6823831295 -1.838755995 2.266770325 
-0.1503 0.7914722965 -2.811723948 1.655867354 -0.680833921 -1.833493451 2.269805648 
-0.1503 0.7977103577 -2.816690179 1.663199236 -0.6791870946 -1.828113212 2.27281346 
-0.1503 0.8042677938 -2.821978558 1.670670272 -0.6774522579 -1.822183545 2.276224539 
-0.1503 0.8106042262 -2.82681795 1.677955034 -0.6758468009 -1.816578797 2.279273168 
-0.1503 0.8169473719 -2.831555132 1.685201019 -0.6742489236 -1.810926302 2.282314334 
-0.1503 0.8239231257 -2.83650734 1.693217675 -0.6725855054 -1.804844972 2.285435776 
-0.1503 0.8303786107 -2.841041689 1.700578393 -0.670805202 -1.798971612 2.288433611 
-0.1503 0.8372912817 -2.845868819 1.708239583 -0.6691217556 -1.792606008 2.291727735 
-0.1503 0.8438019813 -2.850291466 1.715417008 -0.6674734914 -1.786526669 2.294801586 
-0.1503 0.850418333 -2.85460027 1.722733477 -0.6658095109 -1.780400042 2.297791906 
-0.1503 0.8575662878 -2.859123766 1.730580493 -0.6640113191 -1.773731772 2.300983976 
-0.1503 0.8642932688 -2.863258414 1.737910885 -0.6623172072 -1.767410188 2.303951428 
-0.1503 0.8710743445 -2.867308385 1.745246695 -0.6606063876 -1.76099338 2.306906717 
-0.1503 0.8784003005 -2.87155321 1.753111542 -0.6587531719 -1.754011761 2.310058733 
-0.1503 0.8852947836 -2.875426465 1.760455886 -0.6570030723 -1.747395486 2.312986368 
-0.1503 0.8922446369 -2.87921375 1.767803055 -0.6552316786 -1.74068188 2.315899412 
-0.1503 0.8848004888 -2.87515265 1.759931186 -0.6571287673 -1.747871297 2.312777726 
-0.1503 0.8779099456 -2.87127327 1.752587077 -0.6588774049 -1.754480646 2.30984908 
-0.1503 0.8705881788 -2.867021918 1.744722547 -0.6607291739 -1.761454897 2.306696045 
-0.1503 0.8638526668 -2.862942315 1.737488929 -0.6624344803 -1.767900447 2.30368397 
-0.1503 0.8571638334 -2.858782079 1.730243367 -0.6641247195 -1.774244717 2.30066875 
-0.1503 0.8500531841 -2.854236803 1.722481369 -0.6658771631 -1.780902761 2.29744004 
-0.1503 0.8434377229 -2.849954166 1.715093136 -0.6676609004 -1.787033927 2.294479206 
-0.1503 0.8368874833 -2.845515754 1.707873888 -0.6692354827 -1.793087852 2.291425393 
-0.1503 0.8299020674 -2.840719453 1.700018085 -0.6709938479 -1.799430548 2.288219177 
-0.1503 0.8234796503 -2.836195182 1.692707505 -0.6726699553 -1.805212178 2.285237081 
-0.1503 0.8165522406 -2.831184921 1.684831794 -0.674362644 -1.811385618 2.282012 
-0.1503 0.8101798108 -2.826459243 1.67750317 -0.6759768466 -1.817013657 2.279012855 
-0.1503 0.803848363 -2.821657176 1.670163791 -0.6775846877 -1.822544641 2.276020849 
-0.1503 0.7973942869 -2.816385466 1.662581839 -0.6792175975 -1.828360536 2.272781963 
-0.1503 0.7910958331 -2.811339875 1.65553028 -0.6808297675 -1.833856233 2.269523471 
-0.1503 0.7848344581 -2.806383213 1.6479307 -0.6825669753 -1.839043485 2.266681277 
-0.1503 0.7782842659 -2.800815432 1.640269449 -0.6842043382 -1.844653279 2.263360059 
-0.1503 0.772247373 -2.79557415 1.633124861 -0.6857756444 -1.84976449 2.260283273 
-0.1503 0.7662186811 -2.790242121 1.62592997 -0.6873836607 -1.854820987 2.257212901 
-0.1503 0.759859198 -2.784473197 1.618291575 -0.6891041669 -1.860100706 2.253928182 
-0.1503 0.7540581206 -2.778937008 1.611418215 -0.6907512401 -1.865060133 2.250697243 
-0.1503 0.748169558 -2.77338443 1.604270661 -0.6923123931 -1.869806704 2.247657518 
-0.1503 0.7418662218 -2.767380836 1.59650019 -0.6940292799 -1.874770865 2.244473258 
-0.1503 0.7362837627 -2.761576438 1.58960633 -0.6956000055 -1.879447819 2.24134969 
-0.1503 0.7299676234 -2.755433292 1.581922153 -0.6973783604 -1.884237612 2.238090126 
-0.1503 0.7243173775 -2.749537613 1.575007217 -0.6989412977 -1.888676718 2.234982624 
-0.1503 0.7186527631 -2.743579253 1.567940103 -0.7006457272 -1.893060018 2.231927899 
-0.1503 0.7126636195 -2.737099766 1.560501949 -0.702403029 -1.89765871 2.228624612 
-0.1503 0.7071148718 -2.730972254 1.553582189 -0.7040573531 -1.901873 2.22554419 
-0.1503 0.7016178711 -2.724764604 1.5467257 -0.7056957507 -1.90600876 2.22245488 
-0.1503 0.6957506383 -2.718033293 1.539339308 -0.7075176137 -1.910365032 2.21916782 
-0.1503 0.6905552435 -2.711642889 1.532747637 -0.7091260085 -1.9143553 2.216048252 
-0.1503 0.6849405886 -2.705226751 1.525710446 -0.7109059984 -1.91826567 2.213019433 
-0.1503 0.6793951721 -2.69820782 1.518694017 -0.7126925041 -1.922407889 2.209653119 
-0.1503 0.6739081632 -2.691639675 1.511730397 -0.7144699695 -1.926146103 2.206662651 
-0.1503 0.6687004507 -2.685012603 1.505116432 -0.7161860883 -1.929800759 2.203605759 
-0.1503 0.6630378804 -2.67772564 1.497896817 -0.7180945547 -1.933725802 2.200319919 
-0.1503 0.6578468812 -2.670892074 1.491273542 -0.7198674555 -1.937279401 2.197263693 
-0.1503 0.6526863196 -2.663962738 1.484709554 -0.7216276061 -1.940775619 2.194194844 
-0.1503 0.6472089264 -2.656496861 1.477673246 -0.7235904143 -1.944426023 2.190946386 
-0.1503 0.6421524956 -2.649442628 1.471226158 -0.7253772269 -1.947763602 2.187894479 
-0.1503 0.6369245607 -2.641748784 1.464499833 -0.7273255059 -1.951322397 2.184558014 
-0.1503 0.6317127233 -2.634560327 1.457819816 -0.7292431779 -1.954502995 2.18161677 
-0.1503 0.6269755023 -2.627220214 1.451789068 -0.7310611699 -1.957715216 2.178441496 
-0.1503 0.6216147119 -2.619387094 1.444724953 -0.7330392084 -1.960904544 2.175414378 
-0.1503 0.6165356022 -2.611923461 1.43836592 -0.7350640224 -1.96397912 2.172337748 
-0.1503 0.6117146616 -2.604473779 1.432168402 -0.7370015538 -1.966901947 2.169353393 
-0.1503 0.606473338 -2.596265436 1.425486455 -0.7390891807 -1.97004193 2.166111335 
-0.1503 0.6016642965 -2.588594545 1.419341426 -0.7410618361 -1.972876617 2.16311514 
-0.1503 0.596886306 -2.580851275 1.413245126 -0.7430539644 -1.975652305 2.160125455 
-0.1503 0.5919684932 -2.572492898 1.40683975 -0.7450967871 -1.978512184 2.156983661 
-0.1503 0.5872734363 -2.564548919 1.401059112 -0.747201402 -1.981274936 2.153820336 
-0.1503 0.5824006314 -2.556619615 1.394836627 -0.7492960703 -1.983816731 2.150985086 
-0.1503 0.5775452786 -2.547972136 1.388782785 -0.7515105771 -1.986609532 2.147666496 
-0.1503 0.5729275507 -2.539914855 1.382762285 -0.7535148507 -1.988984045 2.1448996 
-0.1503 0.568013607 -2.531149645 1.376582806 -0.7557734318 -1.991582916 2.14174457 
-0.1503 0.5632976671 -2.522878679 1.370805107 -0.7580145548 -1.993997405 2.138762047 
-0.1503 0.5587587075 -2.514555614 1.365149366 -0.7601706741 -1.996316942 2.135830531 
-0.1503 0.5541243772 -2.505585261 1.359240944 -0.7623602873 -1.998689753 2.132752111 
-0.1503 0.5496409109 -2.497121038 1.353707705 -0.7645571719 -2.000902753 2.129834767 
-0.1503 0.5451723284 -2.488600459 1.348235314 -0.7667871631 -2.003066582 2.126923291 
-0.1503 0.5403979742 -2.479318163 1.34263472 -0.7692960632 -2.005454304 2.123604302 
-0.1503 0.5358368669 -2.470680714 1.33701183 -0.7715732874 -2.007439242 2.120873088 
-0.1503 0.5315477708 -2.461956343 1.331771891 -0.7737846006 -2.009426912 2.118009315 
-0.1503 0.5268911443 -2.452525912 1.326191395 -0.7762404 -2.011527453 2.114927389 
-0.1503 0.5226766336 -2.443737687 1.321126086 -0.7784934324 -2.013406174 2.112089763 
-0.1503 0.5181663374 -2.434712141 1.315932693 -0.7809628119 -2.015333267 2.109173687 
-0.1503 0.5137619977 -2.4250944 1.310649711 -0.7833484233 -2.017237427 2.106153719 
-0.1503 0.5093147008 -2.415987403 1.305625344 -0.7858618911 -2.019062483 2.103263836 
-0.1503 0.5049369653 -2.406249927 1.300495926 -0.7883098405 -2.020874286 2.100254813 
-0.1503 0.5007405618 -2.397086835 1.295726877 -0.7907151778 -2.022555213 2.097426511 
-0.1503 0.4965178736 -2.387809969 1.290989283 -0.7931626755 -2.02420748 2.094591168 
-0.1503 0.4919459041 -2.377821144 1.285975449 -0.7958656966 -2.025948656 2.09155132 
-0.1503 0.4876619835 -2.368054193 1.28117492 -0.798557511 -2.027222847 2.088599954 
-0.1503 0.4837949363 -2.359040323 1.276985534 -0.8007113291 -2.028994027 2.08595411 
-0.1503 0.4793738624 -2.348874524 1.272257787 -0.8034010862 -2.030582233 2.082951007 
-0.1503 0.4753340499 -2.339338176 1.26795436 -0.8058743644 -2.03200815 2.080164736 
-0.1503 0.4713376819 -2.329799409 1.26376138 -0.8083500601 -2.033391983 2.077392018 
-0.1503 0.4669258844 -2.319399257 1.259249545 -0.8111215344 -2.034866834 2.074396217 
-0.1503 0.4629202709 -2.309696333 1.255181781 -0.8136547768 -2.036184305 2.071623275 
-0.1503 0.458971048 -2.300021974 1.251244832 -0.8161786953 -2.037461289 2.068867063 
-0.1503 0.4546727423 -2.289604301 1.246979321 -0.8191245144 -2.038469927 2.065909939 
-0.1503 0.4507027716 -2.279776086 1.243239681 -0.8215430036 -2.040010883 2.063183504 
-0.1503 0.4466001093 -2.269242047 1.239471135 -0.8244954274 -2.041058882 2.060027498 
-0.1503 0.4426741806 -2.259427266 1.235694705 -0.8268229951 -2.042381988 2.057544311 
-0.1503 0.4386672137 -2.249144333 1.232044089 -0.8294897764 -2.043520951 2.054720004 
-0.1503 0.4347112471 -2.238887528 1.228513321 -0.8321407215 -2.044617041 2.051919061 
-0.1503 0.4307342746 -2.228512441 1.225047356 -0.8348254333 -2.045690186 2.049100645 
-0.1503 0.4268061481 -2.218166594 1.221701345 -0.837493427 -2.04672251 2.046304676 
-0.1503 0.4228553077 -2.207704388 1.218422921 -0.8401945348 -2.047733013 2.043490624 
-0.1503 0.4189511968 -2.197274597 1.2152645 -0.8428779831 -2.048704686 2.040698121 
-0.1503 0.4149485216 -2.18637758 1.212242854 -0.8459232114 -2.049496627 2.037563752 
-0.1503 0.4111040114 -2.176147388 1.209185004 -0.8483161942 -2.050577838 2.035076632 
-0.1503 0.4071701794 -2.165269306 1.206375189 -0.8513211456 -2.051306024 2.031988517 
-0.1503 0.403373342 -2.154951136 1.203534192 -0.8537148724 -2.052319984 2.0294778 
-0.1503 0.3995528372 -2.144340356 1.200871943 -0.8563953656 -2.053143299 2.026687662 
-0.1503 0.3957149205 -2.133622489 1.198290853 -0.8590963308 -2.053945793 2.023876761 
-0.1503 0.3919276104 -2.122949929 1.19583311 -0.8617665764 -2.054713194 2.021083665 
-0.1503 0.3881212151 -2.112172715 1.193458979 -0.8644561279 -2.055460738 2.0182687 
-0.1503 0.3843633709 -2.101444064 1.191207633 -0.8671138623 -2.056174859 2.015470272 
-0.1503 0.3805847882 -2.090613287 1.189042317 -0.8697896584 -2.056870042 2.012648873 
-0.1503 0.3767144985 -2.079404637 1.187011913 -0.872806675 -2.057366724 2.009540458 
-0.1503 0.3730982968 -2.068955857 1.185044374 -0.8750921678 -2.058178684 2.007012617 
-0.1503 0.3692113921 -2.05770861 1.18319319 -0.8781101109 -2.058630494 2.003923398 
-0.1503 0.3656025947 -2.047205797 1.181450943 -0.8804025582 -2.059404334 2.001358166 
-0.1503 0.3618676242 -2.03626578 1.179812304 -0.8830416901 -2.059981623 1.998511591 
-0.1503 0.3581847582 -2.025386971 1.178297376 -0.8856363043 -2.060528117 1.995676837 
-0.1503 0.3544860151 -2.014416781 1.17688002 -0.888235202 -2.061055861 1.992814495 
-0.1503 0.3508373364 -2.003510823 1.175585091 -0.8907886346 -2.061554093 1.989962448 
-0.1503 0.3471711059 -1.992516172 1.174389604 -0.8933449304 -2.062034212 1.9870813 
-0.1503 0.343519788 -1.981511394 1.173305626 -0.8958789796 -2.062491121 1.984189625 
-0.1503 0.3397864525 -1.970219148 1.172354514 -0.898734467 -2.062738666 1.981051055 
-0.1503 0.3362911467 -1.959554468 1.171480418 -0.9008542677 -2.06333218 1.978391187 
-0.1503 0.3324914294 -1.948243313 1.170698561 -0.9037263617 -2.063544397 1.975267433 
-0.1503 0.3289632985 -1.937559724 1.17005698 -0.9058579803 -2.064124682 1.972560693 
-0.1503 0.3253464281 -1.92659776 1.169519775 -0.9082984848 -2.064483312 1.969634104 
-0.1503 0.3217160648 -1.915557949 1.169091438 -0.9107283859 -2.064823151 1.966672751 
-0.1503 0.3181040288 -1.904518904 1.168778021 -0.9131238342 -2.065139942 1.963695253 
-0.1503 0.3145418048 -1.893559083 1.16858224 -0.9154618609 -2.06542994 1.960720459 
-0.1503 0.3109634532 -1.882525137 1.168497127 -0.917787373 -2.065701536 1.957708219 
-0.1503 0.3074328177 -1.871572631 1.168527463 -0.9200551671 -2.065947065 1.954697195 
-0.1503 0.3036938569 -1.860140456 1.168620127 -0.9227381148 -2.065935037 1.951433927 
-0.1503 0.3003813316 -1.849607634 1.168924828 -0.9245054701 -2.066376209 1.948596627 
-0.1503 0.2965318684 -1.838170064 1.169182534 -0.9272213526 -2.066329439 1.945342783 
-0.1503 0.2932332943 -1.827656611 1.169971222 -0.9290362575 -2.066892775 1.942224748 
-0.1503 0.2895603822 -1.816666605 1.170296135 -0.9311771109 -2.066951183 1.939342053 
-0.1503 0.2859814373 -1.805683769 1.170984797 -0.933317533 -2.067096868 1.936204407 
-0.1503 0.2824518767 -1.794790279 1.171783679 -0.9353923075 -2.067216222 1.93306276 
-0.1503 0.2789070556 -1.783834052 1.172700454 -0.9374418905 -2.067315085 1.929875372 
-0.1503 0.2754093285 -1.772968364 1.173724576 -0.9394263621 -2.067387873 1.926682589 
-0.1503 0.2719604446 -1.762032536 1.175103111 -0.9414372232 -2.067544447 1.92321432 
-0.1503 0.268179689 -1.750751641 1.17603572 -0.9437651133 -2.067180796 1.920008317 
-0.1503 0.2649343318 -1.740311477 1.177479265 -0.9451473874 -2.067470755 1.916898846 
-0.1503 0.2610696062 -1.729029946 1.178808298 -0.9475743616 -2.067176193 1.913471732 
-0.1503 0.2577853775 -1.718643091 1.180670491 -0.9489946174 -2.067575146 1.910134671 
-0.1503 0.2542098933 -1.707801534 1.182400016 -0.9508403335 -2.067571885 1.906734074 
-0.1503 0.2508032085 -1.697067032 1.183974038 -0.9523914297 -2.067356155 1.90355161 
-0.1503 0.2472550249 -1.686267817 1.18587483 -0.9541123648 -2.067275614 1.900134505 
-0.1503 0.2437290709 -1.675564362 1.187869296 -0.9557824836 -2.067174461 1.896712651 
-0.1503 0.2400625411 -1.664796629 1.190191603 -0.9576196023 -2.067201964 1.893056237 
-0.1503 0.2365600719 -1.654137579 1.192352669 -0.959164214 -2.067020679 1.889614977 
-0.1503 0.2326362985 -1.642834673 1.194357447 -0.961276731 -2.066340524 1.886086536 
-0.1503 0.2295384455 -1.632816439 1.196936788 -0.962093431 -2.066547998 1.882679844 
-0.1503 0.2254580809 -1.621495229 1.199271938 -0.9643382917 -2.065883383 1.878972879 
-0.1503 0.2222619236 -1.611501237 1.202226588 -0.9651737857 -2.066194497 1.875374995 
-0.1503 0.2188491259 -1.600922706 1.205007866 -0.966485473 -2.065892983 1.871641106 
-0.1503 0.2152534332 -1.590314074 1.207876821 -0.9678640174 -2.065608527 1.867922791 
-0.1503 0.2116712525 -1.579801241 1.21081986 -0.9691925142 -2.065296303 1.864204524 
-0.1503 0.2080496978 -1.569240445 1.213862094 -0.9704822834 -2.064945687 1.860450789 
-0.1503 0.2044405525 -1.558775267 1.216976009 -0.9717223394 -2.064566564 1.856696633 
-0.1503 0.2006645406 -1.548291672 1.220187525 -0.9730077702 -2.064203241 1.852955366 
-0.1503 0.1965619609 -1.537118042 1.223212387 -0.9748976098 -2.063142761 1.849068652 
-0.1503 0.1934731044 -1.52738144 1.226857976 -0.9751843441 -2.063211448 1.845281267 
-0.1503 0.18902531 -1.515977965 1.230134828 -0.9773728804 -2.062011495 1.841318788 
-0.1503 0.1859539862 -1.506546662 1.234115695 -0.9775211557 -2.062267286 1.837343941 
-0.1503 0.1823539631 -1.496049674 1.237878894 -0.9785104409 -2.061626219 1.833231895 
-0.1503 0.1786147248 -1.485678846 1.241709439 -0.979553212 -2.061015546 1.829173433 
-0.1503 0.1748210027 -1.475248451 1.245644509 -0.9805693588 -2.060352527 1.825065166 
-0.1503 0.1710222272 -1.464895157 1.249641288 -0.9815567968 -2.059646512 1.82094831 
-0.1503 0.1671635345 -1.454477348 1.253742706 -0.9825222222 -2.058882516 1.81677921 
-0.1503 0.1631484706 -1.444124085 1.257937201 -0.9835297442 -2.058140974 1.81264265 
-0.1503 0.1584164581 -1.432576763 1.261854359 -0.9856644226 -2.0562824 1.808364392 
-0.1503 0.1553737218 -1.423283704 1.266512581 -0.9853113812 -2.056248595 1.804098467 
-0.1503 0.1512569454 -1.412902205 1.270999942 -0.9863528362 -2.055302087 1.799830621 
-0.1503 0.1472093929 -1.402308571 1.275572113 -0.9873364723 -2.054139428 1.795266748 
-0.1503 0.1430285338 -1.391792638 1.280204174 -0.9883859606 -2.052950208 1.7907995 
-0.1503 0.1387301055 -1.381148344 1.284939104 -0.9894790028 -2.051644716 1.78626235 
-0.1503 0.1343532836 -1.370495822 1.289719059 -0.9906324485 -2.050223198 1.781702046 
-0.1503 0.1298229494 -1.359674238 1.294599351 -0.9918711851 -2.048648249 1.77706447 
-0.1503 0.1251407844 -1.348722821 1.299549104 -0.9932253097 -2.046901573 1.772370051 
-0.1503 0.1203027184 -1.337673066 1.304534134 -0.9947334066 -2.044959225 1.767639987 
-0.1503 0.1151604866 -1.326428305 1.309630332 -0.9964438309 -2.042844605 1.762960653 
-0.1503 0.1098359784 -1.31475898 1.314715532 -0.9984663324 -2.040233967 1.757931802 
-0.1503 0.1039779501 -1.302612861 1.31993463 -1.000998689 -2.037228305 1.752867006 
-0.1503 0.09757720554 -1.28991729 1.325160946 -1.004155931 -2.033629818 1.747703657 
-0.1503 -0.08144608342 -1.0720847 1.326902006 -1.214798613 -1.855304968 1.73375194 
-0.1503 -0.0582234941 -1.09533582 1.331998003 -1.182247088 -1.881183318 1.727749807 
-0.1503 -0.03191731057 -1.122004297 1.337601812 -1.145930542 -1.910387948 1.7226149 
-0.1503 0.003371920545 -1.159021496 1.343970071 -1.09874508 -1.948951853 1.719123306 
-0.2503 -0.4697620947 -0.6054565525 1.446136842 -1.608595736 -1.504645686 1.752505293 
-0.2503 -0.461688024 -0.6123252493 1.449415222 -1.593041649 -1.51369244 1.741816105 
-0.2503 -0.453783376 -0.618926986 1.452839598 -1.577762601 -1.522635454 1.73134144 
-0.2503 -0.4459440089 -0.6253479118 1.456455709 -1.562549161 -1.531591809 1.720934356 
-0.2503 -0.4380894449 -0.6315400027 1.460164042 -1.547493244 -1.540465716 1.710628588 
-0.2503 -0.4307051883 -0.6374429732 1.464155707 -1.532759289 -1.549263547 1.700610578 
-0.2503 -0.4233156514 -0.6431099781 1.46823234 -1.518187014 -1.557964383 1.690689456 
-0.2503 -0.4160185447 -0.6485687344 1.472495274 -1.503698609 -1.566645935 1.680834781 
-0.2503 -0.4088713057 -0.6537745679 1.476913738 -1.489398968 -1.575239759 1.671114361 
-0.2503 -0.4019269111 -0.658690276 1.48145255 -1.475387333 -1.583680091 1.66159199 
-0.2503 -0.3950928414 -0.6633813799 1.486172198 -1.461469221 -1.592078218 1.652131879 
-0.2503 -0.3882063747 -0.6678383388 1.490939788 -1.447676665 -1.600373332 1.642727826 
-0.2503 -0.3818249131 -0.6719760151 1.495978318 -1.434220429 -1.608521802 1.633580463 
-0.2503 -0.3756749713 -0.6758179875 1.501125241 -1.421060202 -1.616489077 1.624622675 
-0.2503 -0.3693310152 -0.679603882 1.506489209 -1.407799388 -1.624601113 1.615450612 
-0.2503 -0.3633936857 -0.682843542 1.511793865 -1.394876369 -1.632259829 1.606715654 
-0.2503 -0.3575976399 -0.6859239261 1.517295483 -1.38218397 -1.63988377 1.598006645 
-0.2503 -0.3519654973 -0.6887528238 1.522968123 -1.369607222 -1.647416506 1.589352623 
-0.2503 -0.3465689862 -0.6912934026 1.52872779 -1.357313909 -1.654751658 1.580865421 
-0.2503 -0.341333771 -0.6935824334 1.534651815 -1.345129709 -1.6619884 1.572421764 
-0.2503 -0.336326867 -0.6955909812 1.540653101 -1.333217241 -1.669025123 1.564131365 
-0.2503 -0.3313087932 -0.697549563 1.546950434 -1.321315304 -1.676215699 1.555661422 
-0.2503 -0.326754733 -0.6989453463 1.553113722 -1.309804988 -1.682832828 1.547640915 
-0.2503 -0.3223715993 -0.7000753945 1.559416782 -1.298395017 -1.68931596 1.539658315 
-0.2503 -0.3180461651 -0.701056613 1.565882528 -1.28708513 -1.695785986 1.53162593 
-0.2503 -0.3139432215 -0.7017762709 1.572404123 -1.276023802 -1.702050103 1.523724149 
-0.2503 -0.3099996613 -0.7022502196 1.579070273 -1.265049331 -1.708198771 1.515834766 
-0.2503 -0.3062648678 -0.7024774113 1.585785814 -1.254307383 -1.714149391 1.508060383 
-0.2503 -0.30267858 -0.7024679544 1.592642405 -1.243639554 -1.719990308 1.500283853 
-0.2503 -0.2992863291 -0.7022269822 1.599542219 -1.233187964 -1.725642942 1.492607686 
-0.2503 -0.2960306982 -0.7017589056 1.606579707 -1.222797384 -1.731193456 1.484915644 
-0.2503 -0.2929536628 -0.701074689 1.613654554 -1.212606768 -1.736567031 1.477310394 
-0.2503 -0.2899997435 -0.7001739447 1.62086252 -1.202463233 -1.741848185 1.469775927 
-0.2503 -0.2871883876 -0.6990635129 1.628156031 -1.192434254 -1.747001405 1.462062305 
-0.2503 -0.2848196061 -0.6975822068 1.635373669 -1.18276741 -1.751707279 1.45468914 
-0.2503 -0.2825303439 -0.6959261448 1.642803764 -1.173015599 -1.756378415 1.447231123 
-0.2503 -0.2801336164 -0.6943527238 1.650400377 -1.163377648 -1.761291527 1.439705165 
-0.2503 -0.2780627346 -0.6923672029 1.657986505 -1.153848018 -1.765800357 1.432257304 
-0.2503 -0.2761463764 -0.6901998106 1.665584312 -1.144475512 -1.770144672 1.424875683 
-0.2503 -0.2743453794 -0.6878251501 1.673295185 -1.135118526 -1.774391124 1.417450691 
-0.2503 -0.2726865308 -0.685279678 1.681011357 -1.125904361 -1.77848198 1.410084627 
-0.2503 -0.2711345037 -0.6825316432 1.688836959 -1.116694093 -1.782480274 1.402574856 
-0.2503 -0.2698285185 -0.6794835021 1.696635196 -1.107590331 -1.786164365 1.395315525 
-0.2503 -0.2683855139 -0.6765202367 1.704586573 -1.098521417 -1.790099217 1.387883829 
-0.2503 -0.2676008159 -0.6730520087 1.712527594 -1.089662038 -1.793379839 1.38069135 
-0.2503 -0.2665313574 -0.6697972332 1.720735943 -1.080733374 -1.797136311 1.373206484 
-0.2503 -0.2657719819 -0.6661721894 1.728879586 -1.071917122 -1.800488407 1.365852399 
-0.2503 -0.2647997892 -0.6624230267 1.736854133 -1.063093245 -1.803805666 1.358457535 
-0.2503 -0.2642155023 -0.6584786984 1.745079835 -1.054329969 -1.806964774 1.351068057 
-0.2503 -0.2637547378 -0.6544065005 1.753297342 -1.045666812 -1.809997117 1.343723286 
-0.2503 -0.2637295492 -0.6501450284 1.761725331 -1.037140633 -1.812833443 1.336429113 
-0.2503 -0.2634091473 -0.6457429515 1.770113922 -1.028383453 -1.815734463 1.32895598 
-0.2503 -0.2634041342 -0.6410416018 1.778321535 -1.019801408 -1.818180418 1.321690786 
-0.2503 -0.2630495945 -0.636529676 1.786804399 -1.011127832 -1.821196481 1.314091228 
-0.2503 -0.2633185293 -0.6317231191 1.795304806 -1.002671932 -1.823686956 1.306747185 
-0.2503 -0.2636530262 -0.6267444751 1.803893015 -0.9941457859 -1.826121712 1.299321923 
-0.2503 -0.2636523409 -0.6216613827 1.812312166 -0.985473169 -1.828615007 1.291788719 
-0.2503 -0.2640575977 -0.6164076714 1.820933935 -0.9768901851 -1.830931989 1.284286129 
-0.2503 -0.2645612064 -0.6110194842 1.829593733 -0.9683037673 -1.833169765 1.276764813 
-0.2503 -0.2651565609 -0.6055373694 1.83822992 -0.9597691344 -1.835316395 1.269276268 
-0.2503 -0.2658499652 -0.5998862553 1.846962192 -0.9511624975 -1.83740466 1.261714892 
-0.2503 -0.2666298618 -0.5941460739 1.855668207 -0.9425990588 -1.839408248 1.25418491 
-0.2503 -0.267691024 -0.5882445621 1.864536296 -0.9340397983 -1.841287363 1.246638319 
-0.2503 -0.2684623172 -0.5822448438 1.87324035 -0.9253452975 -1.843229052 1.239005926 
-0.2503 -0.2697309652 -0.5760940249 1.882185736 -0.9167441672 -1.844966831 1.231422484 
-0.2503 -0.2706399671 -0.5698425312 1.890938195 -0.9079738672 -1.846799711 1.22373417 
-0.2503 -0.2718585816 -0.5634331786 1.899862813 -0.8992030406 -1.848503427 1.216035375 
-0.2503 -0.273159368 -0.5569000515 1.9088161 -0.8903899981 -1.850151807 1.2083117 
-0.2503 -0.2745310312 -0.5502903196 1.917734626 -0.8815922841 -1.85173643 1.200616651 
-0.2503 -0.2759914108 -0.5435119296 1.926742175 -0.8726827503 -1.853281889 1.192842266 
-0.2503 -0.2775189611 -0.5366592915 1.935712704 -0.8637810927 -1.854769101 1.185096238 
-0.2503 -0.2791338434 -0.5296367101 1.944770739 -0.8547587415 -1.856221237 1.177269998 
-0.2503 -0.2810635845 -0.5225606668 1.953888708 -0.8458398749 -1.857520001 1.169544219 
-0.2503 -0.2825773606 -0.5152750827 1.962894358 -0.8365855903 -1.858988623 1.16159323 
-0.2503 -0.2848675968 -0.5076872965 1.972262229 -0.82757985 -1.860005748 1.153596001 
-0.2503 -0.2863137489 -0.5004258725 1.981105682 -0.8181310273 -1.861602393 1.145811118 
-0.2503 -0.2882965053 -0.4927908369 1.99027382 -0.8087554394 -1.86286161 1.137852841 
-0.2503 -0.2903358675 -0.4850861019 1.999397417 -0.7993627809 -1.864080494 1.129923644 
-0.2503 -0.2924596271 -0.4772032628 2.008603162 -0.7898176149 -1.865278292 1.121912761 
-0.2503 -0.2946376268 -0.4692510596 2.017762293 -0.7802484646 -1.866440527 1.113931639 
-0.2503 -0.2968997265 -0.4611174185 2.027001996 -0.7705173919 -1.867585614 1.105868897 
-0.2503 -0.2992139754 -0.4529143613 2.036193034 -0.7607554639 -1.868699771 1.097836815 
-0.2503 -0.3020214431 -0.4443452184 2.045731207 -0.7509288415 -1.869562047 1.089611107 
-0.2503 -0.3040608915 -0.4360680155 2.054682329 -0.7408508292 -1.870875219 1.081641817 
-0.2503 -0.3066694039 -0.4272548577 2.064085479 -0.7306924469 -1.871861189 1.073327743 
-0.2503 -0.3093188712 -0.4183565983 2.073469014 -0.7204149456 -1.872860671 1.065031443 
-0.2503 -0.311841692 -0.4097904612 2.082542295 -0.7101125856 -1.874021373 1.057141194 
-0.2503 -0.3145747051 -0.4007434572 2.09187184 -0.6995990905 -1.875048471 1.048909676 
-0.2503 -0.3173546711 -0.3916241085 2.101145603 -0.6890306569 -1.876059882 1.040713891 
-0.2503 -0.3202204585 -0.3823031827 2.110492325 -0.6782550632 -1.877071761 1.03244007 
-0.2503 -0.3231323204 -0.3729083829 2.119781227 -0.6674175508 -1.878072029 1.024204056 
-0.2503 -0.326219438 -0.3630482296 2.129297173 -0.656325507 -1.878990981 1.015648799 
-0.2503 -0.3292385103 -0.3534329804 2.138582727 -0.6451393074 -1.880040925 1.007441289 
-0.2503 -0.332307948 -0.3437382708 2.147810727 -0.6338838279 -1.881078763 0.9992730892 
-0.2503 -0.3356962955 -0.3337209459 2.157269845 -0.6224237603 -1.882003429 0.9909532831 
-0.2503 -0.3387534288 -0.3235824069 2.16649273 -0.6107833542 -1.883093372 0.982594374 
-0.2503 -0.3420897105 -0.3132425719 2.17586841 -0.5989465058 -1.884113571 0.9742069491 
-0.2503 -0.3454712198 -0.3028216024 2.185178994 -0.5870225032 -1.885135303 0.9658673504 
-0.2503 -0.3489459138 -0.2921714318 2.194553629 -0.5748396192 -1.886174634 0.9574607193 
-0.1503 -0.3150662354 -0.3921540688 2.180389432 -0.4844541681 -1.931680287 1.071787482 
-0.1503 -0.3209886412 -0.3807690065 2.189817712 -0.4732764826 -1.930103449 1.063560267 
-0.1503 -0.3272233907 -0.3693002409 2.199348991 -0.4619649411 -1.92841851 1.055358059 
-0.1503 -0.3331036012 -0.3577396996 2.208645404 -0.4503928131 -1.926944291 1.047151287 
-0.1503 -0.3390394359 -0.3459682859 2.217976417 -0.4385037148 -1.925501611 1.038874589 
-0.1503 -0.3451641634 -0.3341432048 2.227338991 -0.4264688301 -1.924029643 1.030650418 
-0.1503 -0.3513777538 -0.3221625198 2.236683472 -0.4142127472 -1.922528764 1.022405803 
-0.1503 -0.3576165169 -0.3100949356 2.24599116 -0.4017420986 -1.92108718 1.014190866 
-0.1503 -0.3639502593 -0.2978624936 2.255283906 -0.3890340426 -1.919615166 1.005957186 
-0.1503 -0.3703100693 -0.2855330116 2.264541446 -0.376095788 -1.918209627 0.9977542934 
-0.0503 -0.3484744839 -0.3783629009 2.252808244 -0.2887134586 -1.931137964 1.114974867 
-0.0503 -0.3570946104 -0.3655273195 2.261792978 -0.2768723543 -1.927089517 1.10616118 
-0.0503 -0.3657116949 -0.3526844539 2.270694736 -0.2648358953 -1.92309295 1.097415284 
-0.0503 -0.3745089251 -0.339316911 2.279761613 -0.2523301367 -1.919091253 1.088322853 
-0.0503 -0.3830892373 -0.3265919144 2.288451896 -0.2397997159 -1.915193416 1.079884103 
-0.0503 -0.3918250666 -0.313232867 2.297320031 -0.2267447043 -1.911318282 1.071018937 
-0.0503 -0.4005977792 -0.2998578506 2.306112315 -0.2134978041 -1.907476218 1.062226851 
0 -0.3974389427 -0.3379905298 2.303574187 -0.1663437777 -1.899928689 1.114078402 
0 -0.4072560097 -0.3245140712 2.312014194 -0.1534849849 -1.894850846 1.104846364 
0 -0.4171420779 -0.310895806 2.320440381 -0.1402311613 -1.889784766 1.095609244 
0 -0.427062106 -0.2972052578 2.328809881 -0.1266712197 -1.884749611 1.086409653 
0 -0.4369798724 -0.283515485 2.337081067 -0.11290054 -1.879764401 1.077291165 
0.0497 -0.436159193 -0.3204242477 2.332801518 -0.06930873892 -1.864060286 1.125052146 
0.0497 -0.4469086821 -0.3067735356 2.340600555 -0.05591996438 -1.857971913 1.115398132 
0.0497 -0.4576965099 -0.2929935006 2.348356648 -0.04212065127 -1.85189915 1.105740481 
0.0497 -0.4683076981 -0.2792900833 2.355942366 -0.02804445294 -1.84592552 1.096250841 
0.0497 -0.4791189144 -0.2649651858 2.363653677 -0.01341389355 -1.840041095 1.086351081 
0.0497 -0.4899018611 -0.2508795491 2.371199369 0.001361616037 -1.834141976 1.076714668 
0.0497 -0.5007301921 -0.2366844565 2.378664337 0.01647477693 -1.828270381 1.0670804 
0.1497 -0.4898023725 -0.3255386794 2.355568773 0.07931569495 -1.783474037 1.161418976 
0.1497 -0.5018751803 -0.3119153974 2.362059111 0.09295542393 -1.775652865 1.150400133 
0.1497 -0.5139218052 -0.2982278585 2.368446384 0.1069447551 -1.767885962 1.139382942 
0.1497 -0.5259248855 -0.2845358885 2.374746129 0.1212343472 -1.760182238 1.128412995 
0.1497 -0.5377794628 -0.271100935 2.380813045 0.1356959629 -1.752492966 1.117687694 
0.1497 -0.5497790016 -0.2570300417 2.38700233 0.1507847747 -1.74496746 1.106536119 
0.1497 -0.5614776506 -0.243197715 2.392902832 0.1660826251 -1.737545891 1.095657069 
0.1497 -0.5732111749 -0.2293345784 2.398715042 0.1816772204 -1.730129881 1.084780025 
0.1497 -0.5849567356 -0.2154663183 2.404442899 0.1975496167 -1.722741538 1.073928262 
0.1497 -0.5967112414 -0.2015542009 2.410044606 0.2137223818 -1.715361512 1.063066918 
0.2497 -0.5824429498 -0.2960036829 2.376042547 0.2601899101 -1.65090314 1.140555843 
0.2497 -0.5947735763 -0.2830641003 2.380516055 0.2749565723 -1.642201617 1.128165525 
0.2497 -0.606998408 -0.2701685259 2.384870005 0.2899861737 -1.633600794 1.115816201 
0.2497 -0.6191161121 -0.2572917542 2.389058344 0.3052861572 -1.625070102 1.103475494 
0.2497 -0.6310978181 -0.244471824 2.393108042 0.3208241574 -1.616655014 1.091186042 
0.2497 -0.6429424578 -0.2316889283 2.396971594 0.3366017144 -1.608319633 1.078917092 
0.2497 -0.6546358656 -0.2187707336 2.400717493 0.3528777718 -1.600114019 1.066602577 
0.2497 -0.6661381315 -0.2061819638 2.404221573 0.3689866702 -1.592013486 1.054500424 
0.2497 -0.6776829572 -0.1934645964 2.407634477 0.3855556559 -1.583900667 1.042266957 
0.2497 -0.6891074819 -0.1808949835 2.410875855 0.402207363 -1.575873398 1.029984282 
0.3497 -0.6656760882 -0.2839394165 2.366077205 0.4350109711 -1.499238393 1.092808178 
0.3497 -0.6771397716 -0.2725357262 2.368230807 0.4504773839 -1.490508014 1.079084623 
0.3497 -0.6884964427 -0.2611243858 2.37022717 0.4662749944 -1.481844435 1.065281623 
0.3497 -0.6996376956 -0.2498743133 2.372047224 0.4821621898 -1.473336942 1.051568128 
0.3497 -0.7106442074 -0.2386262404 2.373694407 0.4983649387 -1.464908866 1.037862534 
0.3497 -0.721457797 -0.2274633331 2.375156819 0.5147588569 -1.45660694 1.024009581 
0.3497 -0.7319463128 -0.2164663884 2.376408517 0.5312223221 -1.448518535 1.010371013 
0.3497 -0.7423782544 -0.2054967165 2.377494177 0.5479547576 -1.440457979 0.9966190913 
0.3497 -0.7526554316 -0.1947142012 2.378407507 0.5647096916 -1.432509345 0.9829192644 
0.3497 -0.7628464101 -0.1839665385 2.379139756 0.5817232013 -1.424603371 0.9691112955 
0.4497 -0.7265536352 -0.296217582 2.325434379 0.6058799277 -1.340511804 1.021176887 
0.4497 -0.7364944828 -0.286581825 2.325239672 0.6221253367 -1.332354192 1.005872205 
0.4497 -0.7462116304 -0.2771238418 2.32487896 0.6384141405 -1.324367098 0.9906402213 
0.4497 -0.7557708047 -0.2677089577 2.324328856 0.6549741385 -1.316474291 0.9753049138 
0.4497 -0.76512518 -0.2584091517 2.323593692 0.671679647 -1.308719674 0.9599591891 
0.4497 -0.7742337155 -0.2492925141 2.322683082 0.6884027469 -1.301143868 0.944695274 
0.4497 -0.7831921481 -0.2402330485 2.321574951 0.7053708633 -1.293655722 0.9293166117 
0.4497 -0.7918999901 -0.2313611339 2.320287998 0.7223385701 -1.286346581 0.9140209229 
0.4497 -0.8004790848 -0.2225557105 2.318802246 0.739535421 -1.279113547 0.8985923326 
0.4497 -0.8088103521 -0.2139419863 2.317136489 0.7567151031 -1.272056465 0.8832432099 
0.4497 -0.8170104116 -0.2054023299 2.315265683 0.7741105826 -1.265076066 0.8677569616 
0.4497 -0.824965498 -0.1970580569 2.313214196 0.7914732464 -1.258268796 0.8523467871 
0.4497 -0.8327870233 -0.1887950864 2.310951816 0.8090390927 -1.251539 0.8367952742 
0.4497 -0.8404188833 -0.1806747649 2.308490788 0.8266803757 -1.244934333 0.8212081974 
0.4497 -0.847810265 -0.172754358 2.305848973 0.8442675022 -1.238499044 0.8056923412 
0.4497 -0.8550647943 -0.1649253316 2.302988225 0.8620403516 -1.232142878 0.7900288864 
0.4497 -0.8620819973 -0.157298507 2.299947188 0.8797462885 -1.225953933 0.7744336132 
0.4497 -0.8689603382 -0.1497691792 2.296682329 0.8976273554 -1.219845535 0.7586866554 
0.4497 -0.8756046399 -0.1424437277 2.293238094 0.9154299096 -1.213902476 0.7430050241 
0.4497 -0.8821082241 -0.1352213774 2.289565492 0.9333978418 -1.208041655 0.7271677244 
0.4497 -0.8884244075 -0.1281554336 2.285687161 0.9514019323 -1.202305147 0.7112826275 
0.4497 -0.8945117395 -0.1212947229 2.281631519 0.9693121987 -1.196731641 0.6954589777 
0.4497 -0.9004558593 -0.1145445413 2.277341264 0.9873747601 -1.191243395 0.6794739436 
0.4497 -0.9061747404 -0.1079997418 2.272875474 1.005334644 -1.185916895 0.6635480863 
0.4497 -0.9117489352 -0.1015697641 2.268171243 1.023439119 -1.180677967 0.6474572628 
0.4497 -0.917101617 -0.09534474809 2.26329352 1.041433068 -1.175599741 0.6314236275 
0.4497 -0.9223082755 -0.0892383447 2.258173751 1.059564667 -1.170611614 0.6152216604 
0.4497 -0.9272972425 -0.0833359503 2.252882757 1.077578834 -1.165783327 0.5990751965 
0.4497 -0.9321389707 -0.07755548652 2.247346291 1.095724427 -1.161047858 0.5827572803 
0.4497 -0.9367986379 -0.07193915915 2.241600419 1.113872582 -1.156439958 0.5663795623 
0.4497 -0.9412464882 -0.06652451707 2.235687045 1.13189454 -1.151990876 0.5500554274 
0.4497 -0.9455454613 -0.0612359848 2.229523314 1.15003981 -1.147638995 0.5335556684 
0.4497 -0.9496365864 -0.05614707486 2.223194711 1.168054011 -1.143445385 0.5171086403 
0.4497 -0.9535778349 -0.05118658757 2.216612616 1.18618686 -1.139352053 0.5004835811 
0.4497 -0.9573152197 -0.04642331519 2.209868355 1.20418445 -1.13541652 0.4839107505 
0.4497 -0.960901774 -0.04179045999 2.202867517 1.222296554 -1.131584435 0.4671577951 
0.4497 -0.9642884388 -0.0373521265 2.19570726 1.240269821 -1.12790972 0.4504569187 
0.4497 -0.9675233381 -0.03304593767 2.188287364 1.25835394 -1.124341694 0.4335741471 
0.4497 -0.9705829303 -0.02890314459 2.180657091 1.276421603 -1.120907235 0.4166257315 
0.4497 -0.9734485256 -0.02495042124 2.172871533 1.294346066 -1.117629525 0.3997298271 
0.4497 -0.9761609279 -0.02113204743 2.16482171 1.312376676 -1.114463443 0.3826499863 
0.4497 -0.9786831675 -0.01750059102 2.156619322 1.330261771 -1.111453678 0.3656233708 
0.4497 -0.9810512093 -0.01400476692 2.148149536 1.348250343 -1.108558852 0.3484118703 
0.4497 -0.9832328223 -0.01069261829 2.139529854 1.366091505 -1.105819874 0.3312546356 
0.4497 -0.9852591567 -0.007517293369 2.130639571 1.384033811 -1.103199139 0.3139118889 
0.4497 -0.9871026706 -0.004522364008 2.121601989 1.401827187 -1.100733733 0.2966247591 
0.4497 -0.9887897221 -0.001665406003 2.112290513 1.419719689 -1.098389854 0.2791518036 
0.4497 -0.9903073684 0.001032618696 2.102767384 1.437586075 -1.096185898 0.2616140943 
0.4497 -0.991647325 0.003555145304 2.093100687 1.455301903 -1.094136365 0.2441345686 
0.4497 -0.9928287874 0.005937963508 2.083154943 1.473114383 -1.092213231 0.2264693033 
0.4497 -0.9938357503 0.008148463597 2.073067977 1.490775635 -1.090443824 0.2088642537 
0.4497 -0.9946826563 0.01021802669 2.062698367 1.508532258 -1.088804008 0.191073867 
0.4497 -0.9953580456 0.01211834015 2.052189757 1.526137303 -1.087317144 0.1733459554 
0.4497 -0.9958716136 0.01387638188 2.041394753 1.543836741 -1.085963015 0.15543336 
0.4497 -0.9962182477 0.01547868341 2.030385637 1.56150719 -1.08475308 0.1374606794 
0.4497 -0.9963974016 0.01691605074 2.019240586 1.579026151 -1.083694784 0.1195542251 
0.4497 -0.9964116407 0.01820885349 2.007803174 1.596638645 -1.082773858 0.101464483 
0.4497 -0.9962607569 0.01933934707 1.996231662 1.614100145 -1.082003603 0.08344365602 
0.4497 -0.9959425546 0.02032349585 1.984363558 1.631655054 -1.08137375 0.06524070357 
0.4497 -0.9954612919 0.02114771822 1.972362999 1.649059834 -1.080893532 0.0471094651 
0.4497 -0.994809991 0.02182355943 1.960061378 1.6665583 -1.080556715 0.02879741223 
0.4497 -0.9939973673 0.02234157552 1.947628731 1.683907914 -1.080368442 0.01055994455 
0.4497 -0.9930116292 0.02270887086 1.934890278 1.701351944 -1.080326542 -0.007856915447 
0.4497 -0.9918573514 0.02292105488 1.921931224 1.718769715 -1.080433306 -0.02632470855 
0.4497 -0.9905436787 0.02297794384 1.908842814 1.73604141 -1.080686897 -0.0447135568 
0.4497 -0.9890515029 0.02287990549 1.895440861 1.753409606 -1.081091315 -0.06327954124 
0.4497 -0.9874007062 0.02262776785 1.881910288 1.770634229 -1.08164139 -0.08176371037 
0.4497 -0.9855672281 0.02221734711 1.868060533 1.787957506 -1.082345274 -0.1004234961 
0.4497 -0.983575442 0.02165356372 1.854082536 1.805140312 -1.083193649 -0.1189986745 
0.4497 -0.9813962513 0.02092760814 1.839779254 1.82242464 -1.084198855 -0.137747993 
0.4497 -0.9790585501 0.0200484976 1.825347686 1.839572279 -1.085347413 -0.1564100398 
0.4497 -0.9765281019 0.01900269982 1.810584183 1.856825133 -1.08665589 -0.1752448467 
0.4497 -0.9738189257 0.01779438559 1.795586895 1.874065541 -1.088117309 -0.1941211222 
0.4497 -0.9709498205 0.01643204308 1.780460294 1.891176428 -1.089720478 -0.2129064787 
0.4497 -0.9678785828 0.01489480871 1.764990524 1.908399904 -1.091488399 -0.2318628307 
0.4497 -0.9646456095 0.01320201754 1.749389979 1.925499797 -1.093397122 -0.2507261536 
0.4497 -0.9612031847 0.01132771469 1.733437775 1.942718638 -1.095473995 -0.2697595992 
0.4497 -0.9575964092 0.009295409348 1.717352575 1.959820938 -1.097690862 -0.2886982345 
0.4497 -0.9537718481 0.007073838712 1.700906238 1.977049937 -1.100079472 -0.3078064479 
0.4497 -0.9497793834 0.004690727529 1.684323776 1.994170726 -1.102607444 -0.3268184703 
0.4497 -0.9455596113 0.002109233878 1.667369528 2.011427599 -1.105310997 -0.345999942 
0.4497 -0.9411358517 -0.0006585238026 1.650154484 2.028706196 -1.108173938 -0.3652179078 
0.4497 -0.93653673 -0.003595687968 1.632796513 2.045892049 -1.111175728 -0.384338544 
0.4497 -0.9316932906 -0.006748140593 1.615048032 2.06323185 -1.114359442 -0.4036294457 
0.4497 -0.9266677949 -0.0100773777 1.597150355 2.080491629 -1.117682033 -0.4228230292 
0.4497 -0.9213844364 -0.01363587639 1.578847447 2.09792037 -1.121191253 -0.4421882801 
0.4497 -0.915885854 -0.01741207443 1.560570603 2.115144078 -1.124652886 -0.4612502955 
0.4497 -0.9101631854 -0.02137158618 1.541505013 2.132835241 -1.128680037 -0.4808996369 
0.4497 -0.9042148043 -0.02556109077 1.522455353 2.150339533 -1.132660429 -0.5002474402 
0.4497 -0.8979743574 -0.03001687859 1.502963754 2.168052993 -1.136838369 -0.5197725471 
0.3497 -0.974467813 0.1202588035 1.57791223 2.106932349 -1.196654608 -0.4882070127 
0.3497 -0.9692603635 0.116729425 1.559628003 2.122055947 -1.200595982 -0.5060833423 
0.3497 -0.9638219421 0.1130159294 1.540965493 2.137301345 -1.204725694 -0.5240989913 
0.3497 -0.9582233629 0.1091657029 1.522178187 2.152462749 -1.208987945 -0.5420039041 
0.3497 -0.9523576129 0.1050834758 1.503230495 2.167627758 -1.213210048 -0.5598233504 
0.3497 -0.9463707674 0.1009303203 1.483681619 2.182983827 -1.218034114 -0.577983614 
0.3497 -0.9400734055 0.0963611904 1.46422325 2.198258659 -1.222443706 -0.5958877845 
0.3497 -0.9336093887 0.09194628612 1.443940919 2.213785511 -1.227785514 -0.6141529195 
0.3497 -0.9269329143 0.08720070927 1.423774514 2.229165671 -1.232883963 -0.6321382528 
0.3497 -0.9199711029 0.0822203639 1.403163169 2.244724389 -1.238193751 -0.6502687111 
0.2497 -0.9908212629 0.2325567647 1.483066767 2.188703722 -1.287872986 -0.6134222924 
0.2497 -0.9849026882 0.2285617374 1.463734322 2.201986656 -1.292878035 -0.6302503466 
0.2497 -0.9789066257 0.2244512388 1.444432023 2.215123797 -1.297877681 -0.6468913613 
0.2497 -0.9726071365 0.2202100316 1.424587967 2.228430814 -1.303229075 -0.6637232412 
0.2497 -0.9660433849 0.2156873701 1.404700533 2.241687211 -1.308488843 -0.6804091361 
0.2497 -0.9594265044 0.2113739835 1.384177271 2.255029838 -1.314475803 -0.6972979383 
0.2497 -0.9525910146 0.206683688 1.363676891 2.268352117 -1.320180948 -0.7140714478 
0.2497 -0.9455407667 0.2018750229 1.342934651 2.281660666 -1.326100016 -0.7307869806 
0.2497 -0.9381375582 0.1969417423 1.321571071 2.295150271 -1.332441236 -0.7476766271 
0.2497 -0.9306268413 0.1918470474 1.300198939 2.308551539 -1.33876296 -0.7643977985 
0.1497 -0.9969951739 0.3421131826 1.384950872 2.257750736 -1.379442971 -0.723523929 
0.1497 -0.9906448222 0.3380223905 1.365224524 2.269047088 -1.385202129 -0.7390422148 
0.1497 -0.9840046419 0.3338897763 1.344968151 2.280438401 -1.391350924 -0.7546897332 
0.1497 -0.9771930034 0.329698947 1.32452686 2.29176177 -1.397685369 -0.7702530456 
0.1497 -0.9701820903 0.3254243857 1.303746164 2.303129538 -1.404208311 -0.7858601872 
0.1497 -0.9629792657 0.3210756738 1.282692993 2.314488079 -1.410919985 -0.801445365 
0.1497 -0.95568812 0.3166648216 1.261621743 2.325740847 -1.417665535 -0.8168578008 
0.1497 -0.9480604528 0.3121772486 1.239944892 2.337095593 -1.424818138 -0.8324139874 
0.1497 -0.9403076391 0.3075678182 1.218188112 2.348380132 -1.431999535 -0.8478529362 
0.1497 -0.9322809385 0.3028461113 1.195958908 2.359746895 -1.439440786 -0.8633791379 
0.0497 -0.9950274664 0.452496571 1.286286299 2.314311194 -1.471446873 -0.8188123685 
0.0497 -0.9881186452 0.448500905 1.265792815 2.323927918 -1.478112483 -0.8334925869 
0.0497 -0.9811420723 0.4448803098 1.245273773 2.333319572 -1.485147414 -0.8477728716 
0.0497 -0.973993689 0.440974249 1.224461281 2.342792197 -1.492129723 -0.8622288862 
0.0497 -0.9662679292 0.4371565577 1.202685876 2.352096978 -1.499663716 -0.8768716202 
0.0497 -0.9589617661 0.4331482427 1.181691058 2.361584633 -1.507013373 -0.8911680422 
0.0497 -0.9512248313 0.4294528078 1.159947868 2.370841774 -1.514861743 -0.9054200267 
0.0497 -0.9432628926 0.4253599546 1.137921134 2.380135738 -1.52262769 -0.9198670038 
0 -0.9696128719 0.4973779049 1.174577985 2.364046391 -1.539028389 -0.9034261479 
0 -0.9621087485 0.4939216451 1.153338357 2.37242037 -1.546714021 -0.9172156139 
0 -0.9543706121 0.4904610517 1.131660327 2.380778444 -1.554653995 -0.9310754139 
0 -0.9464984278 0.4870501365 1.109828826 2.388999155 -1.562746855 -0.944814664 
0 -0.9383737492 0.4836481279 1.087520437 2.397191022 -1.571115755 -0.9586274448 
-0.0503 -0.9643344675 0.5561274859 1.126505471 2.382065913 -1.585541034 -0.9407047307 
-0.0503 -0.9568086164 0.5532988254 1.105350582 2.389384966 -1.593562883 -0.9537602214 
-0.0503 -0.9488677215 0.5502348584 1.083401548 2.396724339 -1.601894247 -0.9672246894 
-0.0503 -0.9409711785 0.5473488183 1.061619698 2.40388692 -1.610202292 -0.9803654517 
-0.0503 -0.9326586312 0.5446452062 1.039035152 2.410902421 -1.619130429 -0.9936456134 
-0.0503 -0.9242829318 0.5420039265 1.016406049 2.417756921 -1.628079006 -1.006779811 
-0.0503 -0.9156333681 0.5394615632 0.9932338373 2.424497291 -1.637352499 -1.019990244 
-0.1503 -0.9723364201 0.6835899953 1.096580041 2.393159789 -1.651465219 -0.9688299538 
-0.1503 -0.9650590247 0.6814613539 1.07608297 2.398928972 -1.659483663 -0.9810641462 
-0.1503 -0.9575805016 0.6794416874 1.055181418 2.40458682 -1.667756209 -0.9933513707 
-0.1503 -0.9499983565 0.6775732165 1.034149671 2.41004057 -1.676178412 -1.00552327 
-0.1503 -0.9422971363 0.6757585203 1.012853399 2.415416114 -1.684683603 -1.017720669 
-0.1503 -0.9342841967 0.6743033195 0.9910372488 2.420422021 -1.693753273 -1.029873587 
-0.1503 -0.9261337895 0.6729438864 0.9689103455 2.425306158 -1.702937056 -1.041990574 
-0.1503 -0.9178494968 0.671815012 0.9465736236 2.429905549 -1.712323163 -1.054144692 
-0.1503 -0.9093062688 0.6709278647 0.9236881335 2.434255845 -1.722060802 -1.066305627 
-0.1503 -0.9005477684 0.670327783 0.9003736715 2.438285449 -1.732109392 -1.078464571 
-0.2503 -0.9545406699 0.8078917367 1.011767076 2.417281594 -1.735996416 -1.023780265 
-0.2503 -0.9472287938 0.8069662869 0.9914781746 2.421246873 -1.744384267 -1.035055103 
-0.2503 -0.9398284371 0.8062599484 0.9710689006 2.424958181 -1.752922158 -1.046223041 
-0.2503 -0.9322291423 0.8057864203 0.9502350502 2.42844295 -1.761743201 -1.05744417 
-0.2503 -0.9246199568 0.8054717424 0.9294044923 2.431719444 -1.770556141 -1.068470026 
-0.2503 -0.9166105162 0.8056672871 0.9077808313 2.434514124 -1.78005736 -1.079753766 
-0.2503 -0.9083073818 0.806391692 0.8856756987 2.436649365 -1.789778777 -1.090894514 
-0.2503 -0.900297545 0.8068836067 0.863908438 2.439169621 -1.799480512 -1.101953543 
-0.2503 -0.8918189286 0.8081155286 0.8412751078 2.440845782 -1.809708676 -1.113227356 
-0.2503 -0.8831863247 0.8098266064 0.8183345079 2.441990818 -1.820225643 -1.12436691 
-0.3503 -0.9342632274 0.9372952724 0.938039158 2.434545622 -1.812967369 -1.066162019 
-0.3503 -0.927230616 0.9375497379 0.9186543187 2.436901036 -1.821243859 -1.076377036 
-0.3503 -0.9200232856 0.9380966434 0.8988849912 2.438978326 -1.829788513 -1.08664018 
-0.3503 -0.9127352312 0.938957967 0.878987354 2.440717012 -1.838497231 -1.096718521 
-0.3503 -0.9049747945 0.9405743962 0.8582226716 2.441632169 -1.847734939 -1.107064395 
-0.3503 -0.8976748576 0.9418089762 0.8381523027 2.443056764 -1.856730228 -1.117208435 
-0.3503 -0.8897058023 0.9441930239 0.8169304455 2.443145166 -1.866445456 -1.127391533 
-0.3503 -0.8820266115 0.946314012 0.7959671903 2.443691486 -1.875963873 -1.137680173 
-0.3503 -0.8738116331 0.9496693424 0.7741144925 2.442857855 -1.886371837 -1.147926226 
-0.3503 -0.8654434364 0.9535439138 0.7518229494 2.441480404 -1.897018277 -1.158275313 
-0.4503 -0.9132766706 1.067902296 0.8796883818 2.450029844 -1.87791095 -1.096518974 
-0.4503 -0.9067115731 1.06882561 0.8614834801 2.451489838 -1.885631906 -1.105871779 
-0.4503 -0.9000921833 1.07004931 0.8432023447 2.452637751 -1.893481202 -1.115136666 
-0.4503 -0.8934178192 1.071455671 0.8247250715 2.453614923 -1.901383265 -1.124437579 
-0.4503 -0.886202888 1.07396667 0.8053573756 2.453448831 -1.910125512 -1.133711729 
-0.4503 -0.8794735585 1.075937718 0.7866982196 2.453901129 -1.918393634 -1.142983104 
-0.4503 -0.8724644705 1.078786017 0.7675568665 2.45358578 -1.927082603 -1.152071728 
-0.4503 -0.8651004129 1.082158105 0.747662016 2.452407029 -1.936235686 -1.161548308 
-0.4503 -0.8576594134 1.086162991 0.7275539812 2.450744556 -1.945649491 -1.170908379 
-0.4503 -0.8502200603 1.090785957 0.707448062 2.448542856 -1.955223278 -1.180075027 
-0.4503 -0.8422841526 1.096376377 0.6862020825 2.445091937 -1.965536229 -1.18975493 
