-0.4503 -0.8505814495 1.090470676 0.7084470566 2.448600879 -1.954709633 -1.179701017 
-0.4503 -0.8576787123 1.086319185 0.7277487524 2.450506617 -1.945558593 -1.170709951 
-0.4503 -0.8656305545 1.081480347 0.7487733405 2.453022674 -1.93542335 -1.161099471 
-0.4503 -0.873220532 1.077688763 0.7691047514 2.454424563 -1.925844482 -1.151709627 
-0.4503 -0.8802798216 1.074554916 0.7880082388 2.455295316 -1.917012552 -1.142801257 
-0.4503 -0.887699201 1.071637521 0.8078712143 2.45579877 -1.907802286 -1.133341406 
-0.3503 -0.8315136715 0.9746645228 0.6607009167 2.429765604 -1.941121821 -1.19970607 
-0.3503 -0.8416036893 0.9658140541 0.6868702338 2.436371308 -1.927262234 -1.188517103 
-0.3503 -0.8503439453 0.9595356304 0.7098341752 2.440444653 -1.915421257 -1.178313945 
-0.3503 -0.8600187155 0.9527867318 0.734736543 2.444827733 -1.902547391 -1.167521027 
-0.3503 -0.8694957364 0.9469621348 0.759087591 2.448220536 -1.890113436 -1.156855795 
-0.3503 -0.8780234262 0.9425779221 0.7811801418 2.450227882 -1.879034915 -1.14698118 
-0.3503 -0.8869126689 0.9385845784 0.8042157798 2.45165597 -1.867602913 -1.136410056 
-0.3503 -0.8956419863 0.9351895846 0.8268491835 2.452454391 -1.856480282 -1.125941564 
-0.3503 -0.9042279068 0.9323151382 0.8491248429 2.4527081 -1.845630273 -1.115493033 
-0.3503 -0.912189601 0.930028874 0.8697958936 2.452510696 -1.835640701 -1.105665249 
-0.2503 -0.854753498 0.8092004555 0.7365227226 2.454398687 -1.851803719 -1.166686596 
-0.2503 -0.8654013205 0.8039673507 0.7635570134 2.456908285 -1.837905235 -1.154937895 
-0.2503 -0.8757556579 0.7996649696 0.7898514089 2.458411057 -1.82455136 -1.14331055 
-0.2503 -0.8852636496 0.7963309297 0.814010914 2.459054946 -1.812413249 -1.132519811 
-0.2503 -0.8951430038 0.7934300108 0.839134261 2.459049476 -1.79991294 -1.120953072 
-0.2503 -0.9048119609 0.7911028041 0.8637530437 2.458429575 -1.787776636 -1.109578717 
-0.2503 -0.9137400978 0.789361259 0.8865147546 2.457365317 -1.776646599 -1.098730012 
-0.2503 -0.9230561189 0.7879317007 0.9103032067 2.455784533 -1.765102121 -1.087294472 
-0.2503 -0.9322111662 0.78688198 0.9337220254 2.453797073 -1.753818004 -1.07585213 
-0.2503 -0.9412170213 0.7861674525 0.9568034685 2.451450076 -1.742769586 -1.064393995 
-0.1503 -0.8820858035 0.648700307 0.8364081345 2.474446674 -1.74425928 -1.121111864 
-0.1503 -0.8929270815 0.6473954466 0.8634461312 2.472363228 -1.73102481 -1.108594398 
-0.1503 -0.9035045786 0.6465750167 0.8898835796 2.469742275 -1.718191583 -1.096105657 
-0.1503 -0.9132385861 0.6461823616 0.9142719681 2.466851843 -1.706441051 -1.084438536 
-0.1503 -0.923366551 0.6461091877 0.9397130193 2.46339261 -1.694266779 -1.071886837 
-0.1503 -0.9332878435 0.6463463766 0.9647086343 2.459580108 -1.682384224 -1.059374612 
-0.1503 -0.9430172067 0.6468531255 0.9892974275 2.455456535 -1.670766347 -1.046859865 
-0.1503 -0.9520106257 0.6475453787 1.012098314 2.451322954 -1.660052657 -1.035030974 
-0.0503 -0.8882225255 0.5004372931 0.8982013534 2.488955946 -1.651866318 -1.08889692 
-0.0503 -0.8995962164 0.5017195665 0.9259728558 2.483543706 -1.638803973 -1.075323912 
-0.0503 -0.9100356981 0.5031539671 0.9515684238 2.478163013 -1.626837956 -1.062511492 
-0.0503 -0.9208660538 0.5048824183 0.9782382714 2.472180024 -1.614440336 -1.048939096 
-0.0503 -0.9314461679 0.5067882249 1.004413504 2.465956687 -1.602339075 -1.035351027 
0 -0.9019903134 0.430859723 0.9608038284 2.487115284 -1.589634882 -1.055251729 
0 -0.9125521537 0.4331682639 0.9864882939 2.480299895 -1.577764238 -1.042021416 
0 -0.9235772539 0.4359297421 1.013388723 2.472794794 -1.565514763 -1.027834777 
0.0497 -0.8922782905 0.3586365884 0.970273325 2.497462211 -1.551248442 -1.047516443 
0.0497 -0.9040539523 0.3623155503 0.9983668323 2.488641853 -1.538628196 -1.032593787 
0.0497 -0.9148433281 0.3657991693 1.024281474 2.480239225 -1.527034803 -1.018695879 
0.0497 -0.9260197283 0.3695074886 1.051306605 2.471217841 -1.51499161 -1.003729882 
0.0497 -0.9369168035 0.3732157415 1.077843179 2.462106412 -1.503212224 -0.9888274304 
0.1497 -0.854416251 0.2061104681 0.9615724864 2.534825192 -1.482301957 -1.045261093 
0.1497 -0.8677338424 0.2123509265 0.9916750826 2.522418936 -1.469330893 -1.028940822 
0.1497 -0.8806032885 0.2183775709 1.021061614 2.510112094 -1.456696707 -1.012613441 
0.1497 -0.8930608361 0.2242047606 1.049794781 2.497888573 -1.444371687 -0.9962674395 
0.1497 -0.9044367927 0.2295185805 1.076288347 2.486446825 -1.43303318 -0.9809210266 
0.1497 -0.9161795833 0.2349931519 1.103899361 2.474344331 -1.421243678 -0.9646044615 
0.1497 -0.9275912677 0.2403003779 1.130995852 2.462285965 -1.409701777 -0.9482710586 
0.1497 -0.9380481713 0.2451499083 1.156060747 2.450967187 -1.399050592 -0.9328785874 
0.1497 -0.9488752613 0.2501547777 1.18225749 2.438963232 -1.387945185 -0.9164987309 
0.2497 -0.8633681678 0.08102471308 1.076720261 2.521097205 -1.355785631 -0.9710036617 
0.2497 -0.8765460297 0.08887983777 1.10590922 2.50518521 -1.343888524 -0.9529741756 
0.2497 -0.8885281399 0.09590041093 1.132803597 2.490443288 -1.332927992 -0.9360232632 
0.2497 -0.9008217372 0.102981391 1.160984352 2.474967018 -1.321353507 -0.9179108021 
0.2497 -0.9127667546 0.1097534478 1.188273866 2.459719743 -1.310338807 -0.9000261004 
0.2497 -0.9236781187 0.116001572 1.213871507 2.445357752 -1.299981856 -0.8828251808 
0.2497 -0.9348746262 0.1220900865 1.240374808 2.430389125 -1.289153711 -0.8648490084 
0.2497 -0.9457503259 0.1279045769 1.266409717 2.415523663 -1.278541092 -0.8468715754 
0.2497 -0.9563238471 0.1334608745 1.292005307 2.400740344 -1.268131525 -0.8288865429 
0.2497 -0.9661002287 0.1387154019 1.315654981 2.386808604 -1.258784013 -0.8118668878 
0.3497 -0.8785284199 -0.0272770235 1.220975438 2.473368232 -1.215573633 -0.8638330582 
0.3497 -0.8909729995 -0.01935218874 1.248587448 2.4545984 -1.204839127 -0.843945717 
0.3497 -0.9029779023 -0.01190934398 1.275649624 2.436106312 -1.19431043 -0.8240936016 
0.3497 -0.9139407987 -0.005084675142 1.300803559 2.418756805 -1.184637422 -0.8051724626 
0.3497 -0.9251662158 0.001516032765 1.326891562 2.400685361 -1.174475989 -0.7853598349 
0.3497 -0.9360484862 0.007819335675 1.352555455 2.382721337 -1.164541591 -0.7654722734 
0.3497 -0.9459378566 0.01340944781 1.376416173 2.365893537 -1.155240804 -0.7466505068 
0.3497 -0.956164568 0.01902581094 1.401253681 2.348151603 -1.145635055 -0.726745319 
0.3497 -0.9660774272 0.02431530482 1.425698559 2.330483979 -1.13618518 -0.706818396 
0.3497 -0.975613936 0.02927032513 1.449942815 2.312786065 -1.126698819 -0.6866747306 
0.4497 -0.8840709917 -0.1328505927 1.362767444 2.404571558 -1.073299143 -0.7369254643 
0.4497 -0.8956549278 -0.1256145857 1.388935681 2.38268656 -1.063574694 -0.7146413713 
0.4497 -0.9067856308 -0.1189067706 1.414609489 2.361038974 -1.054003152 -0.6923740713 
0.4497 -0.9167671198 -0.1132214838 1.43843687 2.340861256 -1.044868898 -0.6713953752 
0.4497 -0.9271308972 -0.1072839659 1.463236922 2.319456496 -1.035713616 -0.6490075877 
0.4497 -0.937079806 -0.1019493579 1.487548427 2.298264248 -1.026602491 -0.6267530818 
0.4497 -0.9466683707 -0.09703349039 1.511429114 2.277158177 -1.017643377 -0.6044893746 
0.4497 -0.9553779509 -0.09277288148 1.533524114 2.25734502 -1.009346945 -0.5835198589 
0.4497 -0.9643106031 -0.08862005115 1.556606912 2.236321599 -1.000673049 -0.5612166125 
0.4497 -0.9729244299 -0.08483954041 1.579294985 2.215301975 -0.9921415856 -0.5388832543 
0.5497 -0.8755749748 -0.2432261814 1.500943092 2.311801641 -0.9256708013 -0.584434905 
0.5497 -0.8859733959 -0.2376482399 1.525424286 2.286144518 -0.9167529759 -0.5591816828 
0.5497 -0.8959047125 -0.2326441475 1.549384695 2.260661175 -0.9079835247 -0.5339562459 
0.5497 -0.9053925934 -0.2281847266 1.572841612 2.235304154 -0.8993591208 -0.5087436121 
0.5497 -0.9139357301 -0.2244630386 1.594471871 2.211516017 -0.8913717591 -0.4850138317 
0.5497 -0.9226191116 -0.2209939312 1.61699096 2.186286696 -0.8830202701 -0.4597893127 
0.5497 -0.9309122627 -0.2180073095 1.639043016 2.161070107 -0.874805314 -0.4345422397 
0.5497 -0.9388289372 -0.2154881669 1.660636501 2.135834328 -0.8667243725 -0.4092628097 
0.5497 -0.9459468038 -0.2135329301 1.680547021 2.1120392 -0.859239091 -0.3854328148 
0.5497 -0.9531656355 -0.2118871159 1.701268551 2.086684536 -0.8514117065 -0.3600656467 
0.6497 -0.8463579069 -0.3684224454 1.633445052 2.186072024 -0.7669345353 -0.3951320384 
0.6497 -0.8545202181 -0.3658492755 1.65438298 2.156980884 -0.7590183153 -0.3674022382 
0.6497 -0.8626886518 -0.3637488149 1.676054011 2.126128778 -0.7507253404 -0.3379285462 
0.6497 -0.8703583115 -0.3622781159 1.697142409 2.09528621 -0.7425506596 -0.3084232853 
0.6497 -0.8775472012 -0.3614175594 1.717656267 2.064407491 -0.734491021 -0.2788672228 
0.6497 -0.8838879171 -0.3611502888 1.736443928 2.035274806 -0.7270077425 -0.2509872866 
0.6497 -0.8901857552 -0.3614298515 1.755857743 2.004210147 -0.7191624995 -0.2212823966 
0.6497 -0.8960423896 -0.3622788224 1.774709263 1.972996284 -0.7114232873 -0.1914767402 
0.6497 -0.901160365 -0.3635894611 1.791939105 1.94345282 -0.7042336013 -0.1633183779 
0.6497 -0.9061875465 -0.3655180475 1.809700689 1.911857693 -0.6966920846 -0.1332731006 
0.6497 -0.9107988002 -0.3679924311 1.826899167 1.880023068 -0.6892484317 -0.1030823549 
0.6497 -0.9150004145 -0.3710070791 1.843531999 1.84792206 -0.6819001036 -0.07273136682 
0.6497 -0.9185855026 -0.374333727 1.858666598 1.817443353 -0.6750689725 -0.04400612447 
0.6497 -0.922006613 -0.3783843475 1.874190692 1.784754437 -0.6678990552 -0.01330183316 
0.6497 -0.9250318438 -0.3829631042 1.889136561 1.751728963 -0.6608180369 0.01760648417 
0.6497 -0.9275206155 -0.3877519189 1.902669973 1.720319768 -0.6542332399 0.04689671106 
0.6497 -0.9297869666 -0.393346177 1.916476682 1.686581789 -0.6473202751 0.07824491336 
0.6497 -0.9316666419 -0.3994584274 1.92968695 1.652448801 -0.6404923013 0.1098428674 
0.6497 -0.9331622651 -0.4060847287 1.942293741 1.617903556 -0.6337488887 0.1417067009 
0.6497 -0.9342213723 -0.4127867628 1.953601156 1.584999611 -0.6274795576 0.1719537405 
0.6497 -0.9349788386 -0.4203971718 1.965015559 1.54961037 -0.6209015162 0.2043806225 
0.6497 -0.9353600608 -0.4285055906 1.975804787 1.513766994 -0.6144108798 0.2371219678 
0.6497 -0.9353681377 -0.437104237 1.985961564 1.47745882 -0.6080104873 0.2701942809 
0.6497 -0.9350380459 -0.4456364896 1.994936915 1.442854253 -0.6020726626 0.3016379772 
0.6497 -0.9343324538 -0.4551581315 2.00384664 1.405622088 -0.5958603978 0.3353982883 
0.6497 -0.9332660109 -0.4651364735 2.012105229 1.367908112 -0.5897547306 0.3695348482 
0.6497 -0.9319378122 -0.474930714 2.019279032 1.33197283 -0.5841136482 0.4020187537 
0.6497 -0.9301882986 -0.4857471892 2.026261609 1.29332848 -0.5782425991 0.4369209662 
0.6497 -0.9280980741 -0.4969645851 2.032583611 1.254215754 -0.5725111143 0.4722311496 
0.6497 -0.9256764896 -0.5085573933 2.038245496 1.21464886 -0.5669353483 0.5079541679 
0.6497 -0.9230540357 -0.5199046534 2.042946709 1.176884539 -0.5617442632 0.5420668384 
0.6497 -0.920114052 -0.5319203 2.047390484 1.136737645 -0.5567144493 0.5783767868 
0.6497 -0.9168432598 -0.5443020458 2.051177568 1.096130912 -0.5518268684 0.615158228 
0.6497 -0.9134741189 -0.5562566276 2.054148034 1.057518039 -0.5473819495 0.6502042126 
0.6497 -0.9095046346 -0.5694546277 2.056616268 1.015847075 -0.5426785584 0.6881249556 
0.6497 -0.9054069344 -0.5825307673 2.058572819 0.9742658163 -0.5385101654 0.7260823492 
0.6497 -0.9010845692 -0.5957016877 2.059967642 0.9325286292 -0.5346930631 0.7643190067 
0.6497 -0.8968295308 -0.6081368741 2.06079661 0.8931731925 -0.5314567788 0.8005146231 
0.6497 -0.8921296037 -0.6213393958 2.06119927 0.8513608103 -0.5284357226 0.8391353455 
0.5497 -0.9973163502 -0.4623807735 2.144568449 0.8748666136 -0.6386561418 0.7442486789 
0.5497 -0.9933353597 -0.4741800998 2.145755578 0.8404129584 -0.6366594277 0.7743653599 
0.5497 -0.9889211472 -0.4867751572 2.146610068 0.8037792204 -0.6348507745 0.8064985848 
0.5497 -0.9843255853 -0.4994007106 2.147067568 0.7671657828 -0.6333870559 0.8387430512 
0.5497 -0.9795570234 -0.5120272615 2.147152511 0.7306235943 -0.6322916099 0.8710681229 
0.5497 -0.9749177882 -0.5238865841 2.146915406 0.6963430912 -0.6316179004 0.9015355244 
0.5497 -0.969838719 -0.5364248873 2.146357351 0.6601042997 -0.6313107151 0.9339072975 
0.5497 -0.9646403727 -0.5488028054 2.14554525 0.6242049806 -0.6314929012 0.9661550535 
0.5497 -0.9593153751 -0.5610304375 2.144496142 0.5886595927 -0.6321620169 0.9982720504 
0.5497 -0.9541683369 -0.5724392915 2.143292935 0.5555021668 -0.6332182275 1.028410841 
0.5497 -0.9483397488 -0.5849468834 2.141556773 0.5199334382 -0.6345032184 1.060960085 
0.5497 -0.9425247006 -0.5969304289 2.139824784 0.4853118947 -0.6365356864 1.09285757 
0.5497 -0.9369161895 -0.6080682196 2.138052975 0.4531591086 -0.6389295593 1.122688796 
0.5497 -0.9308090678 -0.6197474539 2.136043707 0.4194957471 -0.6419968957 1.154151001 
0.5497 -0.9247012206 -0.6309251181 2.134114089 0.3868719831 -0.6457981933 1.184860614 
0.5497 -0.9181111557 -0.6426242375 2.13172343 0.3538580021 -0.6497950442 1.216236485 
0.5497 -0.9120121096 -0.6531667991 2.129594928 0.3238399339 -0.6541819064 1.244908334 
0.5497 -0.905111922 -0.6642385388 2.127270144 0.2925031554 -0.6595401448 1.275269572 
0.5497 -0.8981275871 -0.6751664272 2.124916061 0.2618632027 -0.6654129196 1.305161889 
0.5497 -0.8913588391 -0.6853371355 2.12267887 0.2336507395 -0.671475477 1.332957094 
0.4497 -0.9754930726 -0.5584802904 2.198781394 0.258954777 -0.7409739224 1.220192981 
0.4497 -0.9683787435 -0.5703419433 2.195677478 0.2290316639 -0.7461635337 1.247621982 
0.4497 -0.9610650376 -0.5820968678 2.192489383 0.1996439356 -0.7518636995 1.274813543 
0.4497 -0.9539895367 -0.5930690301 2.189422118 0.172492731 -0.7577017826 1.300175684 
0.4497 -0.946441784 -0.6046384183 2.186102015 0.1442013603 -0.7642720525 1.326748492 
0.4497 -0.9382882299 -0.6161255202 2.182726763 0.1165031713 -0.7716575243 1.353283812 
0.4497 -0.9305617856 -0.6268727516 2.179506895 0.09098768972 -0.7789651657 1.377889054 
0.4497 -0.9221045958 -0.6382299013 2.176046996 0.06449052204 -0.7872429487 1.403739102 
0.4497 -0.913353531 -0.6495523541 2.17254774 0.03860508833 -0.7960935287 1.429323089 
0.4497 -0.9043148036 -0.6608388584 2.169017366 0.01337535702 -0.8054836441 1.45459938 
0.3497 -0.9756263746 -0.549465371 2.232826517 0.01891028257 -0.8508935034 1.35803132 
0.3497 -0.9670625828 -0.5614537016 2.228286673 -0.006956920372 -0.858733571 1.381775784 
0.3497 -0.9582449465 -0.5733897987 2.223678611 -0.03227785961 -0.8670737133 1.405294864 
0.3497 -0.9490112999 -0.5853608088 2.218993572 -0.05715194229 -0.8761883291 1.428746905 
0.3497 -0.940147316 -0.5965495011 2.214543394 -0.07994574231 -0.8850896282 1.45048834 
0.3497 -0.9304470447 -0.6084129318 2.209763808 -0.1035756563 -0.8950445912 1.473337604 
0.3497 -0.9204075111 -0.6202782266 2.204933312 -0.126601659 -0.9055788568 1.495954831 
0.3497 -0.910731792 -0.6314176421 2.200341745 -0.1476766262 -0.9158485158 1.516950531 
0.3497 -0.9000893054 -0.6432821416 2.195416025 -0.1694649297 -0.927336746 1.53903753 
0.3497 -0.889094887 -0.6551742731 2.19044224 -0.1906077763 -0.9393554866 1.560869465 
0.2497 -0.9539152886 -0.5529384949 2.243558435 -0.2029028283 -0.9646291316 1.474368254 
0.2497 -0.9444040038 -0.5643997993 2.2378411 -0.2238326914 -0.9742747663 1.493771994 
0.2497 -0.934028826 -0.5765515026 2.231706033 -0.2454978896 -0.9849724255 1.514147377 
0.2497 -0.9233646625 -0.5886877465 2.225509434 -0.2665654746 -0.9961348191 1.534273799 
0.2497 -0.9130532172 -0.6001064734 2.219621501 -0.2858412051 -1.007066851 1.552989362 
0.2497 -0.9017940735 -0.6122463989 2.213306405 -0.3057275458 -1.019136839 1.57263506 
0.2497 -0.890210424 -0.624406016 2.20693034 -0.3249945374 -1.031677228 1.592036585 
0.2497 -0.8782896653 -0.6365977235 2.200493189 -0.3436347077 -1.044690092 1.611197753 
0.2497 -0.866750608 -0.6481129079 2.194378735 -0.3605989262 -1.057371123 1.629016626 
0.2497 -0.854138229 -0.6604032552 2.187822516 -0.3780001269 -1.071307851 1.647726284 
0.1497 -0.9193160644 -0.5604497775 2.232406032 -0.4047035091 -1.074643656 1.565755166 
0.1497 -0.9089289538 -0.5717401147 2.225253652 -0.4224498517 -1.085506832 1.582335393 
0.1497 -0.8976452237 -0.5837191763 2.217590998 -0.4407497588 -1.097417783 1.599715945 
0.1497 -0.8860995769 -0.5956906113 2.209862991 -0.4584740756 -1.10970665 1.616855698 
0.1497 -0.8742848644 -0.6076645096 2.20206943 -0.4756195537 -1.122371339 1.633757769 
0.1497 -0.8629128977 -0.6189454438 2.194674278 -0.4912247307 -1.134632575 1.649451957 
0.1497 -0.8504967968 -0.6310306176 2.186703541 -0.5072865729 -1.148059563 1.665985206 
0.1497 -0.837810224 -0.6431178313 2.178687636 -0.5227337956 -1.161846951 1.682260515 
0.1497 -0.8248469219 -0.6552191618 2.170625308 -0.537567281 -1.175990283 1.698286479 
0.1497 -0.8124963824 -0.6665020322 2.163074538 -0.550902169 -1.189542874 1.713019185 
0.0497 -0.8838793798 -0.5633869083 2.201405514 -0.5914926597 -1.167445402 1.635511276 
0.0497 -0.8730440152 -0.5745119072 2.192471913 -0.6075736964 -1.178736666 1.650410375 
0.0497 -0.862821056 -0.5847734961 2.184130649 -0.6221488194 -1.189487356 1.664057015 
0.0497 -0.8514089537 -0.5961549407 2.174859436 -0.6374502834 -1.20142886 1.678829115 
0.0497 -0.8404635301 -0.6071098492 2.165836475 -0.6521370504 -1.21315729 1.6930388 
0.0497 -0.8286567909 -0.6180763038 2.156677578 -0.6661230161 -1.225546075 1.706971678 
0.0497 -0.8171050726 -0.6285806837 2.147877034 -0.6787836034 -1.237679658 1.720007236 
0 -0.8502959197 -0.5799633374 2.16125862 -0.7100477142 -1.222870806 1.691138253 
0 -0.8401539152 -0.5903654121 2.151696673 -0.7245207024 -1.233519063 1.70455879 
0 -0.8305724016 -0.5999927119 2.14262415 -0.7377042647 -1.243548801 1.717075949 
0 -0.8195847843 -0.6101197298 2.133081819 -0.7507242346 -1.255026119 1.729766773 
0 -0.8085793168 -0.6206544205 2.123036732 -0.7639594696 -1.266426997 1.743002694 
-0.0503 -0.8455108639 -0.5685267479 2.136262142 -0.7979977521 -1.243916338 1.71584672 
-0.0503 -0.8368500695 -0.5771273015 2.126973279 -0.8108122934 -1.252724132 1.72752476 
-0.0503 -0.8277487738 -0.5864806422 2.116839522 -0.8244140482 -1.262065414 1.74016621 
-0.0503 -0.8176796497 -0.5959434179 2.106554219 -0.8372808387 -1.272212991 1.752430386 
-0.0503 -0.8086767726 -0.6045980654 2.096976483 -0.849182994 -1.28140296 1.763805276 
-0.0503 -0.7990290494 -0.6137414996 2.086762406 -0.8614653796 -1.291255866 1.775708883 
-0.0503 -0.7893720301 -0.6228257036 2.076512972 -0.8734177995 -1.301134059 1.787453916 
-0.0503 -0.7796995082 -0.6318553356 2.066228978 -0.8850423341 -1.311038631 1.79904161 
-0.0503 -0.7703887389 -0.6403347048 2.056511897 -0.8955819978 -1.320534271 1.809738482 
-0.1503 -0.86607402 -0.5162267909 2.093735445 -0.9609053021 -1.242089216 1.756280329 
-0.1503 -0.8595864369 -0.5231967246 2.083320185 -0.9746741853 -1.248260419 1.768321542 
-0.1503 -0.853136239 -0.5300386502 2.072896233 -0.988193322 -1.254413874 1.780226158 
-0.1503 -0.8469522252 -0.5363777933 2.06307728 -1.000606048 -1.260277321 1.791188515 
-0.1503 -0.8405408862 -0.542992022 2.052628006 -1.013651395 -1.26642653 1.802863875 
-0.1503 -0.8343790872 -0.5492426047 2.042366184 -1.026404249 -1.272307917 1.814217456 
-0.1503 -0.8283930008 -0.5552724388 2.032499474 -1.038267633 -1.278042683 1.824953088 
-0.1503 -0.8219400343 -0.5617164627 2.021893102 -1.050689122 -1.284239399 1.836330925 
-0.1503 -0.8157328202 -0.5678435198 2.011439731 -1.062877353 -1.290187579 1.847481889 
-0.1503 -0.8095909585 -0.5738502651 2.000987033 -1.074873818 -1.296071172 1.85852354 
-0.1503 -0.8038733156 -0.5793941356 1.991151214 -1.085996762 -1.301544622 1.868819236 
-0.1503 -0.7978686282 -0.5851683411 1.980704326 -1.097644317 -1.30728689 1.879659543 
-0.1503 -0.7919399235 -0.5908229364 1.970262843 -1.1091241 -1.312948435 1.89040168 
-0.1503 -0.7865661012 -0.595904773 1.960539825 -1.119788356 -1.318058531 1.900370106 
-0.1503 -0.7806617362 -0.6014575203 1.950015925 -1.130959839 -1.3236887 1.910987842 
-0.1503 -0.774977486 -0.6067590789 1.939600359 -1.141993085 -1.329083243 1.921462859 
-0.1503 -0.7693834903 -0.6119396195 1.929197154 -1.152890393 -1.334377386 1.931854326 
-0.1503 -0.7642042527 -0.6167041695 1.919418872 -1.163029702 -1.339264203 1.94156148 
-0.1503 -0.7587958304 -0.621647384 1.909045048 -1.173686063 -1.344350206 1.951801168 
-0.1503 -0.7534883654 -0.6264667559 1.898689217 -1.184230099 -1.349322381 1.961967987 
-0.1503 -0.7485886045 -0.6308883326 1.888960777 -1.194058474 -1.353894196 1.971473414 
-0.1503 -0.743487572 -0.635463393 1.878645617 -1.20440737 -1.358633079 1.981509034 
-0.1503 -0.7384982985 -0.6399102274 1.868354453 -1.214667548 -1.363245614 1.991482325 
-0.1503 -0.7336244896 -0.6442269813 1.858089413 -1.224847052 -1.367727727 2.001396854 
-0.1503 -0.7291461887 -0.6481691534 1.848454013 -1.23436129 -1.371823471 2.010677688 
-0.1503 -0.7248418859 -0.6521478934 1.838274432 -1.2446183 -1.375841473 2.020675066 
-0.1503 -0.7199946447 -0.6561490102 1.828070524 -1.254396282 -1.380116784 2.030250697 
-0.1503 -0.7156124005 -0.6599313859 1.817930087 -1.264336584 -1.384046782 2.039968389 
-0.1503 -0.7116103708 -0.6633615732 1.808420221 -1.273654953 -1.38760921 2.049076866 
-0.1503 -0.7074919637 -0.6668655017 1.798354501 -1.283524001 -1.391245928 2.058718137 
-0.1503 -0.703515156 -0.6702214061 1.788330889 -1.293368464 -1.394726311 2.0683254 
-0.1503 -0.6999051175 -0.6732416707 1.778937638 -1.302618813 -1.397856041 2.077339764 
-0.1503 -0.6962143247 -0.6763004442 1.769003065 -1.312439283 -1.401023097 2.08689157 
-0.1503 -0.692929948 -0.6791326773 1.759140682 -1.32242776 -1.403887192 2.096567889 
-0.1503 -0.6892960729 -0.6819386257 1.749285885 -1.332088523 -1.406854949 2.105929848 
-0.1503 -0.6863646213 -0.6843348966 1.740091557 -1.341423726 -1.409307622 2.114926684 
-0.1503 -0.6834250227 -0.6867027583 1.730363709 -1.351403641 -1.41173141 2.124502927 
-0.1503 -0.6805959081 -0.6889262351 1.720724787 -1.361326551 -1.41401921 2.134000225 
-0.1503 -0.6780297007 -0.6908650661 1.711690066 -1.370687084 -1.41603331 2.142916799 
-0.1503 -0.6754743795 -0.6927563588 1.702176486 -1.380648631 -1.418000822 2.152367302 
-0.1503 -0.6730949177 -0.6944400908 1.692690617 -1.390731568 -1.419771828 2.161866821 
-0.1503 -0.6708631604 -0.6959508904 1.683295548 -1.400823729 -1.421377383 2.171329027 
-0.1503 -0.668883324 -0.6972069006 1.674518296 -1.41035568 -1.422737317 2.180214762 
-0.1503 -0.6670042661 -0.698312251 1.665234351 -1.420653568 -1.423966029 2.189740238 
-0.1503 -0.6652647402 -0.6992663153 1.656106615 -1.430880702 -1.425042716 2.199162975 
-0.1503 -0.6638958767 -0.6998671207 1.647512219 -1.440720237 -1.425764722 2.208155446 
-0.1503 -0.6626520775 -0.700299374 1.638478394 -1.451292102 -1.426346159 2.217829215 
-0.1503 -0.6616057525 -0.7005263792 1.629554903 -1.461975841 -1.426751095 2.22747681 
-0.1503 -0.6607629616 -0.7005409413 1.62074412 -1.472781415 -1.426975555 2.23714777 
-0.1503 -0.660151727 -0.7003610381 1.612560617 -1.483064402 -1.427026825 2.246267703 
-0.1503 -0.6597273754 -0.6999387339 1.603977074 -1.494139291 -1.426886645 2.256009337 
-0.1503 -0.6595260343 -0.6992810162 1.595515455 -1.505366705 -1.426554979 2.265797526 
-0.1503 -0.6595420127 -0.6984003006 1.587204473 -1.516704469 -1.426036785 2.275600929 
-0.1503 -0.6598011948 -0.6973021008 1.579452698 -1.527639199 -1.425352883 2.284902361 
-0.1503 -0.6602904802 -0.695908813 1.571367347 -1.539374034 -1.424444662 2.294939287 
-0.1503 -0.6606916578 -0.6944075506 1.563430027 -1.55104633 -1.423497698 2.304738518 
-0.1503 -0.6617869005 -0.6923943586 1.555936107 -1.562608567 -1.422063206 2.314539842 
-0.1503 -0.6628845418 -0.6901920856 1.548182051 -1.574849791 -1.420554909 2.3247519 
-0.1503 -0.6642041414 -0.6877198526 1.540566468 -1.587282567 -1.41885941 2.335047412 
-0.1503 -0.6657428134 -0.6849771159 1.533092407 -1.599909814 -1.416982019 2.345505201 
-0.1503 -0.6673960744 -0.6821427589 1.526194556 -1.611979589 -1.415048523 2.355285428 
-0.1503 -0.6693622868 -0.6788663611 1.519010872 -1.624999074 -1.412826463 2.365848083 
-0.1503 -0.6715436224 -0.6753156388 1.511981682 -1.638223294 -1.410435851 2.37654365 
-0.1503 -0.6735343257 -0.6719145304 1.505602115 -1.650636537 -1.408193535 2.386410467 
-0.1503 -0.6763873349 -0.6676366919 1.498796416 -1.664489224 -1.405332062 2.397490033 
-0.1503 -0.6791877718 -0.663279347 1.492247182 -1.678327285 -1.402478025 2.408452313 
-0.1503 -0.682190769 -0.6586511421 1.485868484 -1.692374584 -1.399479965 2.419521567 
-0.1503 -0.6851980127 -0.654050122 1.480024025 -1.705786039 -1.396533301 2.430038805 
-0.1503 -0.6885805868 -0.6489042719 1.473986543 -1.720236714 -1.393277019 2.441319805 
-0.1503 0.2042588146 -1.668648762 1.447656144 -0.7224970621 -2.273660183 2.401835149 
-0.1503 0.1991339232 -1.666914807 1.437545582 -0.7354981995 -2.265563908 2.401161961 
-0.1503 0.1939940844 -1.665384965 1.427033323 -0.7487860895 -2.257264242 2.400822345 
-0.1503 0.1891629448 -1.664175748 1.416749793 -0.7615509851 -2.249271238 2.400840559 
-0.1503 0.1846342529 -1.663285373 1.406687068 -0.7738109526 -2.24157915 2.401188669 
-0.1503 0.1806424485 -1.662736665 1.397411458 -0.7849038221 -2.234608857 2.401794199 
-0.1503 0.1768065296 -1.662463942 1.387696478 -0.7960658157 -2.227442496 2.402778111 
-0.1503 0.1729701156 -1.662480919 1.378132801 -0.8070161736 -2.220576198 2.404078221 
-0.1503 0.1696420111 -1.662958822 1.368889922 -0.8173212733 -2.214042451 2.405535863 
-0.1503 0.166647379 -1.663432011 1.360507311 -0.826954976 -2.208127049 2.406814552 
-0.1503 0.1638403604 -1.664495931 1.351670775 -0.8364649123 -2.202117588 2.408624446 
-0.1503 0.1611289932 -1.665585983 1.342904771 -0.8457722322 -2.19625746 2.410615782 
-0.1503 0.1588770069 -1.667004975 1.334868818 -0.8540827224 -2.191011494 2.412639322 
-0.1503 0.1567350268 -1.668879342 1.326354579 -0.8623914725 -2.185630691 2.415134483 
-0.1503 0.1550184587 -1.671058964 1.318319623 -0.8703521859 -2.180565795 2.417416685 
-0.1503 0.1530889204 -1.673212448 1.310274399 -0.8783807014 -2.17564674 2.419913559 
-0.1503 0.1520414171 -1.676150991 1.302945532 -0.884831494 -2.17156789 2.422610101 
-0.1503 0.1505097647 -1.678587853 1.295087774 -0.8922663048 -2.166680555 2.425251288 
-0.1503 0.1494765597 -1.681724038 1.287546576 -0.8989822117 -2.162362544 2.428077026 
-0.1503 0.1486334233 -1.684930991 1.280538322 -0.905016956 -2.158462222 2.430879542 
-0.1503 0.1479448279 -1.68855502 1.273319816 -0.9111693181 -2.154508495 2.433830025 
-0.1503 0.1474248135 -1.692424468 1.266265028 -0.9170419479 -2.150731685 2.436833201 
-0.1503 0.1470664502 -1.696534687 1.259371781 -0.9226426484 -2.147124346 2.439882288 
-0.1503 0.1468228326 -1.700636954 1.252957533 -0.9276652521 -2.143863515 2.442874102 
-0.1503 0.1471770569 -1.705820775 1.246666175 -0.9321179009 -2.141072596 2.446090255 
-0.1503 0.1468309241 -1.709988586 1.239937944 -0.9376089585 -2.137411916 2.449147373 
-0.1503 0.1471587453 -1.714851242 1.234005436 -0.9416772948 -2.134618222 2.452263145 
-0.1503 0.14788059 -1.720496549 1.228013766 -0.9455316459 -2.132022466 2.455545166 
-0.1503 0.1481077299 -1.725394262 1.221751842 -0.9501047931 -2.128780351 2.458697956 
-0.1503 0.1488253197 -1.731039241 1.215905107 -0.9538913118 -2.12609321 2.461928402 
-0.1503 0.1495593769 -1.736546417 1.210456811 -0.9572477532 -2.123645495 2.46506487 
-0.1503 0.1505155894 -1.742577316 1.20491008 -0.9606029917 -2.12117043 2.468295215 
-0.1503 0.1515879521 -1.748800835 1.199517893 -0.9637438111 -2.11879651 2.471520558 
-0.1503 0.1527703442 -1.755210347 1.194278388 -0.9666775356 -2.116516414 2.47481984 
-0.1503 0.1540870658 -1.76168719 1.189523341 -0.968985951 -2.11464167 2.47798072 
-0.1503 0.1553013568 -1.768180819 1.184450156 -0.9717990919 -2.112323434 2.481054569 
-0.1503 0.1569310003 -1.775335544 1.179774891 -0.9739248274 -2.110464385 2.484286715 
-0.1503 0.1582919963 -1.781908963 1.175258021 -0.9760724374 -2.108507744 2.487314131 
-0.1503 0.1600752387 -1.789329791 1.170849758 -0.9778845653 -2.106737762 2.490471381 
-0.1503 0.1619309182 -1.796879298 1.166578691 -0.9795440419 -2.105005538 2.493605365 
-0.1503 0.1638562663 -1.804554023 1.162444987 -0.9810542732 -2.103307784 2.496715259 
-0.1503 0.1654994536 -1.811623391 1.158439194 -0.9826125386 -2.101507717 2.499700213 
-0.1503 0.1675562356 -1.819536687 1.154573054 -0.9838364317 -2.099872467 2.502763289 
-0.1503 0.169674321 -1.827563532 1.150843636 -0.9849219357 -2.098261217 2.505878031 
-0.1503 0.1715036359 -1.834972153 1.147221058 -0.9860702184 -2.096549037 2.508802027 
-0.1503 0.1737413239 -1.843222279 1.143762596 -0.9868838638 -2.094987125 2.511708978 
-0.1503 0.1760703872 -1.851678001 1.14057254 -0.9875269157 -2.093572993 2.514683626 
-0.1503 0.1784747915 -1.860270822 1.137536251 -0.9880046363 -2.092197491 2.517476599 
-0.1503 0.1805998596 -1.868255264 1.134586899 -0.9885342084 -2.090739677 2.520251389 
-0.1503 0.1831426753 -1.87710014 1.131844132 -0.988701858 -2.089427491 2.523087216 
-0.1503 0.1857513585 -1.886066144 1.129252599 -0.9887183536 -2.088141822 2.525902928 
-0.1503 0.1880751391 -1.89441236 1.126725946 -0.9888006201 -2.086776735 2.52862875 
-0.1503 0.1908091293 -1.903608505 1.124428853 -0.9885266697 -2.085539577 2.531407995 
-0.1503 0.1936024582 -1.912913869 1.12228283 -0.9881118707 -2.084321262 2.53416835 
-0.1503 0.1964016286 -1.922219877 1.120238007 -0.9876193143 -2.083102765 2.536988457 
-0.1503 0.199012438 -1.931100663 1.118326213 -0.9870908933 -2.081842439 2.539574831 
-0.1503 0.2018549105 -1.940529151 1.11669905 -0.9865425123 -2.080639187 2.542100537 
-0.1503 0.2047612866 -1.950075265 1.115226819 -0.9858406292 -2.079461513 2.544618983 
-0.1503 0.2076218758 -1.9597149 1.113543932 -0.9849286357 -2.078149526 2.547456989 
-0.1503 0.2103163984 -1.968752299 1.112275612 -0.9841614155 -2.076959455 2.549872024 
-0.1503 0.2133898563 -1.978623533 1.11121764 -0.9830170837 -2.075831063 2.552410514 
-0.1503 0.2165278606 -1.988596631 1.110341598 -0.9817384927 -2.074731535 2.554920117 
-0.1503 0.2194923231 -1.997958804 1.109831346 -0.9806058055 -2.073745728 2.557045398 
-0.1503 0.2227421292 -2.008122069 1.109264233 -0.9790607922 -2.072681482 2.559544969 
-0.1503 0.2260431744 -2.018372998 1.108848946 -0.9773871727 -2.071627987 2.56204476 
-0.1503 0.2293940298 -2.02870745 1.108584936 -0.9755882775 -2.07058349 2.564546099 
-0.1503 0.2323455549 -2.038092871 1.108430288 -0.9742788066 -2.069419838 2.566665436 
-0.1503 0.2356003362 -2.048275362 1.108328374 -0.9725718508 -2.068203372 2.569085822 
-0.1503 0.2389488978 -2.058551414 1.108519982 -0.9707560157 -2.067062124 2.571393589 
-0.1503 0.242326635 -2.068749465 1.109103448 -0.9685657231 -2.066376363 2.573622585 
-0.1503 0.2457885871 -2.079181523 1.109658636 -0.9665224431 -2.065289153 2.575893124 
-0.1503 0.2492907788 -2.089652158 1.110380132 -0.9643980682 -2.064200209 2.578140372 
-0.1503 0.2526326758 -2.099750959 1.111033445 -0.9625599369 -2.062796143 2.580302754 
-0.1503 0.2560603217 -2.10972112 1.112298231 -0.9604491727 -2.061929661 2.582161268 
-0.1503 0.2597217757 -2.120436825 1.113483249 -0.957942157 -2.060902739 2.584466528 
-0.1503 0.2634239685 -2.131210039 1.114809005 -0.9553278622 -2.059878867 2.58679672 
-0.1503 0.2667522457 -2.140919813 1.116224847 -0.9533008753 -2.058707835 2.588645322 
-0.1503 0.2703294488 -2.151371903 1.117643937 -0.9508881514 -2.057400174 2.590885771 
-0.1503 0.2742656436 -2.162416905 1.119727747 -0.9479323831 -2.056601234 2.593077207 
-0.1503 0.2780314514 -2.173050064 1.12172396 -0.9452901279 -2.055467473 2.595179678 
-0.1503 0.2815440684 -2.183049354 1.123714396 -0.9428009067 -2.054400696 2.597151338 
-0.1503 0.285369175 -2.193686131 1.126016556 -0.9400569348 -2.053246604 2.599227154 
-0.1503 0.2892251305 -2.204319474 1.128475459 -0.937263644 -2.052080488 2.601290786 
-0.1503 0.2929346897 -2.214561844 1.13086055 -0.9347522057 -2.050597064 2.603262645 
-0.1503 0.2967094065 -2.224700614 1.133747898 -0.931975633 -2.049695575 2.605042518 
-0.1503 0.3006889175 -2.235529153 1.136576069 -0.9288262438 -2.048580271 2.6073016 
-0.1503 0.304588484 -2.245861501 1.139509397 -0.9260486817 -2.047142286 2.609264515 
-0.1503 0.308450156 -2.256060159 1.14267654 -0.9230230505 -2.046188263 2.611223168 
-0.1503 0.3125076083 -2.266605528 1.146049525 -0.9199680265 -2.044927943 2.613232523 
-0.1503 0.3166279919 -2.277198736 1.149613681 -0.9168578793 -2.043645797 2.615238565 
-0.1503 0.3206865585 -2.287605257 1.153227125 -0.9137777497 -2.042354187 2.617235464 
-0.1503 0.3245081577 -2.297429149 1.156768885 -0.9108739561 -2.041125839 2.619113643 
-0.1503 0.3287070162 -2.3079412 1.160765941 -0.907686588 -2.039782957 2.621108719 
-0.1503 0.3328183646 -2.318211373 1.16477875 -0.9045452934 -2.038434939 2.623092252 
-0.1503 0.3366831631 -2.327653381 1.168822939 -0.9018263972 -2.037039333 2.624679129 
-0.1503 0.3409167545 -2.338202587 1.173050199 -0.8983686963 -2.035746583 2.626942844 
-0.1503 0.3451321229 -2.34815062 1.177406627 -0.8952997431 -2.034054573 2.628838725 
-0.1503 0.3496168412 -2.358647862 1.182259782 -0.8917447139 -2.032837926 2.630911536 
-0.1503 0.3537254248 -2.368268403 1.186793932 -0.8886341622 -2.031432796 2.632783609 
-0.1503 0.3580088815 -2.378180612 1.191598479 -0.8853572201 -2.029941404 2.634756131 
-0.1503 0.3622375139 -2.388243132 1.196561748 -0.882161836 -2.028424315 2.636735676 
-0.1503 0.3665450863 -2.397638048 1.201505214 -0.8789133276 -2.026922614 2.638614177 
-0.1503 0.370949028 -2.407494545 1.2067558 -0.8755895135 -2.025333014 2.640598346 
-0.1503 0.3754072519 -2.417345772 1.212167828 -0.8722484733 -2.023702974 2.642589598 
-0.1503 0.3797351249 -2.426774078 1.217483414 -0.8691518924 -2.021778934 2.64446771 
-0.1503 0.3840161235 -2.436190822 1.222936164 -0.8658155134 -2.020471651 2.646447577 
-0.1503 0.3886793472 -2.445819419 1.228772101 -0.8623594216 -2.018725181 2.648457242 
-0.1503 0.3933473585 -2.45536736 1.234713819 -0.8589146966 -2.016947513 2.650469484 
-0.1503 0.397750854 -2.464792991 1.240602223 -0.8556680196 -2.015185352 2.652452214 
-0.1503 0.4021292908 -2.473641511 1.246378099 -0.8524696547 -2.013454002 2.65434602 
-0.1503 0.4067311891 -2.482838804 1.252543466 -0.8490871916 -2.011609543 2.656345824 
-0.1503 0.4114789266 -2.492132788 1.258942827 -0.8456714444 -2.009679793 2.658373883 
-0.1503 0.4161269689 -2.500754539 1.26513355 -0.8423307257 -2.007810458 2.660305789 
-0.1503 0.4208364097 -2.509794189 1.271667024 -0.8389530934 -2.005832242 2.66232593 
-0.1503 0.4255987957 -2.518806805 1.278339856 -0.8355786217 -2.003797047 2.664356367 
-0.1503 0.4302861264 -2.527597566 1.285020052 -0.8322288037 -2.001764026 2.666366887 
-0.1503 0.4350333778 -2.535837529 1.29179836 -0.828984944 -1.999846259 2.668122654 
-0.1503 0.43972436 -2.544545453 1.298464063 -0.8255943418 -1.997625377 2.670327716 
-0.1503 0.4446319375 -2.553137416 1.305537918 -0.8221737727 -1.995429046 2.672373917 
-0.1503 0.4492792158 -2.561136215 1.312285457 -0.8189527159 -1.993321126 2.674303112 
-0.1503 0.4542939594 -2.569606653 1.319593289 -0.8155258935 -1.991011552 2.676368391 
-0.1503 0.4592088442 -2.577793569 1.326869883 -0.8121036368 -1.988729311 2.67840254 
-0.1503 0.4642773492 -2.586052697 1.334356023 -0.8086737811 -1.98633155 2.680471669 
-0.1503 0.4692447051 -2.593707222 1.341565996 -0.8053181876 -1.984009761 2.68245695 
-0.1503 0.4743954021 -2.601729835 1.349473076 -0.8019847319 -1.981627272 2.68431369 
-0.1503 0.479257441 -2.609601902 1.356788159 -0.7985743103 -1.979066263 2.686541171 
-0.1503 0.4843224549 -2.616926637 1.364420899 -0.7952842423 -1.976698955 2.688365616 
-0.1503 0.489313126 -2.62467838 1.37201669 -0.7918930539 -1.974028469 2.690558817 
-0.1503 0.494514503 -2.632256297 1.37995956 -0.7884425448 -1.971377179 2.692621779 
-0.1503 0.4997656705 -2.63975111 1.387998043 -0.7849877631 -1.96866393 2.694689465 
-0.1503 0.5047303909 -2.646698284 1.39562896 -0.7817296244 -1.966068836 2.696632675 
-0.1503 0.5100523417 -2.653994771 1.403824253 -0.7782628703 -1.963250969 2.698700418 
-0.1503 0.5153998603 -2.661173908 1.412088166 -0.7747873413 -1.960386377 2.700764016 
-0.1503 0.520780443 -2.668244405 1.420425287 -0.7713029865 -1.957469499 2.702824934 
-0.1503 0.5261397688 -2.674801909 1.428690032 -0.767968903 -1.954703204 2.704643451 
-0.1503 0.5313200711 -2.681657082 1.436811666 -0.764510217 -1.951656678 2.706815211 
-0.1503 0.5367987966 -2.688404602 1.445354208 -0.7609938393 -1.948583935 2.708864032 
-0.1503 0.5419859991 -2.69465391 1.453455056 -0.757672314 -1.945642969 2.710787188 
-0.1503 0.547530222 -2.701185679 1.462125244 -0.7541292622 -1.942465905 2.712824285 
-0.1503 0.5531084053 -2.707605564 1.470858779 -0.7505705737 -1.939234733 2.714854092 
-0.1503 0.5587206949 -2.713913083 1.479654046 -0.7469948801 -1.935949243 2.716875718 
-0.1503 0.564034133 -2.719746506 1.487986904 -0.7436127096 -1.932807236 2.718770126 
-0.1503 0.5697130316 -2.72583458 1.496897458 -0.7399998778 -1.929415821 2.720773211 
-0.1503 0.5639342263 -2.719638051 1.487830181 -0.7436762829 -1.932866593 2.718734685 
-0.1503 0.5583896135 -2.713545171 1.479134997 -0.747205711 -1.936144014 2.716757043 
-0.1503 0.5528780432 -2.707343431 1.470497934 -0.7507174341 -1.939368852 2.714770668 
-0.1503 0.5476599381 -2.700996625 1.462260128 -0.7541478447 -1.942583841 2.712662115 
-0.1503 0.5419534862 -2.694615158 1.453404245 -0.7576931119 -1.945661498 2.710775188 
-0.1503 0.5365079037 -2.688050155 1.444900273 -0.7611803194 -1.948747951 2.708755702 
-0.1503 0.5311273177 -2.681416915 1.4365114 -0.764634099 -1.951764151 2.70674281 
-0.1503 0.5257790715 -2.67467719 1.428188401 -0.7680763737 -1.95472891 2.704725264 
-0.1503 0.5204630199 -2.667831512 1.419932872 -0.7715082106 -1.957642535 2.702703794 
-0.1503 0.5151790167 -2.660880437 1.41174643 -0.7749306189 -1.96050536 2.700679096 
-0.1503 0.5098955605 -2.653781982 1.403582322 -0.7783649679 -1.963334434 2.698639695 
-0.1503 0.5049422736 -2.646592245 1.395890575 -0.781700697 -1.96614334 2.696482739 
-0.1503 0.4994868515 -2.639356993 1.387570496 -0.7851708129 -1.968808847 2.694580019 
-0.1503 0.4945236343 -2.631889245 1.380010163 -0.7885195037 -1.971576538 2.692362414 
-0.1503 0.4892039879 -2.624520501 1.371861502 -0.791952656 -1.974086419 2.690517401 
-0.1503 0.4840789741 -2.616904102 1.36407871 -0.7953565518 -1.976667759 2.688474179 
-0.1503 0.4790155891 -2.609232098 1.356423301 -0.7987361215 -1.979185806 2.686443947 
-0.1503 0.473983094 -2.601460284 1.348850438 -0.8021121548 -1.981656586 2.684414996 
-0.1503 0.4689813503 -2.593589532 1.341361856 -0.805485102 -1.984080642 2.682387749 
-0.1503 0.4640102223 -2.585620759 1.333959306 -0.8088553479 -1.986458533 2.680362596 
-0.1503 0.4590400839 -2.577506341 1.32660101 -0.81224337 -1.988804671 2.678327792 
-0.1503 0.4543390494 -2.569260992 1.319721786 -0.8155635314 -1.991188675 2.676113265 
-0.1503 0.4492500845 -2.561086489 1.312243018 -0.8189728529 -1.993334425 2.674291054 
-0.1503 0.4444782693 -2.552703465 1.305234796 -0.8222671204 -1.995528552 2.672290181 
-0.1503 0.4397768707 -2.544316082 1.298370478 -0.8255671673 -1.997651487 2.670303136 
-0.1503 0.4347140968 -2.535634035 1.291320452 -0.8290796739 -1.999839004 2.668237826 
-0.1503 0.4300019306 -2.527078524 1.284618695 -0.8324297284 -2.001886911 2.666247112 
-0.1503 0.4252715507 -2.518363706 1.27796949 -0.8357840319 -2.003917478 2.664248851 
-0.1503 0.4205707051 -2.509561526 1.271422386 -0.8391360101 -2.005907774 2.662254695 
-0.1503 0.4158992932 -2.500673466 1.264979181 -0.8424853515 -2.007858535 2.660264694 
-0.1503 0.4113979936 -2.491622311 1.258686408 -0.8457220181 -2.009759586 2.658287787 
-0.1503 0.4067118525 -2.482576366 1.252420686 -0.8491209384 -2.011643117 2.656296282 
-0.1503 0.4020333654 -2.473454855 1.246254581 -0.8525333314 -2.013492075 2.654307743 
-0.1503 0.3974250349 -2.463924107 1.240092881 -0.856038506 -2.015020682 2.652224428 
-0.1503 0.3930708093 -2.454931903 1.234407577 -0.8591066184 -2.017040055 2.650375619 
-0.1503 0.3886114956 -2.445550373 1.228640278 -0.8624129872 -2.018764681 2.648405361 
-0.1503 0.3839571837 -2.436068138 1.222862987 -0.8658571498 -2.020493615 2.646423123 
-0.1503 0.3795123838 -2.426543316 1.217309871 -0.8691677871 -2.022157706 2.644462837 
-0.1503 0.3750972616 -2.416950383 1.211877525 -0.8724696013 -2.023789021 2.642505752 
-0.1503 0.3709046763 -2.407322497 1.206680292 -0.8756233854 -2.025355995 2.640565558 
-0.1503 0.3665066403 -2.397588253 1.201470839 -0.8789438974 -2.026933262 2.638602261 
-0.1503 0.3619894988 -2.387484191 1.196186119 -0.882494584 -2.028225006 2.636548776 
-0.1503 0.3577360099 -2.377933504 1.191392827 -0.8855715779 -2.030006363 2.634694393 
-0.1503 0.3534147543 -2.367795888 1.186467065 -0.8889855534 -2.031247745 2.632667087 
-0.1503 0.349341453 -2.358146466 1.181998593 -0.8919592779 -2.03292193 2.630807233 
-0.1503 0.3451011668 -2.348035325 1.177413003 -0.8951817097 -2.034360699 2.628845927 
-0.1503 0.3409394562 -2.337982804 1.173017191 -0.8983540309 -2.035760013 2.626898618 
-0.1503 0.3367964777 -2.327881262 1.16875002 -0.9015131136 -2.037136529 2.624949777 
-0.1503 0.3326716479 -2.317733329 1.164612649 -0.9046578854 -2.038491223 2.622999009 
-0.1503 0.328614637 -2.30763271 1.160662583 -0.9077565369 -2.039817684 2.62104972 
-0.1503 0.3244441287 -2.297246691 1.156705808 -0.9109227119 -2.041147785 2.6190784 
-0.1503 0.3202829727 -2.286762884 1.152836455 -0.9142241613 -2.042212874 2.617051312 
-0.1503 0.3163130913 -2.276669618 1.149359293 -0.9170927124 -2.043719912 2.615156782 
-0.1503 0.3123877796 -2.266203204 1.14613153 -0.9202885928 -2.044881266 2.612910511 
-0.1503 0.3084105411 -2.255995044 1.14264817 -0.9230530198 -2.046198133 2.611212009 
-0.1503 0.3044711518 -2.245557509 1.139486563 -0.9260053919 -2.047419615 2.609217966 
-0.1503 0.3005881586 -2.235162733 1.13649255 -0.9289001736 -2.048616972 2.607227817 
-0.1503 0.2967316928 -2.224750706 1.133644333 -0.9317579227 -2.049799463 2.605229208 
-0.1503 0.2929013905 -2.21432465 1.130942705 -0.934576929 -2.050968085 2.603221386 
-0.1503 0.2890969139 -2.203887828 1.128388419 -0.9373554378 -2.052123837 2.601203596 
-0.1503 0.2852894303 -2.193379821 1.125964935 -0.9401125462 -2.053275477 2.599163424 
-0.1503 0.2815093822 -2.18269328 1.123835229 -0.9430505761 -2.0543257 2.596857289 
-0.1503 0.2778072947 -2.172482277 1.121601182 -0.9454501305 -2.055531528 2.595071191 
-0.1503 0.2740946951 -2.161849723 1.119761633 -0.9482388291 -2.056583766 2.592785064 
-0.1503 0.2702906303 -2.151256281 1.11765159 -0.950875167 -2.057478408 2.590862281 
-0.1503 0.2668059068 -2.141113977 1.11620364 -0.9530609173 -2.058849202 2.588814067 
-0.1503 0.2632187397 -2.13070505 1.114723427 -0.955468629 -2.059936191 2.586699499 
-0.1503 0.2596667223 -2.12031493 1.113400731 -0.9578116321 -2.061016712 2.584566984 
-0.1503 0.2561498253 -2.109947147 1.112235841 -0.9600877965 -2.062091807 2.58241561 
-0.1503 0.2526680558 -2.099605242 1.111229002 -0.9622949684 -2.063162528 2.580244488 
-0.1503 0.2490169508 -2.088871174 1.11016673 -0.964771573 -2.063962514 2.577986977 
-0.1503 0.2457494378 -2.07875806 1.109779697 -0.9667219072 -2.065235666 2.575618917 
-0.1503 0.2424079032 -2.068707946 1.10915267 -0.9684971845 -2.066366561 2.573591683 
-0.1503 0.2390045975 -2.058363598 1.10884026 -0.9705902434 -2.067396848 2.571183632 
-0.1503 0.235647654 -2.048093818 1.10867141 -0.9725651838 -2.068435537 2.568786721 
-0.1503 0.232192327 -2.03781131 1.108265514 -0.9743907207 -2.069327166 2.566705949 
-0.1503 0.2289165308 -2.027699095 1.108335156 -0.976111705 -2.070364707 2.564372869 
-0.1503 0.2257019643 -2.017675312 1.108585576 -0.9777096393 -2.071430224 2.562016726 
-0.1503 0.2225496849 -2.007744083 1.109016607 -0.9791813242 -2.072525278 2.559636493 
-0.1503 0.2194608184 -1.997909522 1.109628032 -0.980523543 -2.073651489 2.557231221 
-0.1503 0.2164847112 -1.988118031 1.110677927 -0.9817975994 -2.074921194 2.554553661 
-0.1503 0.2134910301 -1.978482458 1.111533829 -0.9828537821 -2.076064964 2.552197174 
-0.1503 0.2105558449 -1.968954231 1.112538231 -0.9837649065 -2.077231533 2.549841757 
-0.1503 0.2075545179 -1.959283705 1.113796057 -0.9848693213 -2.078360578 2.547229632 
-0.1503 0.2046069721 -1.949708944 1.115201613 -0.9858426472 -2.079503763 2.544607777 
-0.1503 0.2016802052 -1.94016031 1.11674266 -0.9867035884 -2.080654462 2.541969514 
-0.1503 0.1988453026 -1.930788768 1.118445198 -0.9874049345 -2.081831687 2.539325321 
-0.1503 0.1960695037 -1.921524839 1.120296175 -0.9879653411 -2.083029369 2.53666888 
-0.1503 0.193354787 -1.912372548 1.12229579 -0.9883813871 -2.084249827 2.533999503 
-0.1503 0.1907032406 -1.903335963 1.124444227 -0.9886495727 -2.085495497 2.531316584 
-0.1503 0.1880822133 -1.894345504 1.126733055 -0.9887876578 -2.086758598 2.528612588 
-0.1503 0.1855637071 -1.885552748 1.129180426 -0.9887491367 -2.088062175 2.525900861 
-0.1503 0.1831153404 -1.876888208 1.131777115 -0.988551722 -2.089399046 2.523174333 
-0.1503 0.1806865603 -1.868305158 1.134618952 -0.9883201171 -2.090812711 2.520381223 
-0.1503 0.1783172002 -1.859832925 1.137603127 -0.9879508697 -2.092249322 2.517422902 
-0.1503 0.1759719639 -1.851396744 1.140721595 -0.9874654528 -2.093695195 2.514504631 
-0.1503 0.1737236775 -1.843148577 1.143985581 -0.9868183061 -2.095177843 2.51157172 
-0.1503 0.1715396635 -1.835018399 1.147389479 -0.9860269892 -2.096688317 2.508616113 
-0.1503 0.1694222979 -1.827009735 1.150933192 -0.9850882699 -2.098229432 2.505638012 
-0.1503 0.1673740801 -1.819126157 1.154616626 -0.9839988109 -2.09980414 2.502637735 
-0.1503 0.1653626959 -1.811298552 1.158438762 -0.9827745851 -2.101402145 2.499605699 
-0.1503 0.1634599141 -1.803674532 1.162401019 -0.9813743759 -2.103051691 2.496636303 
-0.1503 0.1616363616 -1.796190107 1.166504995 -0.9798098184 -2.104747676 2.493498238 
-0.1503 0.1600727723 -1.789158992 1.170936913 -0.9777971379 -2.106757036 2.49046801 
-0.1503 0.1585650983 -1.782231833 1.175488899 -0.9756590103 -2.10879105 2.48740348 
-0.1503 0.1570823821 -1.775342621 1.180165488 -0.9734084145 -2.110840444 2.484166093 
-0.1503 0.1552611395 -1.767940316 1.184621169 -0.9717023445 -2.112392573 2.48094295 
-0.1503 0.1539049274 -1.761298592 1.189513636 -0.9692168446 -2.114481536 2.477767826 
-0.1503 0.1526502283 -1.754829195 1.194553574 -0.9665374983 -2.116651493 2.474580699 
-0.1503 0.1519109048 -1.749177267 1.200050771 -0.9630129267 -2.119413019 2.471457479 
-0.1503 0.1507526513 -1.74285766 1.205326055 -0.9600842691 -2.121637161 2.468225029 
-0.1503 0.1497008189 -1.736728966 1.210713426 -0.9569960473 -2.123920327 2.465053835 
-0.1503 0.1487265237 -1.730728318 1.216221382 -0.9537575982 -2.126254839 2.461747326 
-0.1503 0.1484876366 -1.725783973 1.222267152 -0.9493663863 -2.129355998 2.458634126 
-0.1503 0.1475919387 -1.719860667 1.227896036 -0.9459610323 -2.131627321 2.455375687 
-0.1503 0.147200356 -1.714700956 1.233983442 -0.9417035427 -2.134509452 2.452196732 
-0.1503 0.14694653 -1.709779225 1.240192562 -0.9372408228 -2.137504941 2.449043709 
-0.1503 0.1468281954 -1.705070107 1.246552328 -0.9325414639 -2.140635114 2.445911154 
-0.1503 0.1468513612 -1.700578154 1.253064155 -0.9275988563 -2.143906472 2.442803736 
-0.1503 0.1470221441 -1.696307861 1.259729536 -0.9224062334 -2.147325652 2.439726552 
-0.1503 0.1473451169 -1.692242297 1.266584288 -0.9169217143 -2.150919893 2.436675683 
-0.1503 0.1482548981 -1.689036868 1.273852867 -0.9105664882 -2.155164546 2.433784572 
-0.1503 0.1484835701 -1.684852457 1.280699767 -0.9052195945 -2.158560904 2.43072517 
-0.1503 0.149545169 -1.681671125 1.28798875 -0.8986634373 -2.162626294 2.427886107 
-0.1503 0.1506339722 -1.678494185 1.295337366 -0.891999424 -2.166797092 2.425132268 
-0.1503 0.1517186068 -1.675691965 1.302869411 -0.8850963956 -2.171268946 2.422544158 
-0.1503 0.1531951001 -1.673149685 1.310583557 -0.8777829125 -2.175886385 2.419969785 
-0.1503 0.1548818607 -1.670865742 1.318470794 -0.870146849 -2.180710942 2.417485072 
-0.1503 0.1567850552 -1.668843255 1.326534177 -0.8621802812 -2.18575017 2.415100161 
-0.1503 0.1589107657 -1.667085066 1.334776936 -0.8538751115 -2.191011518 2.412825958 
-0.1503 0.1614602208 -1.665573208 1.343292452 -0.8450350095 -2.19651106 2.410598429 
-0.1503 0.1640692459 -1.664526819 1.351955179 -0.8359588977 -2.202314105 2.408612804 
-0.1503 0.1667006487 -1.663418315 1.36066589 -0.8267816986 -2.2082363 2.406784378 
-0.1503 0.1699150038 -1.662747319 1.369469473 -0.8167619399 -2.214362783 2.405299136 
-0.1503 0.1731507523 -1.662484271 1.378689346 -0.806663713 -2.220914474 2.403829259 
-0.1503 0.176794616 -1.662462295 1.38803821 -0.7959051013 -2.227688294 2.402678817 
-0.1503 0.1806907494 -1.6627418 1.397526258 -0.7847677736 -2.234694395 2.401785108 
-0.1503 0.1848665285 -1.66332455 1.407214385 -0.773174273 -2.241978932 2.401162456 
-0.1503 0.1893282685 -1.664212985 1.417108936 -0.7611091599 -2.249548185 2.400834195 
-0.1503 0.1940820927 -1.665409177 1.427216825 -0.7485561863 -2.257408031 2.400825206 
-0.1503 0.1991055017 -1.666826606 1.437564103 -0.7354943657 -2.265574799 2.401158769 
-0.1503 0.2047008312 -1.668810868 1.44807288 -0.7215423476 -2.274043946 2.402044694 
-0.1503 0.2101891008 -1.670872729 1.458964589 -0.7077071475 -2.282836434 2.402995969 
-0.1503 0.2161702967 -1.673314475 1.470009617 -0.6930169876 -2.291909871 2.404550162 
-0.1503 0.2224711776 -1.676068165 1.48131301 -0.6777415503 -2.301295936 2.406575231 
-0.1503 0.2291373808 -1.679152603 1.492956461 -0.6617600953 -2.311056382 2.409124569 
-0.1503 0.2360944403 -1.682530115 1.50481404 -0.6452371012 -2.321077121 2.412207153 
-0.1503 -0.6737789855 -0.6717443866 1.505552423 -1.650780906 -1.408050502 2.386569304 
-0.1503 -0.6714371262 -0.6754881876 1.512309491 -1.637597021 -1.410551402 2.376004352 
-0.1503 -0.6693013583 -0.6789666523 1.519219962 -1.624613225 -1.412894262 2.365536099 
-0.1503 -0.6676303231 -0.6821035993 1.526347916 -1.611953144 -1.415006792 2.355287652 
-0.1503 -0.6656482031 -0.6851445536 1.533529176 -1.59916293 -1.417096055 2.34481708 
-0.1503 -0.6641454301 -0.6878270096 1.540877261 -1.586766788 -1.418932873 2.334621841 
-0.1503 -0.662714327 -0.6903089165 1.548364034 -1.57445115 -1.420652032 2.324353796 
-0.1503 -0.6615353155 -0.6925105353 1.555980933 -1.562350647 -1.422174764 2.314209643 
-0.1503 -0.660602888 -0.6944463655 1.563771346 -1.550388665 -1.423504823 2.304135689 
-0.1503 -0.6599201929 -0.6961023178 1.571639058 -1.538696009 -1.42462828 2.294331539 
-0.1503 -0.6594855298 -0.6974909474 1.579629982 -1.5271982 -1.42554706 2.284523535 
-0.1503 -0.6592925882 -0.6986202494 1.587739728 -1.515884928 -1.426262691 2.274799838 
-0.1503 -0.6593371855 -0.6994967133 1.595965444 -1.504747264 -1.426775549 2.265152447 
-0.1503 -0.6596180115 -0.7001293803 1.604355941 -1.493711236 -1.427087174 2.25543658 
-0.1503 -0.6601230613 -0.7005205412 1.612805389 -1.482896515 -1.427198358 2.245950799 
-0.1503 -0.6608497983 -0.7006805307 1.621362272 -1.472228332 -1.427112456 2.23652941 
-0.1503 -0.6617664388 -0.70049976 1.629910482 -1.461644123 -1.426694411 2.227182157 
-0.1503 -0.6627349063 -0.7004042356 1.638794954 -1.451062643 -1.426434631 2.2175507 
-0.1503 -0.6640012285 -0.6999060463 1.647660361 -1.440673875 -1.425786049 2.208118682 
-0.1503 -0.6654352317 -0.6992228685 1.656591836 -1.430384851 -1.424965259 2.198720849 
-0.1503 -0.6670546941 -0.6983326006 1.665602058 -1.420195718 -1.423956604 2.189348994 
-0.1503 -0.6688534881 -0.6972410167 1.674687143 -1.410096827 -1.422762886 2.179997433 
-0.1503 -0.670861309 -0.6959103834 1.683780538 -1.400207564 -1.42135245 2.17075746 
-0.1503 -0.6729955375 -0.6944429827 1.693085092 -1.390145334 -1.419803377 2.161332093 
-0.1503 -0.675392038 -0.6926047077 1.702240169 -1.380323873 -1.417854178 2.152178763 
-0.1503 -0.6777495275 -0.6909386337 1.711719663 -1.370426522 -1.41616985 2.142683866 
-0.1503 -0.6806316607 -0.6888525408 1.721169343 -1.360793971 -1.413963548 2.133496836 
-0.1503 -0.6836471596 -0.6866041829 1.730677446 -1.351177712 -1.411596491 2.124285122 
-0.1503 -0.6863169589 -0.6843193442 1.740254439 -1.341180516 -1.40931623 2.114698501 
-0.1503 -0.6894905101 -0.6817821429 1.749862756 -1.331509972 -1.406693164 2.105370997 
-0.1503 -0.6928192513 -0.6790844933 1.759524244 -1.321855228 -1.403903582 2.096028442 
-0.1503 -0.6962994216 -0.6762302797 1.769236258 -1.312208245 -1.400950478 2.086667171 
-0.1503 -0.6999494334 -0.6732047575 1.7790548 -1.302503244 -1.397817805 2.077227308 
-0.1503 -0.704143002 -0.669939407 1.788897248 -1.293121891 -1.394309763 2.068058827 
-0.1503 -0.707877719 -0.6666829372 1.798730184 -1.283333269 -1.39098221 2.05851688 
-0.1503 -0.7116842956 -0.6632984302 1.808598214 -1.273480522 -1.387543651 2.04890647 
-0.1503 -0.7162337106 -0.659622778 1.818557188 -1.26398767 -1.383605791 2.039605044 
-0.1503 -0.7202041056 -0.6559675656 1.8285486 -1.253927365 -1.379928226 2.029792394 
-0.1503 -0.7246418259 -0.6521099763 1.838545721 -1.244112613 -1.375919054 2.020200557 
-0.1503 -0.7292015013 -0.6481206072 1.848574292 -1.23424273 -1.371773024 2.01056204 
-0.1503 -0.733879558 -0.6440017418 1.858632166 -1.224310028 -1.367493775 2.000873456 
-0.1503 -0.738672445 -0.6397554843 1.868717237 -1.214306844 -1.363085017 1.991131422 
-0.1503 -0.7436063255 -0.6353572114 1.878888058 -1.204164917 -1.358523012 1.981273706 
-0.1503 -0.7486189326 -0.6308610454 1.88902152 -1.193997319 -1.353865956 1.971414264 
-0.1503 -0.7544937249 -0.6258383929 1.899434243 -1.184055824 -1.348469529 1.961625765 
-0.1503 -0.7589534768 -0.621503758 1.909349912 -1.173374282 -1.344202222 1.951501134 
-0.1503 -0.7645354592 -0.6163918723 1.91972474 -1.162942252 -1.338923129 1.941354253 
-0.1503 -0.7697099838 -0.6116382462 1.929808731 -1.152252994 -1.334068831 1.931245387 
-0.1503 -0.775209785 -0.6065431647 1.940029003 -1.141541513 -1.328863066 1.921033286 
-0.1503 -0.7807965393 -0.6013313268 1.95026113 -1.130698531 -1.3235606 1.910740412 
-0.1503 -0.7864668097 -0.596003308 1.96050338 -1.119716414 -1.318165987 1.900363283 
-0.1503 -0.7922171629 -0.5905595219 1.97075406 -1.108587518 -1.312683897 1.889898392 
-0.1503 -0.7980792842 -0.5849665828 1.981072957 -1.09723613 -1.307085567 1.879278715 
-0.1503 -0.8039799402 -0.5792911644 1.991335608 -1.085789662 -1.301442596 1.868627111 
-0.1503 -0.8101318016 -0.5733146403 2.001744693 -1.074159372 -1.295537994 1.857781964 
-0.1503 -0.8159871447 -0.5675936086 2.01187016 -1.062379326 -1.289943891 1.847024995 
-0.1503 -0.8222679431 -0.5613806292 2.022287381 -1.050373754 -1.283911241 1.835961243 
-0.1503 -0.8282830949 -0.5553942853 2.032468592 -1.038153945 -1.278161436 1.824933698 
-0.1503 -0.8344987029 -0.5491367353 2.042734399 -1.025779201 -1.272208425 1.813753134 
-0.1503 -0.8407669646 -0.5427608907 2.052996631 -1.013195583 -1.266210317 1.802456011 
-0.1503 -0.8470844827 -0.5362656916 2.063254004 -1.000395223 -1.260173081 1.791038692 
-0.1503 -0.8534478718 -0.5296499076 2.073505282 -0.9873702289 -1.254102851 1.779497548 
-0.1503 -0.8598922459 -0.5228714152 2.083810602 -0.9740325817 -1.247969347 1.767758702 
-0.1503 -0.8665399556 -0.5157690627 2.094240796 -0.960443821 -1.241651292 1.755785977 
-0.1503 -0.8729259132 -0.5088917603 2.104378068 -0.9467323002 -1.235615873 1.743927086 
-0.1503 -0.8793323112 -0.501907065 2.114487796 -0.9327806561 -1.229583594 1.731950204 
-0.1503 -0.8862051221 -0.4944254977 2.124583965 -0.918572283 -1.222978546 1.71988875 
-0.1503 -0.892784499 -0.4870306353 2.134827755 -0.9039414278 -1.216842986 1.707454597 
-0.1503 -0.8990761658 -0.4797307635 2.1451232 -0.8890591316 -1.211163537 1.694792942 
-0.1503 -0.9054201886 -0.4721153049 2.155273105 -0.873821273 -1.205286559 1.682014019 
-0.1503 -0.9118513102 -0.4643491619 2.165412761 -0.8583230808 -1.19938543 1.669114409 
-0.1503 -0.9189611643 -0.4563611723 2.175572005 -0.842826357 -1.192978391 1.656346819 
-0.0503 -0.846062528 -0.5679721988 2.136852774 -0.7971790812 -1.243357779 1.715098669 
-0.0503 -0.8552449983 -0.5586722504 2.146695463 -0.7833116821 -1.234077729 1.702506859 
-0.0503 -0.8640344166 -0.5493306616 2.156488798 -0.7689083479 -1.225178403 1.689620229 
-0.0503 -0.8734315836 -0.5398387199 2.166261053 -0.7544514113 -1.215811549 1.676759071 
-0.0503 -0.8825742276 -0.5300782845 2.17615917 -0.7392920456 -1.206740114 1.663379356 
-0.0503 -0.8914324904 -0.5206040711 2.185716219 -0.7239732769 -1.197913734 1.650168944 
0 -0.8612166338 -0.5693879612 2.171088741 -0.695282712 -1.211736375 1.67721037 
0 -0.8712937064 -0.5590964693 2.180454957 -0.6803838719 -1.201386198 1.663580442 
0 -0.8812582667 -0.5487454393 2.189769307 -0.6650510239 -1.191204236 1.649744021 
0 -0.8911073688 -0.5383294034 2.199032836 -0.6492768534 -1.181202005 1.635696242 
0 -0.9009265081 -0.5277752506 2.208289821 -0.632989116 -1.171278317 1.621367119 
0.0497 -0.8738346189 -0.5736836977 2.193092662 -0.6066330812 -1.177932634 1.649423911 
0.0497 -0.8846354179 -0.5624894335 2.202060351 -0.5906049947 -1.166761038 1.634595054 
0.0497 -0.894966651 -0.551672435 2.21068084 -0.5743640687 -1.156057005 1.619763808 
0.0497 -0.9051263401 -0.5408706049 2.219183155 -0.5577321602 -1.145563953 1.604894648 
0.0497 -0.9155446353 -0.5293896955 2.228073176 -0.5400840651 -1.135044121 1.589140751 
0.0497 -0.925560558 -0.5181888851 2.23665695 -0.5222572569 -1.124960208 1.573533669 
0.0497 -0.9354181959 -0.5069165486 2.245183323 -0.5039376198 -1.115144128 1.557698174 
0.0497 -0.9451200082 -0.495565198 2.253652333 -0.4851240089 -1.105601415 1.541633941 
0.1497 -0.8865116077 -0.5952681091 2.210136858 -0.4578583474 -1.109266515 1.616254927 
0.1497 -0.8979137032 -0.583437444 2.217772045 -0.4403257731 -1.097133177 1.599309862 
0.1497 -0.9089945667 -0.5716696087 2.225298533 -0.4223405096 -1.085437891 1.582232532 
0.1497 -0.9198296011 -0.559884703 2.232762138 -0.4038029328 -1.074109367 1.564920571 
0.1497 -0.9304255791 -0.5480733101 2.240162995 -0.3847161581 -1.063149604 1.547372539 
0.1497 -0.940789304 -0.536226071 2.247501145 -0.3650834059 -1.052560526 1.529587773 
0.1497 -0.9509876612 -0.524262322 2.254819874 -0.3447856221 -1.042283886 1.511457779 
0.1497 -0.9609061684 -0.512315215 2.262031782 -0.3240680705 -1.03244366 1.493199346 
0.1497 -0.9706131359 -0.5003045448 2.269180126 -0.3028154397 -1.022978972 1.474707054 
0.1497 -0.9801155454 -0.4882212903 2.276264133 -0.2810319598 -1.013890964 1.455983556 
0.2497 -0.9238731562 -0.5881168068 2.225802411 -0.265587569 -0.9955990819 1.533332351 
0.2497 -0.9343998586 -0.5761229518 2.231923615 -0.2447433667 -0.9845869615 1.513432583 
0.2497 -0.9445845697 -0.5641851505 2.237948809 -0.2234450455 -0.9740901455 1.493410295 
0.2497 -0.9545018028 -0.5522211577 2.243913918 -0.2015775095 -0.9640398501 1.473148343 
0.2497 -0.9641623418 -0.54022036 2.2498179 -0.1791482618 -0.9544340594 1.452648384 
0.2497 -0.9735767527 -0.528172446 2.255659302 -0.1561651615 -0.945270576 1.431913156 
0.2497 -0.982809642 -0.5159947836 2.261470587 -0.1324940019 -0.9364960509 1.410820254 
0.2497 -0.9917612285 -0.5038227587 2.267180098 -0.1084254796 -0.9282122081 1.389625745 
0.2497 -1.000496977 -0.4915750189 2.272819562 -0.08382981123 -0.92036244 1.368210814 
0.3497 -0.9403158444 -0.5963399557 2.214627271 -0.07952327181 -0.8849185664 1.450082893 
0.3497 -0.9495570255 -0.5846605283 2.219270106 -0.05570970853 -0.8756469781 1.427380608 
0.3497 -0.9585844973 -0.5728742708 2.223886706 -0.03117398228 -0.8668141716 1.404293273 
0.3497 -0.9673038102 -0.5611103355 2.228418924 -0.006219166595 -0.8585207054 1.381099758 
0.3497 -0.9757406056 -0.5493144896 2.232882418 0.0192362821 -0.8507785842 1.357728992 
0.3497 -0.9840306204 -0.5373983036 2.237296652 0.04533321161 -0.8433701756 1.334007195 
0.3497 -0.9920612311 -0.5254316922 2.241631828 0.07190472541 -0.8365025413 1.310123205 
0.3497 -0.9999306075 -0.5133081299 2.245914742 0.09915100869 -0.8300619678 1.285881535 
0.4497 -0.9306107849 -0.6268057552 2.179527137 0.09114546497 -0.7789180065 1.377736165 
0.4497 -0.9386686646 -0.6155866078 2.182886703 0.1177931606 -0.7713046653 1.352047039 
0.4497 -0.9464870422 -0.6042990647 2.186200275 0.145025947 -0.7642091646 1.326085739 
0.4497 -0.9540791707 -0.5929323971 2.189460821 0.1728290113 -0.7576259494 1.299860186 
0.4497 -0.961500967 -0.5814082415 2.192679037 0.2013574186 -0.7515141224 1.273220989 
0.4497 -0.9686755497 -0.5698556722 2.19580703 0.2302533715 -0.74593982 1.246497241 
0.4497 -0.97565815 -0.5581998638 2.198853313 0.2596651124 -0.7408578947 1.219544972 
0.4497 -0.9824581599 -0.5464360432 2.201805746 0.2895707728 -0.7362603337 1.192379902 
0.4497 -0.9890838934 -0.5345613176 2.204650911 0.3199464801 -0.7321382932 1.165019512 
0.4497 -0.9955807297 -0.5225026981 2.207390068 0.3509521655 -0.7284615275 1.137317523 
0.4497 -1.001877399 -0.5104049985 2.209974725 0.3821906616 -0.7252630871 1.109624361 
0.5497 -0.9184942955 -0.6419604279 2.131855071 0.355754504 -0.6495334936 1.214428008 
0.5497 -0.9248045933 -0.6307944924 2.13401575 0.3877359939 -0.6454553944 1.184064159 
0.5497 -0.9309545585 -0.6194745002 2.136092309 0.4202816304 -0.6419184334 1.153413819 
0.5497 -0.93698712 -0.6079298636 2.138075881 0.453558279 -0.6388967079 1.122317273 
0.5497 -0.942836247 -0.5962998141 2.13992058 0.4871332975 -0.6364150048 1.091173918 
0.5497 -0.9485423094 -0.5845212157 2.141614752 0.5211634826 -0.6344409241 1.059831027 
0.5497 -0.9541075703 -0.572602573 2.143133233 0.5556059819 -0.6329599301 1.028322321 
0.5497 -0.9595325708 -0.5605557587 2.144449804 0.5904152008 -0.6319558355 0.9966830733 
0.5497 -0.9648474055 -0.5483227827 2.145543325 0.6257545025 -0.6314089938 0.9647592711 
0.5497 -0.9699861142 -0.5360675638 2.146373419 0.6611533964 -0.6313067106 0.9329676671 
0.5497 -0.9749766586 -0.5237385864 2.146920173 0.6967707363 -0.6316241015 0.9011546568 
0.5497 -0.9798136853 -0.5113592412 2.147156936 0.7325555422 -0.6323399906 0.8693554213 
0.5497 -0.9844907735 -0.498954917 2.147057912 0.7684571109 -0.6334325834 0.8376035657 
0.5497 -0.989146581 -0.4861629621 2.146714886 0.8050291915 -0.6351121769 0.8054143944 
0.5497 -0.9934129501 -0.4739665047 2.145800308 0.8407971728 -0.6367710566 0.7740365491 
0.5497 -0.997519026 -0.4617704676 2.144506759 0.8766142651 -0.6387792407 0.7427249603 
0.5497 -1.001468731 -0.4495665648 2.142824194 0.9124760216 -0.641144422 0.7114734072 
0.6497 -0.8968837644 -0.6079813923 2.060789015 0.8936652798 -0.5314949557 0.8000612568 
0.6497 -0.901344681 -0.5949252506 2.05990058 0.9349867277 -0.5349071735 0.7620630755 
0.6497 -0.905580236 -0.5819901105 2.058503551 0.9759815602 -0.5386751334 0.7245136759 
0.6497 -0.9095981835 -0.5691485174 2.056563233 1.016823002 -0.5427805586 0.6872356907 
0.6497 -0.9133798716 -0.5564488971 2.054053606 1.057446301 -0.5471880918 0.6502698143 
0.6497 -0.9169077102 -0.5439370092 2.050953407 1.097795098 -0.5518648987 0.6136481874 
0.6497 -0.9201840885 -0.5315826023 2.04722183 1.138060036 -0.5568110995 0.5771789015 
0.6497 -0.9231551324 -0.5195718471 2.042890657 1.177721709 -0.5619407321 0.5413127611 
0.6497 -0.9258279213 -0.5078655791 2.037930677 1.216988562 -0.5672586958 0.5058414734 
0.6497 -0.9281907526 -0.4964950956 2.032336337 1.255835359 -0.572744162 0.470769191 
0.6497 -0.9302334115 -0.4854879871 2.026104899 1.294243182 -0.5783791948 0.4360951981 
0.6497 -0.931956334 -0.47480594 2.019192958 1.332424639 -0.5841834927 0.4016106579 
0.6497 -0.9333314267 -0.4645970097 2.011684414 1.36991682 -0.5900751606 0.3677180874 
0.6497 -0.9343635316 -0.4548142136 2.003543234 1.406944357 -0.5960778856 0.3342005456 
0.6497 -0.9350472272 -0.4454726477 1.994773872 1.443506976 -0.6021832014 0.3010456214 
0.6497 -0.9353779314 -0.4365850249 1.985381741 1.479607622 -0.6083844156 0.268239519 
0.6497 -0.9353505141 -0.4281129601 1.975311185 1.515464086 -0.6147143241 0.2355740279 
0.6497 -0.9349619453 -0.4201661944 1.96468873 1.550657653 -0.6210937508 0.203422606 
0.6497 -0.9342102106 -0.4127002203 1.953463179 1.585413299 -0.6275574576 0.1715741757 
0.6497 -0.9330926716 -0.4057211095 1.941641571 1.619743019 -0.6341037719 0.1400129843 
0.6497 -0.9316068545 -0.3992339257 1.929230938 1.653660415 -0.6407318475 0.1087233382 
0.6497 -0.929738094 -0.393208583 1.916158645 1.68738009 -0.6474819533 0.07750462638 
0.6497 -0.9275061351 -0.3877205521 1.902587007 1.720517093 -0.6542741565 0.04671314179 
0.6497 -0.9248983044 -0.3827358423 1.888446273 1.753290961 -0.6611492931 0.01614730351 
0.6497 -0.9219116618 -0.3782576571 1.873742329 1.785720571 -0.6681086564 -0.01420761349 
0.6497 -0.9185428833 -0.3742892307 1.858480543 1.817826013 -0.6751538605 -0.04436607215 
0.6497 -0.9147645005 -0.3708148792 1.842569315 1.849818187 -0.6823297622 -0.07452129329 
0.6497 -0.9106170521 -0.3678798455 1.826202141 1.881338985 -0.6895530358 -0.1043284396 
0.6497 -0.9060740655 -0.3654663758 1.809289232 1.912603749 -0.6968683969 -0.1339815349 
0.6497 -0.9011295497 -0.3635797445 1.791832964 1.94363802 -0.704278257 -0.1634945869 
0.6497 -0.8957765264 -0.3622262499 1.773834723 1.974469004 -0.7117851494 -0.1928817202 
0.6497 -0.8899710536 -0.3614102299 1.755182133 2.005308886 -0.7194375676 -0.2223322996 
0.6497 -0.883772751 -0.3611505347 1.736096271 2.035821875 -0.7271471571 -0.2515105544 
0.6497 -0.8771373467 -0.3614515983 1.716465359 2.066225649 -0.7349619889 -0.280607419 
0.5497 -0.9780900371 -0.2095736768 1.777877553 1.986643655 -0.8220855585 -0.2605270255 
0.5497 -0.9722829601 -0.2095519484 1.759207824 2.012057312 -0.8292957837 -0.285702934 
0.5497 -0.9661250741 -0.2099375932 1.740001095 2.03746407 -0.8366680604 -0.3109551398 
0.5497 -0.9596838226 -0.2107306022 1.72048505 2.062581107 -0.8441162982 -0.3359891056 
0.5497 -0.9529167829 -0.2119377331 1.700544758 2.087580952 -0.8516857839 -0.3609617512 
0.5497 -0.9458162595 -0.2135659406 1.680177353 2.112485893 -0.8593783778 -0.3858798762 
0.5497 -0.93837345 -0.2156236478 1.659378863 2.137319853 -0.8671960544 -0.4107507639 
0.5497 -0.9305305399 -0.2181372672 1.638015616 2.16225696 -0.8751888754 -0.4357308584 
0.5497 -0.9223693609 -0.2210889976 1.616335347 2.187028389 -0.8832639398 -0.4605313505 
0.5497 -0.9138311907 -0.2245067916 1.594204124 2.211813044 -0.8914708344 -0.485310367 
0.5497 -0.9049010651 -0.2284075783 1.571612151 2.236644128 -0.8998121213 -0.5100781687 
0.4497 -0.9962425772 -0.07586938319 1.643061702 2.154030694 -0.9681344689 -0.4737624837 
0.4497 -0.9885899677 -0.07859155044 1.62173032 2.174919343 -0.9761700465 -0.4959506 
0.4497 -0.9807021174 -0.08163055717 1.60016579 2.195624894 -0.9842886693 -0.5179624569 
0.4497 -0.9725260574 -0.08500927149 1.578236026 2.2162914 -0.9925399124 -0.5399348643 
0.4497 -0.9640524872 -0.08873681918 1.55593369 2.23693976 -1.000926116 -0.5618728564 
0.4497 -0.9553478699 -0.09280450272 1.533126754 2.257674202 -1.009591552 -0.5839502723 
0.4497 -0.9461140204 -0.09731140956 1.510036035 2.278397885 -1.018166241 -0.6057992687 
0.4497 -0.9366773753 -0.102160617 1.486555975 2.29913495 -1.026974628 -0.6276694338 
0.4497 -0.9268923258 -0.1074146963 1.462659574 2.319956441 -1.035929856 -0.6495310461 
0.4497 -0.9167417409 -0.1130940972 1.438331408 2.340894363 -1.045035626 -0.6713924352 
0.3497 -1.001783422 0.04200574586 1.517708862 2.261812127 -1.100473367 -0.6285684802 
0.3497 -0.9931018002 0.03792318287 1.494897933 2.279220792 -1.109291468 -0.6484452116 
0.3497 -0.9842135368 0.03359424633 1.471888257 2.296517272 -1.118196736 -0.6681657847 
0.3497 -0.9750990883 0.02899846968 1.448439583 2.313866305 -1.127345655 -0.6879543371 
0.3497 -0.965624277 0.02408895401 1.424824706 2.3311568 -1.136439153 -0.7075098676 
0.3497 -0.9558782317 0.0187767605 1.400711264 2.348597481 -1.145713487 -0.7272376581 
0.3497 -0.9457675638 0.01315413231 1.376089114 2.366191503 -1.155214947 -0.7470159792 
0.3497 -0.9354680929 0.007491337723 1.351247205 2.383655178 -1.165022663 -0.7664886164 
0.3497 -0.9247802527 0.001287890643 1.32596245 2.401327032 -1.174845251 -0.7860751056 
0.3497 -0.9137355387 -0.005290727306 1.300237786 2.419151725 -1.184836658 -0.8056585907 
0.2497 -0.994828158 0.1530793885 1.387771101 2.343662159 -1.229579679 -0.7586329396 
0.2497 -0.9854054117 0.1484074094 1.363889025 2.358160381 -1.239179549 -0.7765772113 
0.2497 -0.9757508368 0.1433561765 1.339757924 2.372674545 -1.248750009 -0.7945354713 
0.2497 -0.9659077869 0.1383740495 1.31532062 2.387099693 -1.258692591 -0.8122649228 
0.2497 -0.9558078894 0.1331958397 1.290512398 2.401553005 -1.26882978 -0.8299511946 
0.2497 -0.9454073348 0.1277734197 1.265421201 2.416037444 -1.279041304 -0.8475311324 
0.2497 -0.9345813026 0.1218219923 1.239709245 2.430807286 -1.289336747 -0.8653779552 
0.2497 -0.9235815251 0.1157843114 1.213499876 2.445575247 -1.300078711 -0.883189429 
0.2497 -0.9122142431 0.1094428471 1.186993139 2.460434729 -1.310859965 -0.9008729302 
0.1497 -0.988713255 0.2683777376 1.28091956 2.392051458 -1.346377595 -0.8521027615 
0.1497 -0.9790601035 0.2639952315 1.256671217 2.403842034 -1.35655483 -0.8683288586 
0.1497 -0.9691192566 0.2594580944 1.231933173 2.415691345 -1.366964111 -0.884613248 
0.1497 -0.9589685518 0.2547834229 1.2071846 2.427446275 -1.377293021 -0.9006358354 
0.1497 -0.9486447115 0.2501503043 1.181810088 2.439175984 -1.388162341 -0.9167082252 
0.1497 -0.9379836365 0.2451200226 1.155905353 2.451037858 -1.399116549 -0.932974713 
0.1497 -0.9270616498 0.2400540248 1.12973218 2.462852761 -1.410239368 -0.9490087602 
0.1497 -0.9157715759 0.2348023009 1.102934903 2.474771048 -1.421654893 -0.9651096543 
0.1497 -0.9042274061 0.2294196497 1.075797749 2.486661432 -1.433242747 -0.9811094158 
0.0497 -0.9768825783 0.3874673053 1.176861888 2.425987099 -1.459644181 -0.9306603328 
0.0497 -0.967095983 0.3838938273 1.152356874 2.435231745 -1.470371008 -0.9454317856 
0.0497 -0.957096459 0.3802951299 1.127495345 2.44440667 -1.481290701 -0.9601649602 
0.0497 -0.9468102594 0.3766541004 1.1021012 2.453563859 -1.492483185 -0.9749508516 
0.0497 -0.9363465901 0.3730195864 1.076449915 2.462590906 -1.503829569 -0.9896169236 
0 -0.9642573508 0.4473892744 1.114077275 2.442073309 -1.52015835 -0.9719255916 
0 -0.9543544597 0.4444341712 1.089346446 2.449985204 -1.531229793 -0.9860754586 
0 -0.944240374 0.4415191421 1.0642375 2.45778051 -1.542515189 -1.000078553 
-0.0503 -0.970552446 0.5154386079 1.102324361 2.439886992 -1.557605579 -0.9819534829 
-0.0503 -0.9609765258 0.5131090855 1.078169192 2.446703354 -1.568567987 -0.9955421503 
-0.0503 -0.9512133736 0.5108677231 1.053664895 2.453368391 -1.579736631 -1.009001702 
-0.0503 -0.9412509761 0.5087312593 1.028784208 2.459866574 -1.591128351 -1.022428943 
-0.0503 -0.9310768426 0.5067182339 1.00349766 2.466180128 -1.602761404 -1.035828452 
-0.1503 -0.9879266565 0.652195598 1.103932092 2.431961403 -1.617423513 -0.9856786378 
-0.1503 -0.9791337542 0.6508022057 1.081327785 2.437103107 -1.62784426 -0.9981304258 
-0.1503 -0.9701109858 0.6496245005 1.05828462 2.442013099 -1.638625552 -1.010493246 
-0.1503 -0.9611276261 0.6484538057 1.035289002 2.44682832 -1.649211732 -1.022912516 
-0.1503 -0.9518984051 0.6475365756 1.011814194 2.45137512 -1.660186089 -1.035256747 
-0.1503 -0.9424495663 0.6468170678 0.9878610981 2.455706547 -1.671443272 -1.047638423 
-0.1503 -0.9328828727 0.6463315204 0.9636872002 2.459743065 -1.682868458 -1.059923883 
-0.1503 -0.9231306008 0.6461072929 0.9391195668 2.463478134 -1.694549854 -1.072189952 
-0.2503 -0.9748912905 0.7859357743 1.043558871 2.439608917 -1.701811007 -1.019715822 
-0.2503 -0.9665289428 0.785664684 1.021943095 2.442968891 -1.71193929 -1.03108844 
-0.2503 -0.9580038111 0.7856022759 0.9999570372 2.446118769 -1.722291135 -1.042488922 
-0.2503 -0.949410552 0.7857725113 0.9778443335 2.448997513 -1.732756992 -1.053791969 
-0.2503 -0.9406912112 0.7862009002 0.9554545666 2.451597357 -1.743413356 -1.065067984 
-0.2503 -0.9318372154 0.7869183036 0.932764588 2.453886304 -1.754277833 -1.076323385 
-0.2503 -0.9228384297 0.7879614593 0.9097473214 2.455825992 -1.765371098 -1.087602664 
-0.2503 -0.9136288295 0.7893817231 0.886231616 2.457380208 -1.776784831 -1.098930466 
-0.2503 -0.9043049123 0.7912131678 0.8624612773 2.458476164 -1.788410849 -1.110187571 
-0.2503 -0.8947970632 0.7935239683 0.8382550784 2.459058992 -1.800348813 -1.121452919 
-0.3503 -0.9443212973 0.9240000949 0.9534078064 2.448074261 -1.795893844 -1.064677827 
-0.3503 -0.9364206703 0.9250518523 0.9328179444 2.44965488 -1.805593929 -1.074988937 
-0.3503 -0.9283801509 0.9263968717 0.9118855506 2.450951117 -1.815510964 -1.085328365 
-0.3503 -0.9202885505 0.9280504117 0.8908409715 2.451914468 -1.825542448 -1.095582027 
-0.3503 -0.9120904429 0.930055752 0.8695387495 2.452515005 -1.8357647 -1.105818052 
-0.3503 -0.9037767307 0.9324553331 0.8479538977 2.452707159 -1.846198357 -1.116045761 
-0.3503 -0.8950761812 0.9357224155 0.8256905861 2.451904021 -1.857162384 -1.126318321 
-0.3503 -0.886705895 0.9386702912 0.8036792342 2.451630927 -1.867867594 -1.136612096 
-0.3503 -0.8779719823 0.9426003101 0.7810452532 2.450220252 -1.879101433 -1.14691659 
-0.3503 -0.869065608 0.9471973081 0.7579725482 2.44810296 -1.890675338 -1.157282325 
-0.4503 -0.9160588949 1.063532817 0.8837589769 2.454438191 -1.87315331 -1.096154658 
-0.4503 -0.909025179 1.065135684 0.8649412874 2.455210269 -1.881675744 -1.105501842 
-0.4503 -0.9018931487 1.067021711 0.8458582107 2.455716281 -1.890361778 -1.114889129 
-0.4503 -0.8947427201 1.069196021 0.82672305 2.455920495 -1.899120274 -1.12421138 
-0.4503 -0.887215007 1.072229449 0.8069388662 2.455210991 -1.908385898 -1.133587131 
-0.4503 -0.880235941 1.074573284 0.7878907462 2.455291123 -1.917067237 -1.142856745 
-0.4503 -0.8729886264 1.077852581 0.7684208523 2.454518806 -1.926177156 -1.151951663 
-0.4503 -0.865359779 1.081626311 0.7480493376 2.452960885 -1.935766849 -1.161526072 
-0.4503 -0.8577967673 1.08590214 0.7277852997 2.451010486 -1.945410504 -1.170871694 
-0.4503 -0.8502635827 1.090715681 0.7075187782 2.448641314 -1.955155997 -1.180049176 
-0.4503 -0.8423063598 1.096359574 0.6862616283 2.445102463 -1.965507048 -1.189728167 
