-0.5503 -0.899286423 1.19217586 0.8572623047 2.469416943 -1.919065082 -1.107249078 
-0.5503 -0.9047441413 1.192336894 0.8731923896 2.467005632 -1.912994652 -1.098662566 
-0.5503 -0.9101952936 1.192585565 0.8890832784 2.464537247 -1.906968731 -1.090033418 
-0.5503 -0.915636066 1.19238357 0.9044026235 2.462715452 -1.90111018 -1.081868008 
-0.5503 -0.9211314392 1.192740129 0.9203216172 2.46018191 -1.895126356 -1.073131501 
-0.5503 -0.926589163 1.193227042 0.9361705807 2.45753715 -1.889206173 -1.064350634 
-0.4503 -0.8938655827 1.071012248 0.8256701031 2.453996951 -1.900755731 -1.124105635 
-0.4503 -0.9007677701 1.069302301 0.8445369623 2.453302371 -1.892454184 -1.114729421 
-0.4503 -0.9072408962 1.068441691 0.8627100127 2.451703437 -1.88471338 -1.105387722 
-0.4503 -0.9141825722 1.067006733 0.881511983 2.450757599 -1.876431215 -1.095846658 
-0.4503 -0.9209130557 1.066061736 0.8999369869 2.449351809 -1.868593166 -1.086470126 
-0.4503 -0.9267665717 1.065913386 0.916484354 2.447228524 -1.861733542 -1.077585592 
-0.4503 -0.9334974246 1.065220217 0.9348192964 2.445592976 -1.853930045 -1.068112722 
-0.4503 -0.9398959305 1.06510646 0.9526428931 2.443340874 -1.846536918 -1.058563194 
-0.4503 -0.9462233166 1.065189527 0.9703293941 2.44090212 -1.839263863 -1.048973487 
-0.4503 -0.9524824591 1.065454688 0.987886936 2.438291892 -1.832104051 -1.039341658 
-0.3503 -0.9148616242 0.9363891131 0.8827848212 2.443213203 -1.835058185 -1.095958976 
-0.3503 -0.9224179816 0.9353481046 0.9031737925 2.441622496 -1.825949565 -1.085635447 
-0.3503 -0.9293592893 0.9346713796 0.9219789164 2.43982721 -1.817640928 -1.075976488 
-0.3503 -0.9364233851 0.9345411546 0.9414925877 2.43725894 -1.809201363 -1.065597487 
-0.3503 -0.9438867087 0.9340506099 0.9615598223 2.435149409 -1.800414984 -1.055209141 
-0.3503 -0.9510913759 0.9339844656 0.9811933513 2.432545593 -1.7918573 -1.044682926 
-0.3503 -0.9579838679 0.9343974739 1.000291448 2.429494955 -1.783889026 -1.034309972 
-0.3503 -0.9648833884 0.9348818845 1.019372502 2.426355186 -1.77586186 -1.02380305 
-0.3503 -0.971689082 0.9355508017 1.038278891 2.42303038 -1.767980018 -1.013254675 
-0.3503 -0.9784045995 0.93638953 1.057020582 2.419535401 -1.760235772 -1.002662893 
-0.2503 -0.9362846675 0.8011188181 0.956896374 2.433197926 -1.754976086 -1.056391878 
-0.2503 -0.9441679211 0.8014451321 0.9781751382 2.429829682 -1.745714583 -1.0450655 
-0.2503 -0.9519087102 0.802011049 0.9991742932 2.426205575 -1.736668496 -1.03371135 
-0.2503 -0.9592024836 0.8030818126 1.019420713 2.421994504 -1.728116214 -1.022335541 
-0.2503 -0.9669904165 0.8037690158 1.040407628 2.418285296 -1.719168382 -1.010904244 
-0.2503 -0.9743433104 0.8049220197 1.060673728 2.414028915 -1.710691142 -0.9994451039 
-0.2503 -0.9815778926 0.8062356221 1.080724634 2.409597269 -1.702382444 -0.9879455969 
-0.2503 -0.9882275092 0.8075940522 1.099255407 2.405315345 -1.694772067 -0.9771745375 
-0.2503 -0.9952460847 0.8091794788 1.118923726 2.400583119 -1.686765454 -0.965591597 
-0.2503 -1.002158746 0.8108883811 1.138409352 2.395712099 -1.678904429 -0.9539632589 
-0.1503 -0.9570373254 0.6713022493 1.04594901 2.416255867 -1.664722955 -1.003213182 
-0.1503 -0.9649939195 0.6730866384 1.067609944 2.410801625 -1.655739901 -0.990810957 
-0.1503 -0.9727979683 0.6750077061 1.088996115 2.40517941 -1.646956907 -0.9783738012 
-0.1503 -0.9801412543 0.6772569031 1.109616829 2.39912801 -1.638621432 -0.9660052716 
-0.1503 -0.9879737893 0.6792043611 1.131007556 2.393485502 -1.629949594 -0.9533854571 
-0.1503 -0.994699367 0.6814036983 1.150025297 2.387693773 -1.622363834 -0.9417259421 
-0.1503 -1.002129866 0.6836236146 1.170707422 2.381728814 -1.614154205 -0.9290993961 
-0.0503 -0.9502879114 0.540443227 1.077487766 2.41057446 -1.595375198 -0.9769190734 
-0.0503 -0.9586565062 0.5432296747 1.100072709 2.403357539 -1.586316716 -0.9634675856 
-0.0503 -0.9668426105 0.5460873482 1.122344582 2.396019083 -1.57747053 -0.9499849704 
-0.0503 -0.974854163 0.5490061875 1.144321559 2.388568526 -1.568825929 -0.9364690062 
-0.0503 -0.9826983626 0.5519774368 1.166019996 2.381013867 -1.560373367 -0.9229177984 
-0.0503 -0.9898744105 0.5547911155 1.186033614 2.373874939 -1.55265002 -0.9102367739 
0 -0.9654792826 0.4832054853 1.150253629 2.387413222 -1.536816025 -0.9268258723 
0 -0.9738084678 0.486538841 1.172908577 2.379011859 -1.528161884 -0.9125875247 
0 -0.9814484128 0.490207133 1.194366787 2.370286034 -1.520130918 -0.8984761247 
0.0497 -0.9560523141 0.4181985655 1.159799685 2.386213495 -1.502781744 -0.914280471 
0.0497 -0.9643699459 0.422047956 1.182414685 2.376817133 -1.49427781 -0.8996449186 
0.0497 -0.9724909463 0.4258772648 1.204721024 2.367366963 -1.485972047 -0.8849806669 
0.0497 -0.9804232579 0.4296836598 1.22673452 2.357864552 -1.47785641 -0.870286144 
0.0497 -0.9876629013 0.4332134549 1.2470289 2.348949478 -1.470446973 -0.8565427389 
0.1497 -0.921844863 0.2812352883 1.153250451 2.398859681 -1.440260521 -0.9029576147 
0.1497 -0.9309352481 0.2862207001 1.1770456 2.387250256 -1.431627044 -0.887130166 
0.1497 -0.9395851889 0.2913205614 1.200126519 2.37552084 -1.423456715 -0.8712614654 
0.1497 -0.9483707456 0.2958635011 1.223529625 2.364073706 -1.41500222 -0.8554316605 
0.1497 -0.9567437951 0.3004689528 1.246536847 2.352463902 -1.406714742 -0.8393940216 
0.1497 -0.9649562519 0.3050445769 1.268809844 2.340901327 -1.399016634 -0.8236234608 
0.1497 -0.9722998349 0.3092637974 1.289302702 2.330111623 -1.392052315 -0.8088059333 
0.1497 -0.9800463487 0.3136412478 1.311132388 2.31852401 -1.384591943 -0.7928678552 
0.1497 -0.9876241678 0.3181244619 1.332709108 2.306860237 -1.377451492 -0.7767715448 
0.2497 -0.9171055038 0.1644157317 1.243522746 2.364463587 -1.338892864 -0.8209237268 
0.2497 -0.925969838 0.1700092032 1.266866515 2.350467889 -1.331079739 -0.8037287855 
0.2497 -0.9345651 0.1754029843 1.289844973 2.336545638 -1.323461391 -0.7865344656 
0.2497 -0.9429034552 0.1806065253 1.312475568 2.322684648 -1.316031283 -0.7693382831 
0.2497 -0.950995893 0.1856280683 1.33477406 2.308873814 -1.308783423 -0.7521380799 
0.2497 -0.958159048 0.1902907981 1.354984147 2.295965245 -1.302364504 -0.7361039479 
0.2497 -0.9659894099 0.1949086025 1.376998884 2.2822574 -1.295317376 -0.7188282856 
0.2497 -0.9734072186 0.1993854908 1.398397255 2.268554299 -1.288535073 -0.7016363105 
0.2497 -0.9806520732 0.2039969429 1.419525446 2.254778306 -1.282156128 -0.6842618682 
0.2497 -0.9876683293 0.2082922279 1.440369707 2.241062572 -1.275806835 -0.6669749152 
0.3497 -0.9131910195 0.05516157289 1.357445149 2.303655527 -1.227825882 -0.707253276 
0.3497 -0.9214562692 0.06073978761 1.379806642 2.287308811 -1.221130125 -0.6885210949 
0.3497 -0.9289033898 0.06562188967 1.400358981 2.272172815 -1.214961553 -0.6711038772 
0.3497 -0.9365887922 0.07074659375 1.422187241 2.255928662 -1.208510195 -0.6522258292 
0.3497 -0.944147007 0.07570100194 1.443425836 2.239855688 -1.202529115 -0.633642213 
0.3497 -0.951407815 0.08033471386 1.464665316 2.223704307 -1.19635056 -0.6148042851 
0.3497 -0.9583301296 0.08478878674 1.485331928 2.207743965 -1.190595601 -0.5961349917 
0.3497 -0.9650875123 0.08902854039 1.505804338 2.191755454 -1.184914839 -0.5774228419 
0.3497 -0.9716316739 0.09307458813 1.525971755 2.175798818 -1.179417664 -0.5587346553 
0.3497 -0.9776238661 0.0967013865 1.544421319 2.160990365 -1.174564356 -0.5414599174 
0.4497 -0.8978281215 -0.05573536128 1.467273042 2.22863094 -1.116237438 -0.5769876102 
0.4497 -0.9053580007 -0.05071050702 1.488465153 2.209828315 -1.110652401 -0.5565982082 
0.4497 -0.9125196775 -0.04599606049 1.509414631 2.191063173 -1.105117053 -0.5360823196 
0.4497 -0.919480407 -0.04174929854 1.529878812 2.17253201 -1.099728497 -0.5159151219 
0.4497 -0.9262555739 -0.03734180499 1.549969756 2.153984398 -1.094930385 -0.4956215776 
0.4497 -0.9326762648 -0.03341969571 1.569829555 2.135495617 -1.09000802 -0.4753241636 
0.4497 -0.9388557444 -0.02974476382 1.589360904 2.117062858 -1.085266479 -0.4550712466 
0.4497 -0.9443194514 -0.02655374226 1.607400334 2.099819457 -1.080884757 -0.4360327552 
0.4497 -0.9500484831 -0.0233360382 1.626320637 2.081460175 -1.076483354 -0.4158539714 
0.4497 -0.9555537194 -0.02034490327 1.644938331 2.063124858 -1.072251376 -0.3957098724 
0.5497 -0.8685307459 -0.1724612345 1.57368498 2.135630116 -1.001616376 -0.4245018009 
0.5497 -0.8751531071 -0.1685048401 1.593370813 2.114125958 -0.9972194041 -0.4022824848 
0.5497 -0.8814741306 -0.1648736135 1.612686301 2.092735976 -0.99299418 -0.3801307053 
0.5497 -0.8875034646 -0.1615548656 1.631641582 2.071442688 -0.9889377986 -0.3580409952 
0.5497 -0.8927652869 -0.1587552587 1.649101272 2.051551968 -0.9851881718 -0.337284657 
0.5497 -0.8982059535 -0.156022112 1.667415625 2.030361971 -0.9814078065 -0.3152207535 
0.5497 -0.9033761293 -0.1535726524 1.685391019 2.009224747 -0.977791704 -0.2932052148 
0.5497 -0.9082829982 -0.151398573 1.703033361 1.988129166 -0.9743388994 -0.2712362647 
0.5497 -0.9129330895 -0.1494924025 1.720348 1.967065175 -0.9710485044 -0.2493124578 
0.5497 -0.917332343 -0.1478474084 1.737339789 1.946023694 -0.9679196998 -0.22743264 
0.5497 -0.9214861677 -0.1464575114 1.754013135 1.924996525 -0.9649517313 -0.2055959167 
0.5497 -0.9253994919 -0.1453172123 1.770372051 1.903976273 -0.9621439023 -0.1838016229 
0.5497 -0.928838912 -0.1444737211 1.78535992 1.884357727 -0.9596671751 -0.1634981522 
0.5497 -0.9322996574 -0.143802246 1.801121034 1.863332562 -0.9571671674 -0.1417847348 
0.5497 -0.9355319887 -0.1433669957 1.816577587 1.842296649 -0.9548255458 -0.1201128773 
0.5497 -0.9385393326 -0.1431641863 1.831732407 1.821245167 -0.9526417962 -0.09848257969 
0.5497 -0.9413248131 -0.1431903554 1.846588098 1.800173834 -0.9506154425 -0.0768939626 
0.5497 -0.9438912754 -0.1434423275 1.861147068 1.77907887 -0.9487460414 -0.05534724805 
0.5497 -0.9462413095 -0.1439171803 1.87541155 1.757956962 -0.9470331803 -0.03384274404 
0.5497 -0.9482414895 -0.1445590801 1.888461208 1.738216333 -0.9455754051 -0.01381029211 
0.5497 -0.950179583 -0.145457356 1.902162121 1.71703456 -0.9441641243 0.007611473921 
0.5497 -0.9519075582 -0.1465711322 1.91557428 1.695818576 -0.9429083327 0.02898975975 
0.5497 -0.9534271807 -0.1478982193 1.92869942 1.674566662 -0.9418077213 0.05032404868 
0.5497 -0.9547400453 -0.1494365599 1.941539188 1.653277453 -0.9408620044 0.07161380208 
0.5497 -0.955847588 -0.1511842083 1.954095161 1.631949918 -0.9400709201 0.09285846628 
0.5497 -0.9567510968 -0.1531393142 1.966368854 1.61058335 -0.9394342295 0.1140574845 
0.5497 -0.957451723 -0.1553001061 1.978361732 1.58917735 -0.938951719 0.1352103045 
0.5497 -0.9579235006 -0.1575009138 1.989302988 1.569162744 -0.9386403126 0.1549107789 
0.5497 -0.9582346869 -0.1600545711 2.000756981 1.547680467 -0.9384553701 0.1759727693 
0.5497 -0.9583456662 -0.162809041 2.011934272 1.526159257 -0.9384241297 0.1969870403 
0.5497 -0.9582571381 -0.1657627302 2.022836228 1.504599824 -0.9385464854 0.2179531292 
0.5497 -0.9579697059 -0.1689140614 2.033464211 1.483003142 -0.9388223647 0.2388706095 
0.5497 -0.9574838822 -0.1722614624 2.043819584 1.461370439 -0.9392517302 0.2597390975 
0.5497 -0.9568000965 -0.1758033565 2.053903719 1.439703194 -0.9398345837 0.2805582542 
0.5497 -0.9559835999 -0.1792831982 2.063072084 1.419450789 -0.9405170979 0.2999447039 
0.5497 -0.9549180132 -0.1831965846 2.072635773 1.397721877 -0.9413968582 0.3206677129 
0.5497 -0.9536552844 -0.18729973 2.081932352 1.375964179 -0.9424303674 0.3413406904 
0.5497 -0.952195558 -0.1915909572 2.090963278 1.354180129 -0.9436178145 0.3619635035 
0.5497 -0.9505389173 -0.1960685437 2.099730048 1.332372403 -0.9449594467 0.3825360748 
0.5497 -0.9486853856 -0.200730717 2.108234192 1.310543912 -0.946455573 0.4030583822 
0.5497 -0.946634931 -0.2055756477 2.116477288 1.288697806 -0.9481065688 0.42353046 
0.5497 -0.9443874681 -0.2106014437 2.124460957 1.266837473 -0.9499128813 0.4439523956 
0.5497 -0.9421147823 -0.2154377843 2.131675109 1.246461852 -0.9517492487 0.4629415751 
0.5497 -0.9394843949 -0.2208172211 2.13916504 1.22456202 -0.9538512291 0.4832829422 
0.5497 -0.9366568683 -0.2263682531 2.146399258 1.202667274 -0.9561127291 0.503569037 
0.5497 -0.9336327168 -0.2320857491 2.153379295 1.180788466 -0.958535802 0.523795578 
0.5497 -0.9304104159 -0.2379737182 2.160108728 1.158915677 -0.9611175871 0.5439731354 
0.5497 -0.9269895954 -0.2440298181 2.166589532 1.137053734 -0.9638590427 0.5641020722 
0.5497 -0.92336984 -0.2502516229 2.172823752 1.115207717 -0.9667612266 0.5841827863 
0.5497 -0.9198114258 -0.2562062482 2.178421786 1.094836467 -0.96961583 0.60288215 
0.5497 -0.9158125187 -0.2627172725 2.184183258 1.073089073 -0.972841827 0.6228338444 
0.5497 -0.9116079487 -0.2694061104 2.189706915 1.051330317 -0.9762235629 0.6427693716 
0.5497 -0.9071986231 -0.2762626903 2.19499346 1.029583024 -0.9797666278 0.6626774753 
0.5497 -0.9025860562 -0.2832759936 2.200044351 1.007871659 -0.983476236 0.682545914 
0.5497 -0.8977724229 -0.2904340483 2.204861837 0.9862223035 -0.9873571334 0.7023614166 
0.5497 -0.8927580331 -0.2977313414 2.209448854 0.9646469411 -0.9914114494 0.7221208028 
0.5497 -0.8875396619 -0.3051722811 2.213808238 0.943136696 -0.9956386674 0.7418359117 
0.5497 -0.8824843626 -0.3122440417 2.217674047 0.9231256671 -0.9997418464 0.7601972134 
0.5497 -0.8768690475 -0.3199539192 2.221601212 0.9017622719 -1.004309159 0.77982827 
0.5497 -0.8710469497 -0.3277982794 2.225309041 0.8804861349 -1.009055587 0.7994166572 
0.5497 -0.8650169708 -0.3357739282 2.228800521 0.859305269 -1.013983446 0.8189629279 
0.5497 -0.8587779332 -0.3438776517 2.232078715 0.8382279147 -1.019095142 0.8384676366 
0.5497 -0.8523285748 -0.3521062273 2.235146763 0.8172625335 -1.024393164 0.8579313421 
0.5497 -0.8456675421 -0.3604564348 2.238007876 0.7964178015 -1.029880085 0.8773546103 
0.5497 -0.8392583263 -0.3683568715 2.240494441 0.7770794044 -1.035173971 0.8954470179 
0.5497 -0.8321838656 -0.3769331646 2.242964845 0.7564932916 -1.041033648 0.9147937531 
0.5497 -0.8248931974 -0.3856217697 2.245238126 0.7360544416 -1.047090152 0.9341017874 
0.5497 -0.817384566 -0.3944195928 2.247317751 0.7157722974 -1.053346291 0.9533717584 
0.5497 -0.8096561003 -0.4033236047 2.249207243 0.6956564747 -1.059804908 0.9726043392 
0.5497 -0.8017058095 -0.4123308503 2.250910175 0.6757167567 -1.066468877 0.9918002453 
0.5497 -0.793531577 -0.4214384655 2.252430168 0.6559630807 -1.073341086 1.010960249 
0.5497 -0.7851311572 -0.4306436858 2.253770886 0.636405535 -1.080424431 1.030085187 
0.5497 -0.7770845967 -0.4393209457 2.254863744 0.6183377995 -1.087228594 1.047904298 
0.5497 -0.7682400107 -0.448707462 2.255868399 0.5991885591 -1.094728316 1.066964116 
0.5497 -0.7591618598 -0.4581841712 2.256704743 0.5802658246 -1.102447595 1.085991825 
0.5497 -0.7500295098 -0.467763513 2.257403199 0.5615603638 -1.110295827 1.10486937 
0.5497 -0.7402935298 -0.4773993054 2.257887724 0.5431424052 -1.118556014 1.123955948 
0.5497 -0.7304973076 -0.4871336973 2.258242043 0.5249632766 -1.126950612 1.142895238 
0.5497 -0.7204554292 -0.4969502323 2.258443409 0.5070537622 -1.13557566 1.161808205 
0.5497 -0.7110182755 -0.5062032312 2.258518552 0.4905591985 -1.143748261 1.179343005 
0.4497 -0.7691355183 -0.3927906632 2.31496214 0.4699491509 -1.22542736 1.109966321 
0.4497 -0.7587224554 -0.4036601421 2.314117293 0.4518089647 -1.233928514 1.127295298 
0.4497 -0.7480795049 -0.4146072696 2.31310621 0.4339236371 -1.242642368 1.144612214 
0.4497 -0.7372151888 -0.4256302642 2.311934629 0.4163030479 -1.251565183 1.161912852 
0.4497 -0.7261386437 -0.4367279427 2.310608359 0.3989560755 -1.260692408 1.179193302 
0.4497 -0.7151514446 -0.447938056 2.309176091 0.381813076 -1.26983549 1.196308978 
0.4497 -0.7033466759 -0.4591399654 2.307509194 0.3651250978 -1.27956436 1.213699533 
0.4497 -0.6923915224 -0.4696912775 2.305863308 0.34975778 -1.288671333 1.229792702 
0.4497 -0.680425389 -0.4810591879 2.303964408 0.3336050064 -1.298643377 1.247031304 
0.4497 -0.6682202243 -0.4924907367 2.301929696 0.3177870671 -1.308839283 1.264268138 
0.3497 -0.713832013 -0.3897931742 2.3496674 0.287888136 -1.37865672 1.190688345 
0.3497 -0.7018077294 -0.4021843442 2.346550152 0.2711303524 -1.38817015 1.2063821 
0.3497 -0.6895886744 -0.414618897 2.343287609 0.254691766 -1.397876614 1.222074 
0.3497 -0.6771736335 -0.4270944263 2.339884573 0.2385841108 -1.407777992 1.23776562 
0.3497 -0.665408251 -0.4387734003 2.336585919 0.223859146 -1.417196657 1.252412448 
0.3497 -0.6528991255 -0.4513688563 2.332969772 0.2083151848 -1.427280243 1.268010918 
0.3497 -0.6396121325 -0.4639077694 2.329137906 0.1933541756 -1.437962069 1.283810741 
0.3497 -0.6264118129 -0.4765278385 2.325229544 0.1786604013 -1.448645269 1.299520865 
0.3497 -0.6130074897 -0.4891821722 2.321204918 0.1643542925 -1.459530282 1.315242009 
0.3497 -0.599397099 -0.5018704839 2.317069076 0.1504472043 -1.470618016 1.330977372 
0.2497 -0.6372197275 -0.4074481913 2.354980473 0.1081630049 -1.526556454 1.248803624 
0.2497 -0.6254416204 -0.4200321504 2.350084921 0.09387358345 -1.535585471 1.261940417 
0.2497 -0.6122757901 -0.4334502829 2.344656807 0.07908761781 -1.545710008 1.276120289 
0.2497 -0.598864508 -0.4469238216 2.339077506 0.06464350927 -1.556115172 1.290380263 
0.2497 -0.5854964067 -0.4602743822 2.333478826 0.05070692841 -1.566465454 1.3044969 
0.2497 -0.572298325 -0.4736996223 2.327827905 0.03700233097 -1.576761225 1.318570261 
0.2497 -0.5583222874 -0.4871222242 2.321941674 0.02387546813 -1.587750541 1.332867025 
0.2497 -0.5445092058 -0.500545839 2.316037923 0.01109238834 -1.598645789 1.347074025 
0.2497 -0.5305430007 -0.5139714986 2.31005087 -0.001257517129 -1.609709948 1.361300082 
0.2497 -0.5176470603 -0.5265585314 2.304439027 -0.01252775375 -1.619993747 1.374545849 
0.1497 -0.5535335122 -0.4366919973 2.332476203 -0.06958082752 -1.656795977 1.280787949 
0.1497 -0.5407042802 -0.450451015 2.325269011 -0.08306034775 -1.666235195 1.293408879 
0.1497 -0.5277766734 -0.4641655769 2.317982535 -0.09612748815 -1.675811806 1.306031796 
0.1497 -0.5146908634 -0.4778455114 2.310611973 -0.1087517172 -1.685625451 1.318677906 
0.1497 -0.5016648957 -0.4914794064 2.303198671 -0.1210257216 -1.695346228 1.331284742 
0.1497 -0.4887012956 -0.5051148215 2.295757603 -0.1329527976 -1.705150494 1.343889268 
0.1497 -0.4760882568 -0.5179969544 2.288596366 -0.1436303998 -1.714667661 1.35590952 
0.1497 -0.4628705551 -0.5315563249 2.281032586 -0.1546973394 -1.72478099 1.368618144 
0.1497 -0.4495487416 -0.5450621333 2.27343064 -0.1653013252 -1.735029914 1.381153237 
0.0497 -0.4884889151 -0.4546795244 2.294125229 -0.2361797366 -1.747888271 1.276634399 
0.0497 -0.4771127971 -0.4680151403 2.285545715 -0.2485728792 -1.755705551 1.287686054 
0.0497 -0.4657062828 -0.481268664 2.276920803 -0.2605891529 -1.763611774 1.298716704 
0.0497 -0.4542772692 -0.4944482618 2.268253751 -0.2722372381 -1.771596244 1.309728431 
0.0497 -0.4428229258 -0.5075542168 2.259553148 -0.2835062246 -1.77966988 1.320719125 
0.0497 -0.4317296114 -0.5199509457 2.251220097 -0.2936344228 -1.787502023 1.331203298 
0.0497 -0.420194887 -0.5330363653 2.242416326 -0.304213296 -1.795742013 1.342252768 
0.0497 -0.4086101959 -0.546072194 2.233578403 -0.3144116601 -1.804077992 1.353296042 
0 -0.4267243042 -0.505635607 2.237147147 -0.3609785642 -1.801762188 1.302971302 
0 -0.4163371893 -0.5183008243 2.227892693 -0.3718131565 -1.808729186 1.313311902 
0 -0.4059335165 -0.5308969138 2.218610462 -0.3823069801 -1.81576718 1.323632246 
0 -0.3955125786 -0.543429458 2.209303405 -0.3924618137 -1.822875186 1.333933228 
0 -0.385547372 -0.5550414498 2.200541911 -0.4015246321 -1.829711908 1.343517348 
-0.0503 -0.4078713279 -0.5115607344 2.203563156 -0.451387278 -1.818003133 1.291106834 
-0.0503 -0.3989983095 -0.5232019849 2.19409034 -0.4619223632 -1.823510681 1.300500979 
-0.0503 -0.3897732636 -0.5353957597 2.184256958 -0.4722387352 -1.829314117 1.310451019 
-0.0503 -0.3807715479 -0.5472256882 2.174556921 -0.4822908221 -1.834992081 1.320102678 
-0.0503 -0.3717697891 -0.5589611933 2.164872331 -0.4920033886 -1.840745856 1.329702611 
-0.0503 -0.3627667354 -0.5706122938 2.155199708 -0.5013889902 -1.846567007 1.339255249 
-0.0503 -0.3537597959 -0.5821882612 2.145535899 -0.5104579698 -1.852449715 1.348764581 
-0.1503 -0.4174203841 -0.4758719309 2.162903257 -0.6035860638 -1.798325521 1.236940497 
-0.1503 -0.4113551718 -0.4862672436 2.152901995 -0.6147376295 -1.800866784 1.245919064 
-0.1503 -0.4053306158 -0.4965390955 2.142894043 -0.6256719606 -1.803421176 1.25485437 
-0.1503 -0.3993424104 -0.5066905215 2.132879555 -0.6363920252 -1.805988864 1.263744763 
-0.1503 -0.393386416 -0.5167245335 2.122858724 -0.646900671 -1.808569903 1.272588656 
-0.1503 -0.3874586602 -0.5266441195 2.112831781 -0.6572006342 -1.811164233 1.281384525 
-0.1503 -0.381588845 -0.5365211899 2.102780937 -0.6673272143 -1.813766272 1.29020184 
-0.1503 -0.37623272 -0.5455238712 2.093478412 -0.6766061391 -1.816123429 1.298285636 
-0.1503 -0.3705020972 -0.5551365373 2.083473677 -0.6863706612 -1.818681279 1.306963372 
-0.1503 -0.3648227358 -0.564648888 2.073474156 -0.6959549094 -1.82123199 1.315596846 
-0.1503 -0.3589873949 -0.5743609532 2.063294768 -0.7053405856 -1.823968729 1.324441798 
-0.1503 -0.3534619782 -0.5836005753 2.053359375 -0.7145780085 -1.826452251 1.332915003 
-0.1503 -0.3480063731 -0.5927251736 2.04344636 -0.7236544411 -1.828904208 1.341324885 
-0.1503 -0.3426198934 -0.6017393109 2.033555239 -0.732575269 -1.831323162 1.349673611 
-0.1503 -0.3373017011 -0.6106474748 2.023685472 -0.7413455995 -1.833707948 1.357963376 
-0.1503 -0.3321641485 -0.6191725943 2.014305869 -0.7493414795 -1.836131387 1.365897684 
-0.1503 -0.3270624418 -0.6281481298 2.00440496 -0.7579155146 -1.838493928 1.374341389 
-0.1503 -0.3214648531 -0.6369790598 1.994381309 -0.7660639886 -1.841111893 1.382578841 
-0.1503 -0.3162191026 -0.6457251007 1.984463557 -0.7742131982 -1.843542579 1.390818398 
-0.1503 -0.3110425177 -0.6543710289 1.974575197 -0.7822278968 -1.845931248 1.398993055 
-0.1503 -0.3059348923 -0.6629202406 1.964715964 -0.7901129562 -1.848276422 1.407104659 
-0.1503 -0.3008959144 -0.6713760485 1.954885558 -0.7978730348 -1.850576823 1.415155052 
-0.1503 -0.2959598727 -0.6795245091 1.945537618 -0.8048880283 -1.852979093 1.422867966 
-0.1503 -0.2910447678 -0.6878128144 1.935761496 -0.8124100768 -1.855198526 1.430804186 
-0.1503 -0.2864293222 -0.6960256352 1.926071948 -0.8199452765 -1.857256723 1.438744516 
-0.1503 -0.2814143767 -0.7041412397 1.91629201 -0.8271197401 -1.859495253 1.4465111 
-0.1503 -0.2767533498 -0.7123603369 1.906555308 -0.8343569927 -1.861626756 1.454456959 
-0.1503 -0.2717432095 -0.7204841272 1.896748627 -0.8412588731 -1.863907237 1.462232751 
-0.1503 -0.2670122965 -0.7285314319 1.887027754 -0.8481760109 -1.866032118 1.470003227 
-0.1503 -0.2623513087 -0.7364987721 1.877340603 -0.8549971174 -1.868101206 1.477715412 
-0.1503 -0.2576947575 -0.744251646 1.868121811 -0.8610804375 -1.870359104 1.485113636 
-0.1503 -0.2531600249 -0.7520760299 1.858499146 -0.8677165861 -1.872326843 1.492715959 
-0.1503 -0.248694916 -0.7598264206 1.848909716 -0.8742678458 -1.874235967 1.500264181 
-0.1503 -0.2446070816 -0.7675018566 1.839424365 -0.8809184796 -1.875944113 1.507841742 
-0.1503 -0.2401455957 -0.775109688 1.829869203 -0.887232162 -1.877796307 1.515249897 
-0.1503 -0.2357158554 -0.7826508448 1.820338974 -0.8934477626 -1.879603826 1.522597757 
-0.1503 -0.2316384896 -0.7901697593 1.810891452 -0.8997598338 -1.881250894 1.530016214 
-0.1503 -0.2272748281 -0.7976003051 1.801846267 -0.9051928126 -1.883330787 1.537180592 
-0.1503 -0.2233337607 -0.8049581635 1.792473441 -0.9113796043 -1.884793678 1.544411175 
-0.1503 -0.2189950948 -0.8122972397 1.783027427 -0.9172107995 -1.886463344 1.551555339 
-0.1503 -0.2150317657 -0.8195565808 1.773682268 -0.9231701352 -1.887929074 1.558732206 
-0.1503 -0.2111426988 -0.8267480299 1.764372421 -0.9290767742 -1.88932418 1.565861466 
-0.1503 -0.2076755655 -0.833849449 1.755169298 -0.9351533693 -1.890495696 1.573037989 
-0.1503 -0.2038698847 -0.8409080271 1.74591547 -0.9409245648 -1.891775544 1.580056698 
-0.1503 -0.200110929 -0.8479021995 1.736691456 -0.946634375 -1.892993355 1.587022472 
-0.1503 -0.1960378826 -0.8549044335 1.727881387 -0.9514720413 -1.894658117 1.593695767 
-0.1503 -0.1925941265 -0.8617607317 1.718764758 -0.9572036587 -1.895700251 1.600665896 
-0.1503 -0.1893397141 -0.8684790269 1.70971277 -0.9629972533 -1.896496697 1.607486121 
-0.1503 -0.1860552871 -0.8751799022 1.700666693 -0.9686818865 -1.897329333 1.614315234 
-0.1503 -0.1828157525 -0.8818233397 1.691646769 -0.9743188234 -1.89810216 1.621101333 
-0.1503 -0.1789532276 -0.88905867 1.682418488 -0.979386769 -1.899501695 1.628095269 
-0.1503 -0.1757327673 -0.8956599692 1.673432552 -0.9848721099 -1.900226965 1.634816506 
-0.1503 -0.1729368499 -0.9015912313 1.665129002 -0.9900963358 -1.900638899 1.64095544 
-0.1503 -0.1698531582 -0.9080367753 1.656212005 -0.9955425511 -1.901201511 1.647589555 
-0.1503 -0.1671158253 -0.9141690323 1.647181466 -1.001127241 -1.901292962 1.654314179 
-0.1503 -0.1638462981 -0.9207515655 1.63846525 -1.006344818 -1.90211919 1.660737058 
-0.1503 -0.1619798112 -0.9261268323 1.629750483 -1.012508577 -1.901433693 1.667226309 
-0.1503 -0.1587743434 -0.9328174685 1.620995704 -1.017604077 -1.902225614 1.673710733 
-0.1503 -0.1564246354 -0.9386591063 1.612327685 -1.023296819 -1.902070073 1.680122662 
-0.1503 -0.1542132226 -0.9443595937 1.603705899 -1.029048749 -1.901761419 1.686485482 
-0.1503 -0.1524434392 -0.9494208327 1.595735554 -1.034630585 -1.901117488 1.692297791 
-0.1503 -0.1504929637 -0.9548425465 1.587197951 -1.040501848 -1.900530976 1.698589841 
-0.1503 -0.1487232532 -0.960082369 1.578711923 -1.046481299 -1.899748217 1.704832135 
-0.1503 -0.1471513882 -0.9651222681 1.570280083 -1.05258902 -1.898753116 1.710925643 
-0.1503 -0.1466087706 -0.9691468903 1.561935366 -1.059528193 -1.896629471 1.717100031 
-0.1503 -0.1446513651 -0.9745446765 1.553576856 -1.065253292 -1.896075691 1.723280399 
-0.1503 -0.1439528744 -0.9787175043 1.545250438 -1.07199798 -1.894124489 1.729442756 
-0.1503 -0.1434348161 -0.9824504515 1.537529489 -1.078389932 -1.892187968 1.735116043 
-0.1503 -0.1433135431 -0.9860449899 1.529370733 -1.085626538 -1.889654317 1.741121542 
-0.1503 -0.1430188298 -0.9897713055 1.521422046 -1.092784365 -1.887422442 1.746944093 
-0.1503 -0.1433694669 -0.9928366073 1.513507066 -1.100331825 -1.884453241 1.752837668 
-0.1503 -0.1445181211 -0.9951025953 1.505338542 -1.108707923 -1.880571396 1.758991233 
-0.1503 -0.1456294962 -0.9973657308 1.497499337 -1.117054368 -1.876849379 1.764986541 
-0.1503 -0.1471566785 -0.9991823816 1.489754334 -1.125795172 -1.872722965 1.770785944 
-0.1503 -0.1488640718 -1.000557165 1.482510968 -1.134280604 -1.86863388 1.776356988 
-0.1503 -0.1514381651 -1.001273797 1.47505026 -1.143970702 -1.863466389 1.782166516 
-0.1503 -0.1544402475 -1.001437617 1.467518957 -1.154134538 -1.857827901 1.788138405 
-0.1503 -0.1579772911 -1.000992553 1.460086998 -1.164834801 -1.851659614 1.794153686 
-0.1503 -0.1620726454 -0.9999057595 1.452761838 -1.176101705 -1.844942041 1.80022831 
-0.1503 -0.1667458846 -0.9981479858 1.445551687 -1.187961674 -1.837660115 1.806379843 
-0.1503 -0.1720118218 -0.9956947406 1.438465457 -1.200436283 -1.82980418 1.81262728 
-0.1503 0.2274939288 -1.44360382 1.464870906 -0.7319743779 -2.242253728 1.905606536 
-0.1503 0.219168054 -1.439101338 1.455615184 -0.7490027155 -2.230597351 1.903877389 
-0.1503 0.2109858057 -1.435045414 1.446050831 -0.7660587356 -2.218893541 1.902743264 
-0.1503 0.2035544262 -1.431779755 1.436823389 -0.7819387124 -2.207988096 1.902276083 
-0.1503 0.1968552081 -1.429293219 1.427906794 -0.7966986431 -2.197860479 1.902403327 
-0.1503 0.191061254 -1.427711801 1.419204853 -0.8101036189 -2.188535199 1.903192377 
-0.1503 0.1858891617 -1.4268136 1.410781931 -0.8225978588 -2.179900569 1.904398276 
-0.1503 0.1808885735 -1.426304927 1.402793868 -0.8348378537 -2.171854978 1.90570847 
-0.1503 0.1770076991 -1.426547514 1.395390104 -0.8451100141 -2.164924604 1.90744532 
-0.1503 0.173361986 -1.427366734 1.387645189 -0.8553735844 -2.158045731 1.909604609 
-0.1503 0.1705991774 -1.429275766 1.380233922 -0.8644106345 -2.152037861 1.91209658 
-0.1503 0.1681260997 -1.431461706 1.372924826 -0.8730102859 -2.14636521 1.914787532 
-0.1503 0.1663890496 -1.434331408 1.365645644 -0.8805618017 -2.141176478 1.91784836 
-0.1503 0.1645294039 -1.437256659 1.358677598 -0.8882651104 -2.136288561 1.920818328 
-0.1503 0.1633498914 -1.441092974 1.352007276 -0.8950188851 -2.132090781 1.92396697 
-0.1503 0.1636409466 -1.446597169 1.345728338 -0.8997036613 -2.129274288 1.927634143 
-0.1503 0.16303396 -1.450653508 1.339585269 -0.9051497218 -2.125743965 1.930864163 
-0.1503 0.1619301578 -1.454389686 1.332760376 -0.9117693227 -2.12138834 1.934194921 
-0.1503 0.1620062344 -1.459595469 1.326495772 -0.9166769603 -2.118314614 1.937796178 
-0.1503 0.1623286225 -1.465116359 1.320369181 -0.9212152131 -2.115496732 1.941448315 
-0.1503 0.1628763305 -1.47093132 1.314377081 -0.9254102484 -2.112912261 1.945140987 
-0.1503 0.1636282533 -1.47701854 1.308515051 -0.9292882839 -2.110538239 1.94894106 
-0.1503 0.1644796338 -1.48322478 1.302741893 -0.9329868208 -2.108288212 1.95262001 
-0.1503 0.1660935023 -1.490230231 1.297725542 -0.9351956683 -2.107073279 1.956406727 
-0.1503 0.1668396952 -1.496353551 1.292011542 -0.9389828666 -2.104654721 1.959986121 
-0.1503 0.1683771491 -1.503550016 1.286646126 -0.9415744461 -2.103073939 1.963873502 
-0.1503 0.170035525 -1.510916598 1.281390527 -0.9439582711 -2.101598127 1.967748795 
-0.1503 0.1718052412 -1.518443043 1.276243928 -0.9461463234 -2.100216731 1.971608899 
-0.1503 0.1736776473 -1.526120041 1.271205674 -0.9481494322 -2.098920194 1.975451164 
-0.1503 0.1756449282 -1.533939126 1.266275245 -0.9499773981 -2.097699858 1.979273329 
-0.1503 0.1777000173 -1.541892588 1.261452244 -0.9516391061 -2.096547868 1.983073472 
-0.1503 0.1791838331 -1.548826211 1.256746289 -0.9537096213 -2.095006237 1.986638272 
-0.1503 0.1814039401 -1.55703478 1.252130357 -0.9550546525 -2.093980004 1.990510582 
-0.1503 0.1836962661 -1.565361157 1.247623127 -0.956253074 -2.093005283 1.994239429 
-0.1503 0.1860538534 -1.573796824 1.243222514 -0.9573138155 -2.092073639 1.997940934 
-0.1503 0.1883057232 -1.582195453 1.238893625 -0.9584567314 -2.09109629 2.001691766 
-0.1503 0.1906693555 -1.590764488 1.234693114 -0.959392608 -2.090207327 2.005416934 
-0.1503 0.1931391045 -1.599497889 1.230622369 -0.960128823 -2.08940105 2.009010192 
-0.1503 0.1957137012 -1.608163724 1.22700068 -0.9602789318 -2.088985972 2.01256866 
-0.1503 0.1977799378 -1.616336815 1.222828201 -0.9615435217 -2.087635889 2.016123643 
-0.1503 0.2005304159 -1.625515222 1.219131937 -0.9617328484 -2.087035131 2.019757708 
-0.1503 0.2033610612 -1.634826281 1.215562486 -0.9617570274 -2.086487473 2.023374205 
-0.1503 0.2062671135 -1.644263961 1.212119777 -0.9616226207 -2.08598755 2.026972686 
-0.1503 0.2092431512 -1.653821011 1.208802547 -0.9613371216 -2.085528857 2.03062447 
-0.1503 0.2122883347 -1.663496876 1.205614467 -0.9609020968 -2.085111531 2.034114627 
-0.1503 0.2149955904 -1.672787153 1.202437066 -0.9609451969 -2.084423587 2.037600955 
-0.1503 0.2177646665 -1.681965885 1.19966321 -0.9604658053 -2.08410668 2.040828465 
-0.1503 0.2206979952 -1.691623351 1.196785254 -0.9600720584 -2.083602199 2.044223965 
-0.1503 0.2236712953 -1.701353465 1.194013785 -0.9595726568 -2.083100793 2.0476029 
-0.1503 0.2266830688 -1.711153409 1.191349086 -0.9589702897 -2.082600307 2.050965555 
-0.1503 0.2293046906 -1.720355252 1.188482545 -0.9589432335 -2.081581685 2.054239379 
-0.1503 0.2324987596 -1.73045408 1.186107367 -0.9579714424 -2.081207593 2.057588379 
-0.1503 0.2357591511 -1.740666636 1.18386606 -0.9568523993 -2.080868548 2.060928361 
-0.1503 0.2385884902 -1.750006783 1.18164294 -0.9559969691 -2.080326557 2.064118056 
-0.1503 0.2419774844 -1.760438535 1.179662664 -0.9545929381 -2.080054756 2.067444465 
-0.1503 0.2449357001 -1.770300824 1.177650936 -0.9538639389 -2.079413912 2.070538959 
-0.1503 0.2479707141 -1.780292405 1.175775274 -0.9529694252 -2.078820431 2.073635026 
-0.1503 0.2513925964 -1.791051505 1.174066538 -0.951213731 -2.078635932 2.077083556 
-0.1503 0.254595473 -1.801353212 1.172449747 -0.9499300524 -2.078155779 2.080239143 
-0.1503 0.2578304128 -1.811700397 1.170958338 -0.9485700672 -2.077670394 2.083366854 
-0.1503 0.2610973824 -1.822091151 1.169592939 -0.9471351217 -2.077178872 2.086467263 
-0.1503 0.2641746174 -1.83181626 1.168645323 -0.9458329011 -2.076830678 2.089133358 
-0.1503 0.2671570699 -1.841732796 1.167184854 -0.9447921908 -2.075874115 2.092159324 
-0.1503 0.2706481469 -1.852492313 1.166244699 -0.9428801688 -2.075519335 2.095287175 
-0.1503 0.2741939177 -1.863342373 1.165437589 -0.9408418155 -2.075185812 2.098422858 
-0.1503 0.2773876211 -1.873620518 1.16467859 -0.9394595682 -2.074527631 2.101229116 
-0.1503 0.2805543893 -1.884007388 1.1637561 -0.9378808684 -2.073774098 2.104322618 
-0.1503 0.2842161606 -1.895136411 1.163510888 -0.9355741443 -2.07363558 2.107344131 
-0.1503 0.2873108749 -1.905072498 1.163121306 -0.9338842337 -2.073151048 2.110091166 
-0.1503 0.2907295916 -1.915749867 1.162850243 -0.9319544325 -2.072602232 2.112999835 
-0.1503 0.2941755333 -1.926450357 1.162706536 -0.9299677942 -2.072041092 2.115888024 
-0.1503 0.2976490866 -1.93717202 1.162690471 -0.9279254839 -2.071466951 2.118756524 
-0.1503 0.3012325768 -1.947910126 1.163061784 -0.9258707556 -2.070990819 2.121374881 
-0.1503 0.3045592203 -1.958372548 1.163021363 -0.9239864189 -2.070109025 2.124257477 
-0.1503 0.3082396272 -1.969444445 1.163410564 -0.9214761317 -2.069659867 2.127252155 
-0.1503 0.3117305847 -1.98006517 1.164005835 -0.9195100154 -2.068942267 2.129820588 
-0.1503 0.3149760667 -1.990280451 1.164406375 -0.9172637652 -2.06847365 2.132675808 
-0.1503 0.3185301334 -2.001074857 1.165117599 -0.9149919254 -2.067829451 2.13545408 
-0.1503 0.3221064349 -2.011875195 1.165953593 -0.9126796819 -2.067169443 2.138218402 
-0.1503 0.3257055166 -2.022679443 1.166914301 -0.9103281683 -2.06649295 2.140969543 
-0.1503 0.3293279418 -2.033485582 1.167999637 -0.907938512 -2.06579929 2.143708288 
-0.1503 0.3329742904 -2.044291593 1.169209489 -0.9055118346 -2.065087777 2.146435437 
-0.1503 0.3363825993 -2.054610433 1.17025316 -0.9034830385 -2.064002833 2.149060729 
-0.1503 0.3399217577 -2.064864813 1.171872899 -0.9010780488 -2.063514064 2.151470271 
-0.1503 0.3437429554 -2.07595935 1.173447406 -0.8982495544 -2.062906758 2.1543806 
-0.1503 0.3473687012 -2.086436723 1.175199586 -0.8960329852 -2.061998755 2.156795586 
-0.1503 0.3511570096 -2.097505904 1.176923965 -0.8931824992 -2.061331494 2.159756564 
-0.1503 0.3548903345 -2.108259823 1.178840607 -0.8906148814 -2.060514298 2.162433691 
-0.1503 0.3586421063 -2.118998181 1.180875616 -0.8880259006 -2.059676394 2.165104448 
-0.1503 0.3624130303 -2.129719005 1.183028558 -0.8854165581 -2.058817023 2.167769493 
-0.1503 0.3662274952 -2.140464645 1.185325291 -0.882766714 -2.057937163 2.170431884 
-0.1503 0.3696867432 -2.150378049 1.187492656 -0.8803785145 -2.057107831 2.172909292 
-0.1503 0.3735182789 -2.161036224 1.189988654 -0.8777147607 -2.05618095 2.175560886 
-0.1503 0.3773023476 -2.171365383 1.192651461 -0.8753243962 -2.055086707 2.177942074 
-0.1503 0.3812484606 -2.182275389 1.195328234 -0.8723382183 -2.054252724 2.180855551 
-0.1503 0.3851387717 -2.192600834 1.198310609 -0.8698961883 -2.053112916 2.18318972 
-0.1503 0.3891366172 -2.203503774 1.201194108 -0.8668522379 -2.052217874 2.186152014 
-0.1503 0.3930737668 -2.214016586 1.204259571 -0.8641256595 -2.051162138 2.188795346 
-0.1503 0.396630782 -2.223680262 1.207120646 -0.8616808974 -2.050170961 2.191250021 
-0.1503 0.4005966693 -2.234121268 1.210393338 -0.8589481071 -2.049064513 2.193892172 
-0.1503 0.404579107 -2.244522988 1.213772694 -0.856213408 -2.047930123 2.196534942 
-0.1503 0.4085789342 -2.254883728 1.217257945 -0.8534774842 -2.046766922 2.199178777 
-0.1503 0.4125970026 -2.26520183 1.220848309 -0.8507409886 -2.045574034 2.201824125 
-0.1503 0.4165822927 -2.27515369 1.224617673 -0.8482906875 -2.044205078 2.204165065 
-0.1503 0.4206913345 -2.285703656 1.228341195 -0.8452687343 -2.043095649 2.207121137 
-0.1503 0.4244105658 -2.294870087 1.231970024 -0.8430080732 -2.041706138 2.209335044 
-0.1503 0.42865056 -2.305350043 1.236000403 -0.8399394851 -2.040564742 2.212257657 
-0.1503 0.4328182898 -2.315441394 1.240119249 -0.8371719136 -2.039201971 2.214922198 
-0.1503 0.4369978754 -2.3254792 1.244333065 -0.8344164751 -2.037806645 2.217590296 
-0.1503 0.4411902005 -2.335462059 1.248640901 -0.831673542 -2.036377861 2.220262128 
-0.1503 0.4453961616 -2.345388607 1.253041804 -0.828943446 -2.034914707 2.222937874 
-0.1503 0.4495857148 -2.355205878 1.257500949 -0.826241865 -2.033423326 2.225609485 
-0.1503 0.4538526404 -2.365067515 1.262118998 -0.8235228875 -2.031881634 2.228301812 
-0.1503 0.4577076597 -2.373822081 1.266521107 -0.8213394381 -2.030274933 2.230476086 
-0.1503 0.462018117 -2.383852008 1.27120301 -0.8183892596 -2.02882474 2.233492904 
-0.1503 0.4664194399 -2.393502412 1.276104988 -0.8156395788 -2.027152425 2.236208806 
-0.1503 0.4708189837 -2.403072896 1.281079258 -0.8129175394 -2.025445347 2.238926612 
-0.1503 0.4752177862 -2.412562873 1.286125057 -0.8102225278 -2.023702986 2.241646068 
-0.1503 0.4794032003 -2.421943416 1.291140354 -0.8077140085 -2.021974298 2.244328131 
-0.1503 0.4838649234 -2.431384051 1.296397845 -0.8050545092 -2.020137296 2.247069839 
-0.1503 0.4881692829 -2.440094142 1.301414674 -0.8024822768 -2.018359134 2.249653271 
-0.1503 0.492623406 -2.449336102 1.306783884 -0.7998750346 -2.016452938 2.252393253 
-0.1503 0.4970905048 -2.458506815 1.312229014 -0.797290917 -2.01450399 2.255137246 
-0.1503 0.5016774155 -2.467561399 1.318044534 -0.7947681314 -2.012618192 2.257671355 
-0.1503 0.5060677137 -2.476631169 1.32334315 -0.7921908764 -2.01047421 2.260636961 
-0.1503 0.510751256 -2.485598275 1.329089049 -0.7895488434 -2.008350727 2.263431301 
-0.1503 0.5154331217 -2.494479593 1.334894695 -0.786940108 -2.006186262 2.266226449 
-0.1503 0.5198689098 -2.50324505 1.340643341 -0.7845377947 -2.004041058 2.268962343 
-0.1503 0.5242583786 -2.511451114 1.346206449 -0.7821763072 -2.001926656 2.271581527 
-0.1503 0.5289551621 -2.520119039 1.352203701 -0.7796664716 -1.999627586 2.274382067 
-0.1503 0.5336818957 -2.528710596 1.358273173 -0.7771716136 -1.997275822 2.27718981 
-0.1503 0.5386374629 -2.53724776 1.364506506 -0.7745548209 -1.994819611 2.280057984 
-0.1503 0.5433781168 -2.545678842 1.370694229 -0.7721234033 -1.992371722 2.282868162 
-0.1503 0.5482339043 -2.553978632 1.377226998 -0.7697546958 -1.989974914 2.285479194 
-0.1503 0.5528961241 -2.562299227 1.383247117 -0.7673428331 -1.98732542 2.288490833 
-0.1503 0.5576000067 -2.569927036 1.389460536 -0.7650561063 -1.984923504 2.291029282 
-0.1503 0.5625488994 -2.578099011 1.395784778 -0.7625557065 -1.982143895 2.294046639 
-0.1503 0.5673098363 -2.586123188 1.402234179 -0.7602870326 -1.979453952 2.296845791 
-0.1503 0.5722882726 -2.594085811 1.408830454 -0.7579103423 -1.976655153 2.299706221 
-0.1503 0.5773002909 -2.601966647 1.415487379 -0.7555478802 -1.973796371 2.30257248 
-0.1503 0.5823549139 -2.609776404 1.422210981 -0.7532000636 -1.970871002 2.305447925 
-0.1503 0.5874268093 -2.617481044 1.4289781 -0.7508644922 -1.96789563 2.308321515 
-0.1503 0.5925562152 -2.625111889 1.43586316 -0.7485029861 -1.964850289 2.311188571 
-0.1503 0.5975459691 -2.63212207 1.442532891 -0.7463480558 -1.962010821 2.313765058 
-0.1503 0.6025325453 -2.639632784 1.449173094 -0.7440906526 -1.9587879 2.316789433 
-0.1503 0.6080135734 -2.646967553 1.456545026 -0.7416791516 -1.955600089 2.319550197 
-0.1503 0.6129854805 -2.654290692 1.463187812 -0.7395275107 -1.952278572 2.322573558 
-0.1503 0.6182612173 -2.661485085 1.470267616 -0.7372607737 -1.948930197 2.32546829 
-0.1503 0.623635919 -2.668668208 1.477443638 -0.7350175185 -1.945466497 2.328392889 
-0.1503 0.6290318065 -2.675708474 1.484728722 -0.7327058453 -1.941962617 2.331274724 
-0.1503 0.6340525564 -2.682211396 1.491389833 -0.7306907311 -1.938641364 2.334018588 
-0.1503 0.6394975051 -2.689089935 1.498671459 -0.7284655623 -1.935009626 2.336931559 
-0.1503 0.6449819801 -2.695881784 1.505997955 -0.7262482128 -1.931307658 2.339846115 
-0.1503 0.6507351806 -2.702549092 1.513655573 -0.7239749026 -1.927566394 2.342670553 
-0.1503 0.6560714854 -2.709204234 1.520780882 -0.7218339395 -1.923689907 2.345678215 
-0.1503 0.6619444034 -2.715687145 1.528544519 -0.7195114867 -1.919787041 2.348525421 
-0.1503 0.6673099616 -2.722138926 1.535761549 -0.7173918758 -1.915804898 2.351482328 
-0.1503 0.672978908 -2.728471771 1.543279733 -0.7151960818 -1.911758955 2.354389929 
-0.1503 0.6783632717 -2.734381285 1.550328338 -0.7132096478 -1.907855772 2.357146915 
-0.1503 0.6841355446 -2.740564253 1.557934215 -0.7110239831 -1.90364554 2.360059582 
-0.1503 0.6899513451 -2.746658317 1.565575917 -0.7088392213 -1.899358962 2.362969931 
-0.1503 0.6958111886 -2.752663208 1.573252339 -0.7066543323 -1.894995283 2.365877396 
-0.1503 0.7017155915 -2.758578656 1.580962388 -0.7044682503 -1.890553753 2.368781393 
-0.1503 0.7079435345 -2.764366627 1.589046059 -0.7021298413 -1.886018983 2.371619304 
-0.1503 0.7136601478 -2.770140127 1.596479036 -0.700088064 -1.881434162 2.374576567 
-0.1503 0.7195316421 -2.775403207 1.6039326 -0.6979456228 -1.877027962 2.377301903 
-0.1503 0.7254631556 -2.780922291 1.611811979 -0.6958457755 -1.872391258 2.380023403 
-0.1503 0.7315136521 -2.78644314 1.619454339 -0.6936276461 -1.867477782 2.383036111 
-0.1503 0.7376930907 -2.791822155 1.627341854 -0.6914105925 -1.862559202 2.385906554 
-0.1503 0.7439543694 -2.797141762 1.635271843 -0.6892018554 -1.857521207 2.388783681 
-0.1503 0.7501808708 -2.802274233 1.643218311 -0.6869021688 -1.852498109 2.391598442 
-0.1503 0.7564999934 -2.807417607 1.651092746 -0.6847470212 -1.847314102 2.394487607 
-0.1503 0.7629973078 -2.8123581 1.659409587 -0.6824378312 -1.842143937 2.39714085 
-0.1503 0.7691588455 -2.816998543 1.666814587 -0.680212221 -1.837019407 2.399965825 
-0.1503 0.7753651195 -2.821846361 1.674646683 -0.6780116476 -1.831647437 2.402747209 
-0.1503 0.7818886971 -2.826584803 1.682695321 -0.6756988511 -1.826140181 2.405546121 
-0.1503 0.7884638575 -2.831229465 1.690763217 -0.6733662282 -1.820545436 2.408331428 
-0.1503 0.7950910706 -2.835779963 1.698849388 -0.6710121382 -1.814862594 2.411102225 
-0.1503 0.8017707969 -2.840235898 1.706952855 -0.6686348965 -1.809091064 2.413857578 
-0.1503 0.7947806362 -2.835569707 1.698471641 -0.6711224975 -1.815129762 2.410973258 
-0.1503 0.7881998547 -2.831045484 1.690440144 -0.6734599343 -1.820770913 2.40822029 
-0.1503 0.7817140678 -2.82645966 1.682480437 -0.6757607756 -1.826288174 2.405471658 
-0.1503 0.7752351709 -2.821750638 1.674485914 -0.6780577123 -1.831756694 2.4026911 
-0.1503 0.7688066898 -2.816949458 1.666511389 -0.6803366944 -1.837139519 2.399898001 
-0.1503 0.7624707922 -2.812089618 1.658611148 -0.6825841131 -1.842402 2.397112057 
-0.1503 0.7564579303 -2.807103436 1.650963146 -0.6847101839 -1.847539298 2.394305688 
-0.1503 0.7500405498 -2.802002926 1.643152969 -0.6870209734 -1.852769037 2.391302298 
-0.1503 0.7437385409 -2.796920461 1.635055815 -0.6892136035 -1.857706907 2.388637722 
-0.1503 0.7375334517 -2.791689647 1.62710181 -0.6915090675 -1.862674048 2.385831627 
-0.1503 0.7314060595 -2.786353486 1.619273076 -0.69371525 -1.867548022 2.382984286 
-0.1503 0.7253315472 -2.780930129 1.611505729 -0.6958811929 -1.872345579 2.380133656 
-0.1503 0.7192912353 -2.775409045 1.603728565 -0.6980694618 -1.877064947 2.377269973 
-0.1503 0.7133950325 -2.7697339 1.596249194 -0.7002644248 -1.881802375 2.374230649 
-0.1503 0.7074212935 -2.7640584 1.588493167 -0.7023724052 -1.886323394 2.371416553 
-0.1503 0.7014390541 -2.758304595 1.580601854 -0.7045703097 -1.890762766 2.368645966 
-0.1503 0.6958807044 -2.752423507 1.573296208 -0.7066266977 -1.895134291 2.365708271 
-0.1503 0.689854365 -2.746521889 1.565480178 -0.7088426903 -1.899434472 2.362879188 
-0.1503 0.6840724294 -2.740497769 1.557814049 -0.7110886173 -1.903680339 2.360024788 
-0.1503 0.6782865996 -2.734298246 1.550227173 -0.7132388006 -1.907911396 2.357108075 
-0.1503 0.6726805646 -2.728160487 1.542789117 -0.7154143018 -1.911947451 2.354253158 
-0.1503 0.6670369651 -2.721849721 1.535312419 -0.7175912933 -1.915976209 2.351359302 
-0.1503 0.6614303145 -2.715447156 1.527871529 -0.7197703205 -1.919936063 2.348462727 
-0.1503 0.6558650217 -2.708960295 1.520495033 -0.7219274184 -1.923830184 2.345569056 
-0.1503 0.6506103072 -2.702341939 1.513476233 -0.7239802687 -1.927659945 2.342587497 
-0.1503 0.6448352102 -2.695701795 1.505802009 -0.726307247 -1.931407295 2.339768387 
-0.1503 0.6396877851 -2.688965168 1.498952772 -0.7283872609 -1.93508554 2.33677197 
-0.1503 0.6340601848 -2.682216807 1.491373353 -0.7307168103 -1.938629293 2.334018422 
-0.1503 0.6287205989 -2.675338446 1.484230533 -0.7329186212 -1.942149374 2.331143693 
-0.1503 0.6233505979 -2.668290048 1.477061437 -0.7351373768 -1.945651152 2.328237844 
-0.1503 0.6180562117 -2.661202292 1.469968311 -0.7373749558 -1.949055189 2.325351415 
-0.1503 0.6128827924 -2.65413843 1.46300916 -0.7396168796 -1.952333612 2.322508539 
-0.1503 0.6076653019 -2.646887822 1.456018063 -0.7418752842 -1.955604634 2.319630061 
-0.1503 0.6024790446 -2.639547496 1.449074392 -0.7441441913 -1.958814745 2.316753252 
-0.1503 0.5975911741 -2.632086081 1.442607817 -0.7462686513 -1.962008028 2.313739102 
-0.1503 0.5922000702 -2.624607457 1.435352214 -0.7486972645 -1.965056922 2.311011483 
-0.1503 0.5873727059 -2.617031343 1.428927716 -0.7509680754 -1.968111596 2.308016609 
-0.1503 0.5823549662 -2.609477252 1.422016145 -0.7531809163 -1.970929409 2.305393315 
-0.1503 0.5770991597 -2.601652989 1.415219953 -0.755642109 -1.973911884 2.302457736 
-0.1503 0.5721217857 -2.593821705 1.408609594 -0.7579893347 -1.976749408 2.299610795 
-0.1503 0.5672106071 -2.585963104 1.40210288 -0.7603347133 -1.979509322 2.29678866 
-0.1503 0.5622988394 -2.577971482 1.395613128 -0.7627101716 -1.982229711 2.29395341 
-0.1503 0.5574193641 -2.569900184 1.38918576 -0.7651001058 -1.984892525 2.291124332 
-0.1503 0.5526329641 -2.561844426 1.382890896 -0.7674875137 -1.987464512 2.288331978 
-0.1503 0.5480288842 -2.55356321 1.376920616 -0.7698587163 -1.990090234 2.285347071 
-0.1503 0.5430026414 -2.545269789 1.370332215 -0.7723417708 -1.992526931 2.28269472 
-0.1503 0.5383822812 -2.536971881 1.364262183 -0.7747116502 -1.994921551 2.279939803 
-0.1503 0.5337640842 -2.52857809 1.358234797 -0.7771245356 -1.997271765 2.27717597 
-0.1503 0.5290629381 -2.519970126 1.352178083 -0.7795750815 -1.999623211 2.274377615 
-0.1503 0.5242271661 -2.511393073 1.346166713 -0.7821930895 -2.001941808 2.271562901 
-0.1503 0.5195911644 -2.50270757 1.340282731 -0.784701006 -2.004173855 2.268788276 
-0.1503 0.5149839685 -2.493948224 1.3344726 -0.7872234354 -2.006355531 2.26602087 
-0.1503 0.5104358514 -2.485175352 1.328775844 -0.7897431136 -2.0084735 2.263279213 
-0.1503 0.5060472002 -2.476291432 1.323193625 -0.7921764743 -2.010518019 2.260562345 
-0.1503 0.5016107597 -2.46734691 1.317926613 -0.7948178824 -2.012654935 2.257606592 
-0.1503 0.4968962205 -2.458310756 1.31206965 -0.7974191552 -2.014568317 2.25506046 
-0.1503 0.4925380472 -2.449285368 1.306729277 -0.799952249 -2.016477076 2.252358418 
-0.1503 0.4880888251 -2.440025682 1.301355037 -0.8025373942 -2.018383615 2.249625127 
-0.1503 0.4837432406 -2.430842355 1.296151006 -0.8051053092 -2.02021433 2.246933094 
-0.1503 0.4793744219 -2.42152815 1.290986179 -0.8077169405 -2.022018345 2.24422561 
-0.1503 0.4750178211 -2.412146738 1.285900269 -0.8103499503 -2.023782401 2.241522278 
-0.1503 0.4707083781 -2.402763632 1.280930777 -0.8129814235 -2.025494392 2.238842366 
-0.1503 0.4663731752 -2.39325119 1.276005021 -0.815657361 -2.027181491 2.23614735 
-0.1503 0.4620473072 -2.38367456 1.271161088 -0.818354891 -2.028831309 2.233456589 
-0.1503 0.457646237 -2.373821981 1.266253779 -0.8212922737 -2.030143668 2.230669157 
-0.1503 0.4534552442 -2.364399351 1.261756805 -0.8237911368 -2.032010736 2.228106884 
-0.1503 0.4492319039 -2.354313254 1.257312175 -0.8267427093 -2.033376932 2.225106975 
-0.1503 0.4451391646 -2.344918064 1.25280616 -0.8291176285 -2.034997182 2.222805435 
-0.1503 0.4409888856 -2.335059047 1.248451257 -0.8318091261 -2.036443049 2.220151303 
-0.1503 0.4368543393 -2.325144906 1.244189221 -0.8345112796 -2.037854575 2.217500887 
-0.1503 0.4327693878 -2.315245088 1.240051923 -0.8371998789 -2.039221945 2.214872446 
-0.1503 0.4286634487 -2.305225085 1.235977633 -0.8399223138 -2.040567713 2.212228693 
-0.1503 0.4245705334 -2.295154061 1.231998878 -0.8426543681 -2.041881819 2.209587966 
-0.1503 0.4205241745 -2.285102586 1.228145503 -0.8453715577 -2.043155095 2.206968299 
-0.1503 0.4163476494 -2.27470043 1.224206897 -0.8483556803 -2.044139353 2.204239869 
-0.1503 0.412395386 -2.264719265 1.220672239 -0.8508796866 -2.045633347 2.201699765 
-0.1503 0.4084473457 -2.254315708 1.217287963 -0.8538209467 -2.046668688 2.198788681 
-0.1503 0.4044755933 -2.244246565 1.213682501 -0.8562840042 -2.047960113 2.196464637 
-0.1503 0.4005282094 -2.23391447 1.210331737 -0.8589938585 -2.049084529 2.193839839 
-0.1503 0.3966331198 -2.223614814 1.207111886 -0.8616757757 -2.050172034 2.191233487 
-0.1503 0.3927220103 -2.213207874 1.203973556 -0.8643773549 -2.051241379 2.188609279 
-0.1503 0.3888278731 -2.202765939 1.200942863 -0.8670737171 -2.052284354 2.185984666 
-0.1503 0.3849832325 -2.19236226 1.198042925 -0.8697400578 -2.053293451 2.183376892 
-0.1503 0.381120534 -2.1818558 1.19522878 -0.8724237393 -2.054286325 2.180749969 
-0.1503 0.3772425923 -2.17107336 1.192626226 -0.8753820277 -2.055109718 2.177837447 
-0.1503 0.3734711802 -2.160827715 1.189950183 -0.8777437221 -2.05619328 2.175507692 
-0.1503 0.3695908329 -2.149942402 1.187525371 -0.8806819852 -2.056978271 2.172609781 
-0.1503 0.3659040349 -2.13970072 1.185124652 -0.8830020081 -2.058004987 2.170253372 
-0.1503 0.3621380641 -2.129069225 1.182876212 -0.8856134876 -2.058879688 2.167611202 
-0.1503 0.3583938368 -2.118418941 1.180744624 -0.8882039833 -2.059732022 2.164963955 
-0.1503 0.3547029922 -2.107824499 1.178746437 -0.8907492084 -2.060555612 2.162328431 
-0.1503 0.3509999875 -2.097142468 1.176848956 -0.893294983 -2.061365594 2.159668936 
-0.1503 0.3473166113 -2.086447408 1.175069495 -0.8958168607 -2.062155438 2.157002297 
-0.1503 0.3436841766 -2.075814208 1.173422077 -0.8982909707 -2.062919117 2.154345323 
-0.1503 0.3399554103 -2.064795619 1.171934599 -0.901070721 -2.063532855 2.151400811 
-0.1503 0.3364093051 -2.05437664 1.170454595 -0.9032065008 -2.064404842 2.148970296 
-0.1503 0.3327048217 -2.043438139 1.169183334 -0.9059196684 -2.064992325 2.146062245 
-0.1503 0.3291605952 -2.032981582 1.167947049 -0.9080490099 -2.065831553 2.143580574 
-0.1503 0.3255590419 -2.022246949 1.166872715 -0.9104246869 -2.066520798 2.140859991 
-0.1503 0.3220137095 -2.011587508 1.16593075 -0.9127394169 -2.067186592 2.138144584 
-0.1503 0.3184614298 -2.000859235 1.165103083 -0.9150356076 -2.067841899 2.135398397 
-0.1503 0.3149330053 -1.990137098 1.164399214 -0.9172903097 -2.068481185 2.132638198 
-0.1503 0.3114587337 -1.979495842 1.163825195 -0.9194815968 -2.069099281 2.129880934 
-0.1503 0.3079762828 -1.968791774 1.163368004 -0.921650323 -2.069708586 2.127090462 
-0.1503 0.3043979349 -1.957788187 1.163039659 -0.9240997113 -2.070140265 2.124071921 
-0.1503 0.3011081971 -1.947494082 1.162828072 -0.9258324106 -2.070880131 2.121477874 
-0.1503 0.2974916503 -1.93653504 1.162699697 -0.9282308008 -2.071308612 2.118473311 
-0.1503 0.2939238092 -1.925652137 1.162697506 -0.930516189 -2.071753005 2.115490705 
-0.1503 0.2907309307 -1.915612213 1.162867939 -0.9319417678 -2.072598501 2.11295323 
-0.1503 0.2873191063 -1.905004476 1.163133162 -0.9338714893 -2.073147313 2.110066287 
-0.1503 0.2839353692 -1.894421755 1.163524402 -0.9357426223 -2.073684314 2.107158309 
-0.1503 0.2806089438 -1.88393734 1.164039549 -0.9375362339 -2.074204973 2.104246929 
-0.1503 0.2772802562 -1.873410081 1.164680852 -0.9392871457 -2.074720452 2.101294759 
-0.1503 0.2737258427 -1.862358992 1.165405512 -0.9415657217 -2.074909936 2.098012128 
-0.1503 0.2705956611 -1.85221566 1.166320074 -0.9429115889 -2.075548214 2.095162804 
-0.1503 0.267485203 -1.842090117 1.167347012 -0.9441468336 -2.0762064 2.092315316 
-0.1503 0.2640104199 -1.831399086 1.168407638 -0.9460370758 -2.07653665 2.08915829 
-0.1503 0.2606387136 -1.820896872 1.169616624 -0.9477602599 -2.076909274 2.08601834 
-0.1503 0.2576885343 -1.811069467 1.171281709 -0.9487202984 -2.077807739 2.082952239 
-0.1503 0.2543897413 -1.800800885 1.172524257 -0.9500277319 -2.078190226 2.080079836 
-0.1503 0.2512186977 -1.790638319 1.174122444 -0.9513004965 -2.078667015 2.076968302 
-0.1503 0.2480523508 -1.780453725 1.175852918 -0.9525096938 -2.079144344 2.073809341 
-0.1503 0.244979039 -1.770305892 1.177937706 -0.9537009196 -2.079717678 2.070394351 
-0.1503 0.2415590421 -1.759759332 1.179594038 -0.9552616075 -2.079751229 2.067185106 
-0.1503 0.238612734 -1.749958305 1.1817211 -0.9559806349 -2.080362316 2.06404448 
-0.1503 0.2357468215 -1.74029167 1.183983204 -0.9565294535 -2.08102504 2.060903339 
-0.1503 0.2325217808 -1.730193653 1.186237724 -0.9576714416 -2.081366917 2.057646051 
-0.1503 0.2293128028 -1.720109983 1.188616351 -0.9587092338 -2.08172063 2.054184711 
-0.1503 0.2261694846 -1.710138858 1.191125468 -0.9596012522 -2.08210869 2.050803116 
-0.1503 0.223148598 -1.700388534 1.193775169 -0.9602972065 -2.082564362 2.047426813 
-0.1503 0.2206480882 -1.691423785 1.19688995 -0.9600990964 -2.083632184 2.044106336 
-0.1503 0.2177295114 -1.681826397 1.19979061 -0.9605154087 -2.084154155 2.040692687 
-0.1503 0.2144458496 -1.671711261 1.202498007 -0.9614938678 -2.084166561 2.037204117 
-0.1503 0.2116956984 -1.662395789 1.205668153 -0.9615611749 -2.084802987 2.033770106 
-0.1503 0.2090378048 -1.653229809 1.20897135 -0.9614438297 -2.085504383 2.030326036 
-0.1503 0.2065335758 -1.644325698 1.212412758 -0.9610869946 -2.08630975 2.026890679 
-0.1503 0.2036332959 -1.634944453 1.215842446 -0.9612401961 -2.086811235 2.023359607 
-0.1503 0.2008014873 -1.625680132 1.219394844 -0.9612460241 -2.087353984 2.019798342 
-0.1503 0.1981027199 -1.616649004 1.223075415 -0.9610463182 -2.087981798 2.016092685 
-0.1503 0.195422192 -1.607636558 1.226873143 -0.9607379793 -2.088623556 2.012450099 
-0.1503 0.1928837568 -1.598867555 1.230795616 -0.9602122896 -2.089360122 2.008810404 
-0.1503 0.1903740965 -1.590130747 1.234838341 -0.9595634014 -2.09012265 2.005134059 
-0.1503 0.1879582272 -1.581541772 1.239004136 -0.958733061 -2.090954814 2.001442179 
-0.1503 0.1857036489 -1.573218053 1.243292237 -0.957660832 -2.091903228 1.997846125 
-0.1503 0.1834972472 -1.564950173 1.247705261 -0.9564393319 -2.092899358 1.994090542 
-0.1503 0.1814065146 -1.556855348 1.252242729 -0.9550080166 -2.093989471 1.99031198 
-0.1503 0.1793871163 -1.548983226 1.256885768 -0.9534363297 -2.095187799 1.986616391 
-0.1503 0.1773671735 -1.541102223 1.261628329 -0.9517877489 -2.096386072 1.98288639 
-0.1503 0.1754160678 -1.533331785 1.266470216 -0.9500001719 -2.097633938 1.979132259 
-0.1503 0.1736077878 -1.525795829 1.271409404 -0.9480066728 -2.098986767 1.975366157 
-0.1503 0.1718119285 -1.518265522 1.276450159 -0.9459193397 -2.100353672 1.971568661 
-0.1503 0.1701025641 -1.51086491 1.281591093 -0.9436709363 -2.101789923 1.967751991 
-0.1503 0.1685589922 -1.503723088 1.28682918 -0.9411886574 -2.103357158 1.963930676 
-0.1503 0.1670461023 -1.49660681 1.292171651 -0.9385890866 -2.104958291 1.960083267 
-0.1503 0.1656436354 -1.489645687 1.29761618 -0.9357986381 -2.106655247 1.956224534 
-0.1503 0.1644372361 -1.482975022 1.303159033 -0.9327373086 -2.108517039 1.952372112 
-0.1503 0.1643980301 -1.477787311 1.309205475 -0.9279340788 -2.111616384 1.948927679 
-0.1503 0.1628377695 -1.470647036 1.314662746 -0.925236917 -2.113029403 1.944957295 
-0.1503 0.1623345792 -1.464916673 1.320571906 -0.9210596447 -2.11557616 1.941312314 
-0.1503 0.1620452307 -1.459444937 1.326649758 -0.9165136809 -2.118375057 1.937692595 
-0.1503 0.1619964923 -1.454286667 1.332864584 -0.9116041375 -2.121429631 1.934124865 
-0.1503 0.1622090006 -1.449489116 1.33918094 -0.9063449229 -2.124737799 1.930636147 
-0.1503 0.1627085589 -1.445023935 1.345681668 -0.9006244462 -2.12837543 1.927208409 
-0.1503 0.1635216086 -1.44094424 1.352333649 -0.89444845 -2.132346549 1.923872765 
-0.1503 0.1659710575 -1.43893841 1.359595223 -0.8860464667 -2.138035127 1.921082916 
-0.1503 0.1661892275 -1.434064966 1.366072458 -0.8806400964 -2.141374555 1.917562549 
-0.1503 0.1683860983 -1.431480695 1.373073145 -0.8724756337 -2.146551436 1.914803434 
-0.1503 0.1708307693 -1.429530915 1.380240101 -0.8638367087 -2.152274262 1.912349365 
-0.1503 0.1736171229 -1.427645194 1.387829976 -0.8549641543 -2.158320838 1.909611028 
-0.1503 0.1771135638 -1.426654754 1.395473925 -0.8449333638 -2.165043742 1.907447303 
-0.1503 0.1811508022 -1.426302062 1.403274414 -0.834158494 -2.172314744 1.905606147 
-0.1503 0.1858194012 -1.426615957 1.411352525 -0.8224366323 -2.180271713 1.904107967 
-0.1503 0.1911284099 -1.427632119 1.419673835 -0.8097795293 -2.188905487 1.903016689 
-0.1503 0.1970669568 -1.429363717 1.428199262 -0.7962240911 -2.198185796 1.902390302 
-0.1503 0.2039962538 -1.432063228 1.436983566 -0.7811394858 -2.208356167 1.902472828 
-0.1503 0.2111420362 -1.435118758 1.446238724 -0.7657293286 -2.219119732 1.90275923 
-0.1503 0.2192251519 -1.439131039 1.455680138 -0.7488849427 -2.230678087 1.903887431 
-0.1503 0.2281142913 -1.443951897 1.465544854 -0.7307158797 -2.243113603 1.905756728 
-0.1503 0.2377647395 -1.449554483 1.475800574 -0.7112788514 -2.256358155 1.908444294 
-0.1503 0.2481064541 -1.455884891 1.486407249 -0.6906639105 -2.27031585 1.912011537 
-0.1503 -0.1618978487 -0.9999619363 1.453052692 -1.175639801 -1.845221498 1.799984044 
-0.1503 -0.1578505124 -1.001017556 1.460333051 -1.164469153 -1.851873978 1.793952388 
-0.1503 -0.1543750437 -1.001440196 1.467668632 -1.153926107 -1.857945794 1.788018667 
-0.1503 -0.1514016332 -1.001267659 1.475151316 -1.143838659 -1.863538092 1.782087193 
-0.1503 -0.1489299565 -1.0005296 1.482725337 -1.134247593 -1.868630499 1.776184296 
-0.1503 -0.1469445416 -0.9992720899 1.490333195 -1.125178819 -1.873218278 1.77033718 
-0.1503 -0.1452518125 -0.9975900269 1.497999679 -1.116262962 -1.877507269 1.764600439 
-0.1503 -0.1444887308 -0.9950314217 1.505749178 -1.108339008 -1.880792149 1.758772328 
-0.1503 -0.1434432455 -0.9927026272 1.513713106 -1.100214218 -1.884500902 1.752770041 
-0.1503 -0.1430556241 -0.9896766264 1.52166789 -1.092587946 -1.887487178 1.746872702 
-0.1503 -0.1430118328 -0.9862898891 1.529689109 -1.085262984 -1.890125723 1.740946728 
-0.1503 -0.1432829841 -0.9825982197 1.537719742 -1.078255202 -1.892426552 1.735005675 
-0.1503 -0.143847328 -0.9785806874 1.545865311 -1.071440084 -1.894444982 1.729008863 
-0.1503 -0.1449815097 -0.9740276475 1.553873967 -1.065095415 -1.895774985 1.723133828 
-0.1503 -0.1459070767 -0.9696191341 1.562270812 -1.058492661 -1.897462706 1.716947361 
-0.1503 -0.1470639149 -0.9649936611 1.570591647 -1.052221752 -1.898909028 1.71078234 
-0.1503 -0.1493740266 -0.9592843112 1.578928612 -1.046804727 -1.899077832 1.704698182 
-0.1503 -0.1503182046 -0.9548787257 1.58732657 -1.040193489 -1.900785458 1.698540403 
-0.1503 -0.1522523084 -0.9495063534 1.595804294 -1.034353539 -1.901396249 1.692315942 
-0.1503 -0.1542788272 -0.9440472874 1.604261888 -1.028590243 -1.901896353 1.686111992 
-0.1503 -0.1565270635 -0.9383580315 1.612836381 -1.022914695 -1.90216196 1.679789103 
-0.1503 -0.1589151772 -0.9325280701 1.62145765 -1.017299931 -1.902271565 1.673414748 
-0.1503 -0.1613688628 -0.9266402439 1.630055627 -1.011729129 -1.902295909 1.66705738 
-0.1503 -0.1647110159 -0.9198732493 1.638984159 -1.006784487 -1.901400266 1.66035542 
-0.1503 -0.1673547284 -0.9138087763 1.647516595 -1.001129166 -1.901123114 1.653941433 
-0.1503 -0.1695642538 -0.9081219914 1.65625224 -0.995222453 -1.901438716 1.647518425 
-0.1503 -0.1730203003 -0.9013970165 1.664983322 -0.9900460922 -1.900408848 1.641078632 
-0.1503 -0.1759208448 -0.8951351621 1.674045194 -0.9844984828 -1.90015305 1.634323212 
-0.1503 -0.1791886485 -0.8885571264 1.682940682 -0.9791435465 -1.899390166 1.627705105 
-0.1503 -0.1825041989 -0.8819132748 1.691913679 -0.9736952723 -1.898567777 1.620992107 
-0.1503 -0.185873934 -0.8752086835 1.700917112 -0.9682076744 -1.897673744 1.614229485 
-0.1503 -0.1894405169 -0.868374684 1.709940255 -0.9628446741 -1.89652096 1.60736683 
-0.1503 -0.1927796072 -0.8616248527 1.718968019 -0.9571606889 -1.89566029 1.600594108 
-0.1503 -0.1963086326 -0.8547369447 1.728062107 -0.9515385137 -1.894553184 1.593670205 
-0.1503 -0.1998949432 -0.8477968733 1.737139401 -0.9459232332 -1.893364582 1.586734971 
-0.1503 -0.2035272668 -0.8407849205 1.746293238 -0.9401967637 -1.892117719 1.579692769 
-0.1503 -0.2074681086 -0.8336842992 1.755533786 -0.9345702214 -1.890726568 1.572703919 
-0.1503 -0.2114795765 -0.8265240179 1.764764323 -0.9289510707 -1.889235957 1.565686909 
-0.1503 -0.2154988139 -0.8193057068 1.774062577 -0.9231807506 -1.887737406 1.558590525 
-0.1503 -0.219161589 -0.8120435119 1.78330451 -0.9170908067 -1.886361732 1.551331977 
-0.1503 -0.2232553516 -0.8047035113 1.792612394 -0.9112245319 -1.884733445 1.544142005 
-0.1503 -0.2273983892 -0.79729555 1.801996137 -0.905224638 -1.883079089 1.536879241 
-0.1503 -0.2316101581 -0.789821439 1.811414607 -0.8991584233 -1.881361922 1.529566314 
-0.1503 -0.2361840514 -0.7822825391 1.820888816 -0.8932569701 -1.879424231 1.522301797 
-0.1503 -0.2404097784 -0.7746776272 1.830349655 -0.8869738028 -1.877640717 1.514852981 
-0.1503 -0.2446658919 -0.7670022035 1.839835965 -0.8805928815 -1.875815594 1.507340895 
-0.1503 -0.2492357178 -0.7593881149 1.84933213 -0.8743375916 -1.873863535 1.499971578 
-0.1503 -0.2538128071 -0.7516966975 1.858891854 -0.8679048283 -1.871905147 1.492513648 
-0.1503 -0.257960468 -0.7439322328 1.868365508 -0.8611021965 -1.870122895 1.484872529 
-0.1503 -0.2625272323 -0.7361103167 1.877909043 -0.8544755863 -1.868100595 1.477296102 
-0.1503 -0.2671548301 -0.7281996532 1.887528038 -0.8476927162 -1.866048406 1.469639269 
-0.1503 -0.2718499567 -0.7202117984 1.897179208 -0.840814414 -1.863942678 1.46192629 
-0.1503 -0.2766140691 -0.7121624073 1.906818278 -0.8338999396 -1.861764984 1.454182418 
-0.1503 -0.2814433423 -0.7040144568 1.916534109 -0.8268187324 -1.859556506 1.446352938 
-0.1503 -0.2865420175 -0.695789616 1.926333621 -0.8197390517 -1.857199047 1.438514678 
-0.1503 -0.2913027293 -0.6874846661 1.936018786 -0.812392049 -1.85497449 1.43053805 
-0.1503 -0.2964309446 -0.6792713586 1.94579156 -0.8050466614 -1.852653496 1.422723696 
-0.1503 -0.3011111814 -0.6709530903 1.955458221 -0.7973140159 -1.850543848 1.414725129 
-0.1503 -0.3061062708 -0.6625839453 1.965170945 -0.7896595341 -1.848251772 1.406764107 
-0.1503 -0.3111715833 -0.6541028975 1.974955799 -0.7818188215 -1.845931292 1.398717182 
-0.1503 -0.3163030523 -0.64552918 1.984767547 -0.7738499636 -1.843569708 1.390610559 
-0.1503 -0.3214919467 -0.6368856529 1.994560024 -0.7658109622 -1.841158829 1.382471601 
-0.1503 -0.3267560151 -0.6281168377 2.004426399 -0.7575721546 -1.83871961 1.374240196 
-0.1503 -0.3320874057 -0.6192445275 2.014320653 -0.7491909894 -1.83624324 1.365943419 
-0.1503 -0.3377622446 -0.6103150142 2.024274897 -0.7408652116 -1.83357289 1.357678616 
-0.1503 -0.3429391125 -0.6012042293 2.034146399 -0.7320439146 -1.83118094 1.349176765 
-0.1503 -0.3486516283 -0.5922601243 2.044077069 -0.72334075 -1.828580806 1.340952729 
-0.1503 -0.3537136751 -0.5831882737 2.053784455 -0.7142160902 -1.826323094 1.332538991 
-0.1503 -0.3592057008 -0.5740036216 2.063655961 -0.705033404 -1.823854439 1.324117577 
-0.1503 -0.3647466344 -0.5647383456 2.073499316 -0.6957505836 -1.821357404 1.315666761 
-0.1503 -0.3703716585 -0.5553212014 2.083411176 -0.6862329411 -1.818837655 1.307121075 
-0.1503 -0.3762710965 -0.5454594446 2.093545125 -0.6765404276 -1.816106356 1.298227739 
-0.1503 -0.3818054895 -0.5361456586 2.103249647 -0.6667291507 -1.81373084 1.289863691 
-0.1503 -0.3876348159 -0.526341525 2.11322554 -0.656664764 -1.81114813 1.281115375 
-0.1503 -0.3935331206 -0.5163976142 2.123223478 -0.6464050274 -1.808549095 1.272295377 
-0.1503 -0.3994767922 -0.5063476793 2.13319445 -0.6360113331 -1.805939997 1.263435709 
-0.1503 -0.4055305781 -0.4963076906 2.143103412 -0.6254944225 -1.80327803 1.254671719 
-0.1503 -0.4115463803 -0.4860676838 2.153123001 -0.6145448388 -1.800775137 1.245754283 
-0.1503 -0.4176067055 -0.4758171476 2.1630135 -0.6035681593 -1.798223735 1.236909666 
-0.1503 -0.4237225646 -0.4653699568 2.172955409 -0.5922879834 -1.795684652 1.227958055 
-0.1503 -0.4298773553 -0.4547938661 2.182887591 -0.5807826442 -1.793163514 1.218964892 
-0.0503 -0.3722362018 -0.5583962725 2.165370524 -0.4915275807 -1.840474156 1.329237815 
-0.0503 -0.3811871603 -0.5467382365 2.174990787 -0.4818731751 -1.834755027 1.319702507 
-0.0503 -0.3901390962 -0.5350095974 2.184596397 -0.4719308339 -1.829084459 1.31013672 
-0.0503 -0.3990589785 -0.5232882204 2.194127892 -0.4617794471 -1.823484754 1.300607382 
-0.0503 -0.4080293681 -0.5114056332 2.203701612 -0.4512609747 -1.817905133 1.290981346 
-0.0503 -0.4172160189 -0.4991586204 2.213425426 -0.4404220738 -1.812241818 1.281066211 
-0.0503 -0.4260728876 -0.4874801182 2.222760666 -0.4294721353 -1.806842581 1.271715625 
0 -0.4063867786 -0.5302119041 2.219080681 -0.3817071159 -1.815455269 1.323076885 
0 -0.4167454313 -0.5177002263 2.228305923 -0.371279144 -1.808451967 1.312826012 
0 -0.427043837 -0.5052083777 2.237448454 -0.3605994014 -1.801548331 1.302625132 
0 -0.4373732741 -0.4925552659 2.246616735 -0.3494992363 -1.794683492 1.292333379 
0 -0.4476875209 -0.4798232437 2.255751705 -0.3380585304 -1.7878908 1.282020375 
0.0497 -0.4318859712 -0.5198759961 2.251297252 -0.2936011936 -1.787394655 1.331129795 
0.0497 -0.4434981396 -0.506508134 2.260166394 -0.2826501828 -1.779205117 1.31985063 
0.0497 -0.4547055163 -0.4937169955 2.268683012 -0.2714725649 -1.771280187 1.309152442 
0.0497 -0.4660344904 -0.4807285736 2.277239457 -0.2599967868 -1.76336517 1.298295089 
0.0497 -0.4773975333 -0.4675897622 2.285804115 -0.2480754027 -1.755488103 1.287356855 
0.0497 -0.4887508079 -0.4543601176 2.29433292 -0.2357842908 -1.747686045 1.276386458 
0.0497 -0.5000501202 -0.4411022117 2.302782854 -0.223206434 -1.739995463 1.265434589 
0.0497 -0.5113639385 -0.4276729092 2.311226376 -0.2101619618 -1.732363542 1.254398487 
0.1497 -0.4763514029 -0.518014996 2.288658019 -0.1436855565 -1.714464741 1.355870517 
0.1497 -0.4894297759 -0.504561853 2.296112099 -0.13237606 -1.704539038 1.343319821 
0.1497 -0.502444887 -0.4909798994 2.303546223 -0.1205433987 -1.69471694 1.330769596 
0.1497 -0.5153438756 -0.4773324416 2.310921382 -0.1082675529 -1.685049459 1.318174174 
0.1497 -0.5280737923 -0.4636871306 2.318199118 -0.09563757253 -1.675585909 1.305627178 
0.1497 -0.5408615346 -0.4500746686 2.325420821 -0.08263916115 -1.66615092 1.293109943 
0.1497 -0.5535971323 -0.4364238193 2.332570902 -0.06925890896 -1.65680232 1.28058759 
0.1497 -0.5662616046 -0.4228054758 2.339621193 -0.055588625 -1.647526962 1.268113594 
0.1497 -0.578856676 -0.4090538519 2.346615969 -0.04141820443 -1.638391098 1.255574336 
0.2497 -0.5452958897 -0.4997609793 2.316378851 0.01184004294 -1.598048104 1.34625146 
0.2497 -0.5589807997 -0.4864870316 2.322221564 0.02448714809 -1.587223726 1.332192384 
0.2497 -0.5725439877 -0.4731528068 2.327994278 0.03762640896 -1.576577783 1.318096349 
0.2497 -0.5862682364 -0.4598776907 2.333725579 0.05103127219 -1.565883514 1.303950146 
0.2497 -0.5993788059 -0.4465859988 2.339269548 0.06495935176 -1.555668888 1.289962743 
0.2497 -0.6122533136 -0.4332395827 2.344694597 0.07936299722 -1.545715925 1.275978369 
0.2497 -0.6253071621 -0.4199262102 2.350074762 0.09403659199 -1.535684926 1.2619127 
0.2497 -0.6382556388 -0.4066408837 2.355357309 0.1090411574 -1.525762633 1.24785965 
0.2497 -0.65106439 -0.3932974025 2.360527181 0.1244879581 -1.516018433 1.233766574 
0.2497 -0.6633137403 -0.3798907995 2.365499281 0.1404431871 -1.506734403 1.219783815 
0.3497 -0.626855098 -0.4761066167 2.325361723 0.1791440101 -1.448285916 1.298997157 
0.3497 -0.6399613656 -0.4635717105 2.329240491 0.1937512098 -1.437679937 1.283392052 
0.3497 -0.652868273 -0.4510712797 2.332999485 0.2087293923 -1.427272001 1.267794932 
0.3497 -0.6654929009 -0.4386898646 2.33660989 0.2239632423 -1.41712877 1.252307945 
0.3497 -0.6782716231 -0.4262492259 2.340173836 0.2396317254 -1.406919438 1.236586767 
0.3497 -0.6902452926 -0.4139546684 2.3434652 0.2555602387 -1.397354031 1.221237246 
0.3497 -0.7024639482 -0.4016176488 2.346713695 0.2718775171 -1.387659967 1.205615557 
0.3497 -0.7144999048 -0.3893237477 2.349820524 0.2885097921 -1.378150398 1.189986418 
0.3497 -0.7262926112 -0.3771597001 2.352764592 0.3053267029 -1.36887378 1.174446178 
0.3497 -0.7375312769 -0.3649068911 2.355501597 0.3226640308 -1.36001993 1.158975879 
0.4497 -0.6925494678 -0.4695401438 2.305887689 0.3499753556 -1.288539876 1.229562958 
0.4497 -0.7041213667 -0.4583885098 2.307621989 0.366233259 -1.278921216 1.212549957 
0.4497 -0.7155416594 -0.4472273177 2.309225822 0.3829064657 -1.269453753 1.19541558 
0.4497 -0.7267338062 -0.4361340974 2.310682785 0.3998743975 -1.260201035 1.178272767 
0.4497 -0.7378573015 -0.4252117285 2.312015345 0.4169572269 -1.251078925 1.161117793 
0.4497 -0.7483713961 -0.4142338215 2.31313229 0.4345290768 -1.24238909 1.14407004 
0.4497 -0.7589087806 -0.4033595785 2.314127257 0.4523065863 -1.233756013 1.126883917 
0.4497 -0.7692070686 -0.3926400086 2.314961846 0.4702032443 -1.225354669 1.10977132 
0.4497 -0.7793380521 -0.3819260446 2.315632605 0.4884622675 -1.217110756 1.092536607 
0.4497 -0.7892521761 -0.3712955142 2.316132414 0.5069486483 -1.20906753 1.075284026 
0.5497 -0.7312510171 -0.4866343444 2.258258843 0.5258913561 -1.126377579 1.14174526 
0.5497 -0.7409845099 -0.4769683811 2.25790187 0.5439656898 -1.118044699 1.122918074 
0.5497 -0.7504528939 -0.467382915 2.257386212 0.5622982864 -1.109950238 1.10407979 
0.5497 -0.7596188172 -0.457945488 2.256716058 0.5807494802 -1.102132434 1.085342898 
0.5497 -0.7685473688 -0.448526895 2.255869295 0.599561537 -1.094513101 1.066495424 
0.5497 -0.7772009585 -0.4391964138 2.254849195 0.6185946035 -1.087130068 1.047650079 
0.5497 -0.7856982687 -0.4300270233 2.253687008 0.6377030635 -1.079945581 1.028811399 
0.5497 -0.7940283859 -0.420889231 2.252344061 0.6571428698 -1.072922828 1.009811781 
0.5497 -0.8021354585 -0.4118479072 2.250824003 0.6767755983 -1.066108233 0.9907775126 
0.5497 -0.8099694842 -0.4029654441 2.24913527 0.6964577907 -1.059542639 0.9718358801 
0.5497 -0.8176383846 -0.3941246062 2.247251514 0.7164457414 -1.053134506 0.952730168 
0.5497 -0.8250904358 -0.3853886441 2.245180034 0.7365974846 -1.046926067 0.9335875394 
0.5497 -0.83227961 -0.3768180701 2.242933211 0.7567668233 -1.04095423 0.9145361892 
0.5497 -0.8393047675 -0.3683000817 2.240477303 0.7772171166 -1.03513556 0.8953180455 
0.5497 -0.8461182248 -0.3598960362 2.237823508 0.7978035181 -1.029508361 0.8760611095 
0.5497 -0.8526778715 -0.3516642727 2.234988387 0.8183777174 -1.024105857 0.8568944415 
0.5497 -0.8591108436 -0.3434098839 2.23194069 0.8393852045 -1.018863056 0.8374299512 
0.5497 -0.8652621757 -0.3354524234 2.228664978 0.8601505701 -1.013782818 0.8181820174 
0.5497 -0.8712048985 -0.32758738 2.225212988 0.8810522964 -1.008926671 0.7988949883 
0.5497 -0.8769833769 -0.3197983947 2.221524828 0.9021887094 -1.004216064 0.7794362078 
0.5497 -0.8825578413 -0.3121421678 2.21762019 0.9234110645 -0.9996821481 0.759935315 
0.5497 -0.8878939172 -0.3046718125 2.21352464 0.9445685394 -0.9953514331 0.7405230776 
0.5497 -0.8930646404 -0.2972894242 2.20918008 0.9659396964 -0.9911633336 0.7209366343 
0.5497 -0.8980341437 -0.2900489541 2.204610751 0.9873746799 -0.9871457219 0.7013064695 
0.5497 -0.9027718918 -0.2830004969 2.199847 1.008722159 -0.9833220042 0.6817642442 
0.5497 -0.9073426518 -0.2760516909 2.194821936 1.030263975 -0.9796387548 0.662045354 
0.5497 -0.9117292068 -0.2692037046 2.189561272 1.051957978 -0.9761395784 0.6422046853 
0.5497 -0.9158605261 -0.2626527314 2.184110053 1.073327735 -0.9727883125 0.6226043152 
0.5497 -0.9198375457 -0.2561629021 2.178382517 1.094982593 -0.9695950727 0.6027483823 
0.5497 -0.9236173558 -0.2498317316 2.172415768 1.116663516 -0.9665627241 0.5828457067 
0.5497 -0.9271770576 -0.2437026222 2.166250133 1.138219347 -0.9637087835 0.5630298933 
0.5497 -0.9305652032 -0.237695189 2.159800235 1.159936202 -0.9609935593 0.5430327445 
0.5497 -0.9337574854 -0.2318537622 2.153104919 1.181663533 -0.9584358372 0.5229876035 
0.5497 -0.9367348034 -0.2262181426 2.146209676 1.203250747 -0.9560502774 0.5030291338 
0.5497 -0.9395377047 -0.2207143734 2.139019469 1.224985104 -0.9538038052 0.4828873124 
0.5497 -0.9421456882 -0.2153832343 2.131578248 1.246716514 -0.9517123114 0.4626965559 
0.5497 -0.9445434311 -0.2102608036 2.123936752 1.268295198 -0.9497876178 0.4425926367 
0.5497 -0.9467635134 -0.2052798334 2.115990036 1.290009007 -0.9480031334 0.4223036968 
0.5497 -0.948789212 -0.2004774387 2.107787244 1.311708571 -0.9463718731 0.4019652745 
0.5497 -0.950608964 -0.1958858851 2.099384431 1.33324513 -0.9449028169 0.3817142838 
0.5497 -0.9522473892 -0.191444905 2.090666513 1.35490666 -0.9435757498 0.3612770329 
0.5497 -0.9536824706 -0.1872158195 2.08174903 1.376399598 -0.9424081885 0.34092787 
0.5497 -0.954933519 -0.1831431553 2.072510019 1.398011789 -0.9413841163 0.3203918832 
0.5497 -0.9559900426 -0.1792577503 2.063007428 1.419595546 -0.9405117478 0.2998065316 
0.5497 -0.9568467002 -0.1755853881 2.053306296 1.441004172 -0.9397952827 0.2793106503 
0.5497 -0.9575147948 -0.1720780112 2.043274159 1.462525068 -0.9392249557 0.2586275032 
0.5497 -0.9579875369 -0.1687626265 2.032974315 1.484011798 -0.9388060752 0.2378956971 
0.5497 -0.9582632975 -0.1656610821 2.022477253 1.505319077 -0.9385399323 0.2172551906 
0.5497 -0.9583452996 -0.1627329969 2.011639792 1.526733655 -0.9384229683 0.1964274336 
0.5497 -0.9582304285 -0.1600015255 2.000530619 1.548110495 -0.9384575616 0.1755521464 
0.5497 -0.9579207537 -0.1574845676 1.989225698 1.569305826 -0.938642061 0.1547703579 
0.5497 -0.9574113062 -0.1551496894 1.977570916 1.590605646 -0.938979093 0.1338017163 
0.5497 -0.9567026191 -0.153016191 1.965640367 1.611866453 -0.9394680804 0.1127869929 
0.5497 -0.9558004517 -0.1510980233 1.953515508 1.632946066 -0.9401044005 0.09186821212 
0.5497 -0.954691483 -0.1493709957 1.941031058 1.65412975 -0.9408968619 0.07076322684 
0.5497 -0.9533798673 -0.1478505691 1.928266523 1.675275653 -0.9418419107 0.04961377336 
0.5497 -0.9518750472 -0.1465467598 1.915308857 1.696243242 -0.9429319263 0.02856277697 
0.5497 -0.9501551294 -0.145443957 1.901981348 1.717317204 -0.9441819174 0.007326289325 
0.5497 -0.9482278608 -0.1445538205 1.888368897 1.738357434 -0.9455853355 -0.01395309431 
0.5497 -0.9461063679 -0.1438824548 1.874563949 1.75922509 -0.9471315439 -0.03513166261 
0.5497 -0.9437598841 -0.1434232383 1.860378045 1.780204586 -0.9488417867 -0.05649518829 
0.5497 -0.9411997183 -0.1431840882 1.845901453 1.80115766 -0.9507065104 -0.07790034589 
0.5497 -0.93844268 -0.1431672396 1.831232081 1.82194718 -0.9527120489 -0.09920276323 
0.5497 -0.9354487288 -0.1433755704 1.816169342 1.842857788 -0.9548859372 -0.1206900982 
0.5497 -0.9322326943 -0.1438133477 1.800808808 1.863753153 -0.9572156131 -0.142218439 
0.5497 -0.928815067 -0.144479 1.785253819 1.88449787 -0.9596843736 -0.1636428908 
0.5497 -0.9251459949 -0.1453855701 1.769291166 1.905377545 -0.9623261212 -0.1852531086 
0.5497 -0.9212437686 -0.146533815 1.753021641 1.92625789 -0.965125286 -0.2069047602 
0.5497 -0.9171325454 -0.147918456 1.736553957 1.947005251 -0.9680621266 -0.2284525753 
0.5497 -0.912751941 -0.1495635928 1.719661647 1.967907244 -0.9711770115 -0.2501884 
0.5497 -0.9081236089 -0.1514666871 1.702450593 1.988831789 -0.9744513709 -0.2719676696 
0.5497 -0.9032753304 -0.1536189171 1.685034796 2.009647047 -0.9778624219 -0.293644904 
0.5497 -0.8981352088 -0.1560566688 1.66717368 2.030644131 -0.9814571281 -0.3155144566 
0.5497 -0.8927280923 -0.1587744524 1.648978027 2.051693439 -0.9852139268 -0.3374317563 
0.5497 -0.8870852833 -0.1617601826 1.630566989 2.072665119 -0.9891069916 -0.3592513108 
0.5497 -0.8811220154 -0.1650642788 1.611684716 2.093855893 -0.9931900398 -0.3812704834 
0.5497 -0.8748328244 -0.1686860099 1.592476922 2.115112154 -0.9973996571 -0.4032852529 
0.5497 -0.868300499 -0.1725997437 1.573026323 2.136345711 -1.001760824 -0.425235879 
0.5497 -0.8614059097 -0.1768766836 1.55307799 2.157846031 -1.006311389 -0.4473883424 
0.5497 -0.8541902946 -0.1815052821 1.532740408 2.179499422 -1.011037707 -0.4696195156 
0.4497 -0.944293412 -0.02657275843 1.60725943 2.099953128 -1.080930908 -0.4361914694 
0.4497 -0.9383753934 -0.03000077036 1.588153792 2.118224909 -1.085477548 -0.456275798 
0.4497 -0.9322247552 -0.03366556093 1.568733798 2.136540434 -1.090197833 -0.4763992793 
0.4497 -0.9258871225 -0.03754583824 1.549113053 2.154795042 -1.095074498 -0.4964465738 
0.4497 -0.9192520384 -0.04170695972 1.529037229 2.173232942 -1.100153289 -0.5166583946 
0.4497 -0.9123619717 -0.04613139829 1.508615903 2.191752202 -1.10541862 -0.5369205268 
0.4497 -0.9051265283 -0.05103156673 1.488121191 2.210228114 -1.110488469 -0.5570102599 
0.4497 -0.8976438371 -0.05582173706 1.467115101 2.228813049 -1.11617212 -0.5770870901 
0.4497 -0.8899438308 -0.06110384469 1.445571785 2.247683294 -1.122037597 -0.5975505995 
0.4497 -0.8819068078 -0.06668368229 1.423930476 2.266498254 -1.127898373 -0.6177461104 
0.3497 -0.9648035673 0.08882755688 1.504601438 2.192669905 -1.185340274 -0.5785733811 
0.3497 -0.9580660214 0.08460222364 1.484269017 2.208540606 -1.190971542 -0.5971333026 
0.3497 -0.9511487186 0.08020655517 1.46378381 2.224337529 -1.196728493 -0.6155721818 
0.3497 -0.9439506343 0.07557384698 1.442860114 2.240284455 -1.202691405 -0.6341406049 
0.3497 -0.9364234554 0.07050299112 1.421731719 2.256309587 -1.208532661 -0.6527059345 
0.3497 -0.9288682907 0.06568503613 1.400214876 2.272246675 -1.215088493 -0.6711746633 
0.3497 -0.9208468798 0.06029453855 1.37845453 2.288372916 -1.221382133 -0.6896696617 
0.3497 -0.912713637 0.05471240063 1.356235862 2.304587525 -1.228068465 -0.7083358007 
0.3497 -0.9041919597 0.04885682654 1.333637107 2.320962643 -1.234885273 -0.7269852285 
0.3497 -0.8953729806 0.04274002954 1.310660212 2.337463056 -1.241904844 -0.7456463938 
0.2497 -0.9732351765 0.1994341599 1.397839202 2.268867881 -1.288848458 -0.7019957031 
0.2497 -0.9658145777 0.1946538413 1.376556898 2.282585671 -1.295324159 -0.7192713729 
0.2497 -0.9582115391 0.1899622825 1.354996858 2.296249168 -1.302168824 -0.7363897729 
0.2497 -0.9504361243 0.1851346536 1.333281558 2.309853605 -1.309134651 -0.7533882195 
0.2497 -0.9424009989 0.1801171646 1.311398829 2.32349282 -1.316083531 -0.7702717335 
0.2497 -0.9340942214 0.1750202302 1.288615517 2.337327038 -1.32378898 -0.787516313 
0.2497 -0.9256838991 0.1696852953 1.266092957 2.3510152 -1.331171201 -0.8044070328 
0.2497 -0.9167931649 0.1641692015 1.242728964 2.364956524 -1.339116818 -0.821534446 
0.2497 -0.9077022055 0.1584164709 1.219149365 2.378940317 -1.347098681 -0.8386059495 
0.2497 -0.8983716452 0.1524424051 1.195323065 2.392949444 -1.355203423 -0.8555977414 
0.1497 -0.9722780727 0.3094240212 1.289188292 2.330121685 -1.392234656 -0.8087804278 
0.1497 -0.9643831183 0.3049853202 1.267216749 2.34161981 -1.399825884 -0.8245847242 
0.1497 -0.9563262714 0.3004363579 1.245084844 2.353054385 -1.407518814 -0.8402936242 
0.1497 -0.9480000088 0.2957722302 1.222489507 2.364562715 -1.415464348 -0.8560794917 
0.1497 -0.939442754 0.290990471 1.19955648 2.376083895 -1.423598687 -0.8718591446 
0.1497 -0.9306961704 0.2860892073 1.176416035 2.387559612 -1.43185441 -0.8875522224 
0.1497 -0.921466698 0.2813599568 1.152418266 2.398948289 -1.440682523 -0.9032503041 
0.1497 -0.9123623056 0.2760663022 1.128731611 2.410645829 -1.449240763 -0.9189845953 
0.1497 -0.9028526924 0.2709154903 1.104439769 2.422148905 -1.458219849 -0.9345820207 
0.0497 -0.9720090846 0.4256481246 1.203391054 2.36793546 -1.486464953 -0.8858611829 
0.0497 -0.9639313784 0.4218431335 1.181216494 2.377319648 -1.494726274 -0.9004260124 
0.0497 -0.9557153999 0.4180442155 1.158888426 2.386588204 -1.503126145 -0.914865142 
0.0497 -0.9472415646 0.4142032706 1.136087971 2.395864274 -1.511786881 -0.9293754734 
0.0497 -0.9385552362 0.4103497179 1.112945811 2.405082273 -1.520662289 -0.9438614144 
0 -0.9653697311 0.4834016642 1.150017897 2.387331402 -1.537078365 -0.9268196682 
0 -0.9573903286 0.4797506616 1.128074508 2.395853043 -1.545435397 -0.9408142985 
0 -0.948707877 0.4765399101 1.104953583 2.403901587 -1.554486156 -0.9548560187 
-0.0503 -0.9744311676 0.5488491186 1.143156625 2.388968584 -1.569282045 -0.9371905506 
-0.0503 -0.9664645356 0.545952555 1.121311924 2.396364107 -1.577878788 -0.9506147034 
-0.0503 -0.9583253235 0.5431167754 1.099175452 2.403648619 -1.586674902 -0.9640060448 
-0.0503 -0.9500621734 0.5403699982 1.076881035 2.41076515 -1.59561977 -0.9772771943 
-0.0503 -0.9415548311 0.5376864873 1.054107559 2.417798943 -1.604846068 -0.9906100541 
-0.1503 -0.9947709952 0.6812727758 1.150016609 2.387925054 -1.622360528 -0.9418362761 
-0.1503 -0.9874768538 0.6790576233 1.129622622 2.393884214 -1.630505086 -0.9542207912 
-0.1503 -0.980000495 0.6769253108 1.108863136 2.399753989 -1.638873759 -0.9666486885 
-0.1503 -0.972385496 0.6749020391 1.087862184 2.405483265 -1.647420461 -0.9790378547 
-0.1503 -0.9646796088 0.6730112782 1.06675022 2.411024243 -1.656094353 -0.9912086142 
-0.1503 -0.9567693985 0.6712453063 1.045222044 2.4164346 -1.66502597 -1.003625834 
-0.1503 -0.9487023005 0.6696297133 1.023405542 2.421663609 -1.674166306 -1.015912606 
-0.1503 -0.9405252933 0.6681934618 1.00142895 2.426658328 -1.683466062 -1.028088999 
-0.2503 -0.9881803567 0.8075839189 1.099123652 2.405346407 -1.694825947 -0.9772514216 
-0.2503 -0.9810991748 0.806143342 1.079394354 2.409897875 -1.70293129 -0.9887133418 
-0.2503 -0.9739541877 0.8048563359 1.059598418 2.414260482 -1.711138923 -1.000057071 
-0.2503 -0.9666443109 0.8037193869 1.039456405 2.41847939 -1.719568258 -1.011437869 
-0.2503 -0.9592124089 0.8027574844 1.019088081 2.422508712 -1.728173941 -1.022781293 
-0.2503 -0.9517040778 0.8019930573 0.9986177797 2.426305322 -1.736907051 -1.034014336 
-0.2503 -0.9436798661 0.8017667074 0.9772193465 2.429501094 -1.74621843 -1.045326056 
-0.2503 -0.936178562 0.8011162036 0.9566106765 2.433240985 -1.755101096 -1.05654254 
-0.2503 -0.9282509867 0.8010598046 0.93531648 2.436281466 -1.764468928 -1.067695166 
-0.2503 -0.9201130136 0.8012976741 0.9135580791 2.439029151 -1.774145561 -1.078906453 
-0.3503 -0.9645178186 0.93485125 1.01835935 2.426527455 -1.776286232 -1.024364257 
-0.3503 -0.9577058817 0.9343821592 0.9995244225 2.429616468 -1.784213253 -1.034729228 
-0.3503 -0.9507514942 0.9341083594 0.9803791042 2.432527026 -1.792345628 -1.045125845 
-0.3503 -0.9437436376 0.9340517198 0.9611684153 2.435201342 -1.80058362 -1.055417228 
-0.3503 -0.9365833704 0.93423111 0.94162008 2.437655036 -1.809048499 -1.0656801 
-0.3503 -0.9293100963 0.9346752819 0.9218454229 2.439840944 -1.817699627 -1.076045335 
-0.3503 -0.9217934982 0.9356477177 0.9017372167 2.441373639 -1.826589753 -1.086213487 
-0.3503 -0.914454844 0.9364543548 0.8816891959 2.443288363 -1.835550466 -1.096509136 
-0.3503 -0.9068068761 0.9378650375 0.8611293798 2.444487476 -1.844845089 -1.106754496 
-0.3503 -0.8990689801 0.9396640147 0.8404003494 2.445268723 -1.854328646 -1.116927638 
-0.4503 -0.9397262422 1.065106866 0.9521694167 2.443403428 -1.846732476 -1.058818166 
-0.4503 -0.9333687098 1.065224606 0.9344613681 2.445636004 -1.854079181 -1.068303123 
-0.4503 -0.926981184 1.065550307 0.9167292356 2.447654165 -1.861501478 -1.077687465 
-0.4503 -0.920473838 1.06610665 0.8987235028 2.449466088 -1.869108072 -1.087100664 
-0.4503 -0.9136875469 1.067204507 0.8802748027 2.450680372 -1.876988476 -1.096448331 
-0.4503 -0.9072570861 1.067984936 0.8623268155 2.452329552 -1.884710838 -1.105773651 
-0.4503 -0.9004245707 1.0696837 0.843741932 2.453162338 -1.89290191 -1.114939455 
-0.4503 -0.8933187104 1.071571862 0.8245336663 2.453499565 -1.901395073 -1.124491855 
-0.4503 -0.8867293627 1.073120222 0.8062068935 2.454340307 -1.909405756 -1.133655888 
-0.4503 -0.8796593042 1.07560278 0.7869876233 2.454241509 -1.91806525 -1.142954132 
-0.5503 -0.9156148017 1.192356412 0.9043173437 2.462755103 -1.901119365 -1.081926051 
-0.5503 -0.9101510224 1.192146602 0.8885331571 2.465132064 -1.907096144 -1.090503172 
-0.5503 -0.904252754 1.192639739 0.8720458994 2.466840425 -1.913593269 -1.099148008 
-0.5503 -0.8988278305 1.192507859 0.8562389903 2.46917013 -1.919577698 -1.10766946 
-0.5503 -0.8934398834 1.192436673 0.8404811629 2.471480711 -1.925547894 -1.116107011 
