-0.7503 -0.337002959 2.460674904 1.017462659 1.381635038 -2.497422028 -1.066266539 
-0.7503 -0.3368338892 2.45503611 1.031898336 1.388041317 -2.498511941 -1.054434823 
-0.7503 -0.3361769137 2.450608574 1.045828394 1.393165462 -2.499985122 -1.043498459 
-0.7503 -0.3358218914 2.445496048 1.060360087 1.398946497 -2.501206077 -1.031864577 
-0.7503 -0.3355301475 2.44075467 1.073921148 1.404261705 -2.502290729 -1.021028342 
-0.7503 -0.3352761692 2.436063333 1.087424997 1.409476375 -2.503319372 -1.010258936 
-0.7503 -0.3350448114 2.431114415 1.101769326 1.414928612 -2.504357007 -0.9988437122 
-0.7503 -0.3348631617 2.426526473 1.115163986 1.419937634 -2.505275855 -0.98820819 
-0.7503 -0.3347189828 2.42197205 1.128349706 1.424625763 -2.506115009 -0.9779133501 
-0.7503 -0.3348950305 2.416776243 1.142439727 1.430364226 -2.506712757 -0.9663962895 
-0.7503 -0.3345018007 2.41276713 1.155946824 1.434688626 -2.507786329 -0.9559790373 
-0.7503 -0.3347132393 2.40771529 1.169811264 1.439940252 -2.508282565 -0.9448780659 
-0.7503 -0.3348348658 2.40317672 1.182855455 1.444630786 -2.508804727 -0.934541977 
-0.7503 -0.334385717 2.399471357 1.196200859 1.448294572 -2.509855867 -0.9245803808 
-0.7503 -0.3344243114 2.394953094 1.210301621 1.453148651 -2.510499265 -0.9134145485 
-0.7503 -0.3344673838 2.390767232 1.223359503 1.457375678 -2.511049737 -0.9032599697 
-0.7503 -0.3345373121 2.386354738 1.237251974 1.461783863 -2.511594336 -0.8924876503 
-0.7503 -0.3346242604 2.38226676 1.250244053 1.465823134 -2.512066243 -0.8824431238 
-0.7503 -0.3351140414 2.37770141 1.262837058 1.470070792 -2.512090653 -0.8725721772 
-0.7503 -0.3351504232 2.373597657 1.276774948 1.474194036 -2.51263206 -0.8618361114 
-0.7503 -0.335009609 2.370020003 1.28990725 1.477656174 -2.513292118 -0.8519592407 
-0.7503 -0.3354593657 2.365508272 1.303425898 1.481866824 -2.513354565 -0.8414572459 
-0.7503 -0.3356575988 2.361588337 1.316061059 1.485209118 -2.513569335 -0.8320090005 
-0.7503 -0.3359621536 2.357659741 1.328936099 1.488961615 -2.513756621 -0.8220745482 
-0.7503 -0.3357761922 2.354187213 1.342987681 1.492318821 -2.514458266 -0.8116000754 
-0.7503 -0.3359069906 2.35053521 1.355658281 1.495322688 -2.514699748 -0.8022647063 
-0.7503 -0.336249955 2.346551976 1.36938547 1.499113365 -2.51485074 -0.7917185879 
-0.7503 -0.3363769784 2.343008082 1.382000952 1.501876723 -2.515050739 -0.78253479 
-0.7503 -0.3370834324 2.338921811 1.394595314 1.505607214 -2.514769935 -0.7727077621 
-0.7503 -0.3371963571 2.33531186 1.408081891 1.508422494 -2.514982789 -0.7629120317 
-0.7503 -0.3373275291 2.332055311 1.421089056 1.511473328 -2.51528817 -0.7531479772 
-0.7503 -0.3377799161 2.328434912 1.433732039 1.514578457 -2.515194971 -0.7436137265 
-0.7503 -0.3381746069 2.324611473 1.446912081 1.517241583 -2.515031682 -0.7340951409 
-0.7503 -0.3385969174 2.321139342 1.459602361 1.520172132 -2.514959314 -0.7245959369 
-0.7503 -0.3385825954 2.318010569 1.473354185 1.522707791 -2.515321761 -0.7146592299 
-0.7503 -0.3388085318 2.31477612 1.485903944 1.524981465 -2.515323968 -0.7056640455 
-0.7503 -0.3396455347 2.310995889 1.498279829 1.528044852 -2.514768877 -0.6962441364 
-0.7503 -0.3399124864 2.307585542 1.511561464 1.530225979 -2.514680376 -0.6868465669 
-0.7503 -0.3402274405 2.304499534 1.524345467 1.532724096 -2.514689209 -0.6774585554 
-0.7503 -0.3404146913 2.301279672 1.537653715 1.534702581 -2.514648483 -0.6681248479 
-0.7503 -0.3406532441 2.298380202 1.550460497 1.537014544 -2.514709882 -0.6587984302 
-0.7503 -0.3413699322 2.295176193 1.562839257 1.539493696 -2.514414295 -0.6496622748 
-0.7503 -0.3415825609 2.291793455 1.576052441 1.541162388 -2.514060107 -0.6405485776 
-0.7503 -0.3420599012 2.28872589 1.588612457 1.543341786 -2.513798627 -0.6314390111 
-0.7503 -0.3418959472 2.286056651 1.602086562 1.544622658 -2.514050338 -0.622358974 
-0.7503 -0.3428398803 2.282573456 1.614303292 1.546999563 -2.513246604 -0.6133181 
-0.7503 -0.3432364417 2.279726832 1.626906688 1.548942905 -2.513043157 -0.6042765361 
-0.7503 -0.3435233798 2.276681817 1.640063226 1.55033429 -2.512763907 -0.5952899412 
-0.7503 -0.3438876647 2.273941629 1.652704828 1.552132582 -2.512592465 -0.5862903501 
-0.7503 -0.3440868562 2.271063735 1.665885478 1.55333645 -2.512368037 -0.5772697238 
-0.7503 -0.3443697514 2.268485546 1.678547143 1.554966247 -2.512252041 -0.5684310348 
-0.7503 -0.3450254282 2.265680739 1.690870985 1.556672532 -2.511832599 -0.559670303 
-0.7503 -0.3452724565 2.262637263 1.703953917 1.557595044 -2.511322735 -0.5509420048 
-0.7503 -0.3457497339 2.259921479 1.716411873 1.559068481 -2.510928522 -0.5422006455 
-0.7503 -0.3461801232 2.257294233 1.728876475 1.560463439 -2.510563638 -0.5334865387 
-0.7503 -0.3464947619 2.254442714 1.741902191 1.561263502 -2.510107092 -0.5248364676 
-0.7503 -0.3468848241 2.251918309 1.754397584 1.562526218 -2.509776727 -0.5161619181 
-0.7503 -0.3471400368 2.24918171 1.767450626 1.563172124 -2.50935979 -0.5075620174 
-0.7503 -0.3474986849 2.246743094 1.77997878 1.564309031 -2.509062441 -0.4989270452 
-0.7503 -0.3478733602 2.244450123 1.792434266 1.565418189 -2.508822949 -0.4903511131 
-0.7503 -0.3479288896 2.241856943 1.805596716 1.565762077 -2.508467466 -0.4818208932 
-0.7503 -0.3484706695 2.239386276 1.817865244 1.566716733 -2.507972818 -0.4734416324 
-0.7503 -0.348687651 2.236630417 1.830825788 1.566899113 -2.507358857 -0.4651081243 
-0.7503 -0.3491104739 2.234209259 1.843190702 1.567680819 -2.506879843 -0.4567397297 
-0.7503 -0.3494688661 2.231881223 1.855558667 1.568382667 -2.506438893 -0.4484032727 
-0.7503 -0.3496028179 2.229398476 1.86846722 1.568376071 -2.505932004 -0.4401808729 
-0.7503 -0.3500258848 2.227046321 1.880882841 1.569024008 -2.505479038 -0.4318432553 
-0.7503 -0.3501986294 2.224555647 1.893833273 1.568936553 -2.504967833 -0.4236334521 
-0.7503 -0.3505005827 2.222365459 1.906256954 1.569424611 -2.504588946 -0.4153640764 
-0.7503 -0.35075107 2.220323484 1.918637411 1.569847734 -2.504280638 -0.4071593942 
-0.7503 -0.3507722456 2.217942506 1.931657488 1.569514613 -2.503827635 -0.3990170667 
-0.7503 -0.3511346255 2.215735008 1.943854699 1.569689775 -2.503303664 -0.3910608733 
-0.7503 -0.3512461905 2.213205847 1.95668176 1.569090549 -2.502634653 -0.3831683605 
-0.7503 -0.3515562042 2.21100964 1.968945565 1.569154575 -2.502112945 -0.3752093286 
-0.7503 -0.351759323 2.208930813 1.981205601 1.569121255 -2.501649171 -0.3672965329 
-0.7503 -0.3517698462 2.206610529 1.994008021 1.568340894 -2.501079213 -0.3595010195 
-0.7503 -0.3520425359 2.204501418 2.006305857 1.568276946 -2.500600699 -0.3515777167 
-0.7503 -0.3523186011 2.202594218 2.01850823 1.568197819 -2.500225791 -0.3437500563 
-0.7503 -0.3523940125 2.200279872 2.031341348 1.567334287 -2.499662123 -0.3359758987 
-0.7503 -0.3523413498 2.198310743 2.043734296 1.566952214 -2.499268616 -0.3281194028 
-0.7503 -0.3522680351 2.196076383 2.056600254 1.565905781 -2.498755998 -0.3204005846 
-0.7503 -0.3523661108 2.19403938 2.068690641 1.565203869 -2.498246578 -0.3129583084 
-0.7503 -0.3524327909 2.192019565 2.080802388 1.564456831 -2.497746683 -0.3055160661 
-0.7503 -0.3525155678 2.189709376 2.093385102 1.563058494 -2.4971078 -0.2981999132 
-0.7503 -0.3524297241 2.187788388 2.105524186 1.562157459 -2.496666895 -0.2907994798 
-0.7503 -0.3521961591 2.185403762 2.118263611 1.560461322 -2.49599518 -0.2834443768 
-0.7503 -0.3522974057 2.183604539 2.130316454 1.559646441 -2.495621355 -0.2761048308 
-0.7503 -0.3522104499 2.181647742 2.142521145 1.55866187 -2.495165475 -0.2686757726 
-0.7503 -0.3521370971 2.179386189 2.155184505 1.556988514 -2.494563644 -0.2613931882 
-0.7503 -0.3518954642 2.177513579 2.167409026 1.555844867 -2.494168083 -0.254014538 
-0.7503 -0.3516633987 2.175329085 2.180086654 1.553993134 -2.493624806 -0.246793461 
-0.7503 -0.3513852867 2.173307839 2.191968461 1.552152127 -2.493157523 -0.2400885384 
-0.7503 -0.3510934201 2.171290988 2.203864531 1.550286482 -2.492693956 -0.2333736432 
-0.7503 -0.3510133355 2.169287205 2.216524583 1.548636172 -2.49220497 -0.2260530719 
-0.7503 -0.3511203939 2.166889409 2.228145825 1.54670134 -2.491215507 -0.2193941903 
-0.7503 -0.3504019925 2.164931615 2.241042863 1.544561707 -2.49110047 -0.2121826761 
-0.7503 -0.3498322753 2.162920933 2.252952118 1.542013027 -2.490671837 -0.2058681233 
-0.7503 -0.3501253533 2.160529268 2.264406494 1.540050693 -2.489698663 -0.199343201 
-0.7503 -0.3490845299 2.158601351 2.277247628 1.537281449 -2.489656839 -0.1924580549 
-0.7503 -0.3483537698 2.156468514 2.288686003 1.534024024 -2.489222394 -0.1868408479 
-0.7503 -0.3481184255 2.154362633 2.300684158 1.532056863 -2.488705973 -0.1800355003 
-0.7503 -0.3475541572 2.152206451 2.313071161 1.529088841 -2.488299667 -0.1735894381 
-0.7503 -0.3471199817 2.149933437 2.324702103 1.526339 -2.487750939 -0.1674122617 
-0.7503 -0.3463046509 2.147504046 2.337152021 1.522833695 -2.487226671 -0.1611158144 
-0.7503 -0.3457163273 2.145388826 2.348654626 1.519681073 -2.486848019 -0.1553532215 
-0.7503 -0.344859919 2.143052554 2.360247315 1.516071045 -2.486373269 -0.1496756046 
-0.7503 -0.3441349257 2.140457774 2.37250376 1.512449109 -2.485784403 -0.1434619836 
-0.7503 -0.3436008903 2.138113032 2.383892747 1.509054441 -2.485306935 -0.1378176103 
-0.7503 -0.3425080781 2.135435604 2.396118994 1.504670596 -2.484776363 -0.1319850464 
-0.7503 -0.3407783978 2.133087627 2.407352586 1.499490822 -2.484851849 -0.1276202555 
-0.7503 -0.340747849 2.13035133 2.418783464 1.496448107 -2.483784462 -0.1214435616 
-0.7503 -0.3396239169 2.127705144 2.430732482 1.491692253 -2.483386176 -0.116077766 
-0.7503 -0.338742692 2.124871017 2.441971724 1.487193161 -2.48276916 -0.1109953176 
-0.7503 -0.337775018 2.121956192 2.453833361 1.482229518 -2.482238641 -0.1057939285 
-0.7503 -0.3365643729 2.119045758 2.464924045 1.477113858 -2.481696881 -0.1010415418 
-0.7503 -0.3355422154 2.115987346 2.475955467 1.472060264 -2.481054457 -0.09623090999 
-0.7503 -0.3342220827 2.112816857 2.487615039 1.466151692 -2.480543487 -0.09160359419 
-0.7503 -0.3330833343 2.109523236 2.498529526 1.460539528 -2.479851955 -0.08710824872 
-0.7503 -0.3318127759 2.106094119 2.510028331 1.454322619 -2.47924606 -0.08264586704 
-0.7503 -0.3306112947 2.10254952 2.520792519 1.448235281 -2.478488806 -0.07830992858 
-0.7503 -0.3293215865 2.098889393 2.531466087 1.441848476 -2.477714277 -0.07433615344 
-0.7503 -0.3278768342 2.095037022 2.542699383 1.434758833 -2.477011959 -0.07034830137 
-0.7503 -0.3266286676 2.091045591 2.553211377 1.427932584 -2.476107921 -0.0664822705 
-0.7503 -0.3253861729 2.086912539 2.563624752 1.420899513 -2.475155879 -0.06271988072 
-0.7503 -0.3238406723 2.082555158 2.574555638 1.41287596 -2.474312915 -0.05924044819 
-0.7503 -0.3225551073 2.078068377 2.584767671 1.405228412 -2.473248447 -0.05579252015 
-0.7503 -0.3209902187 2.073333553 2.59546084 1.39661172 -2.472281711 -0.05261557478 
-0.7503 -0.3196992656 2.068461696 2.605447419 1.388370066 -2.47108001 -0.04945161567 
-0.7503 -0.3184031621 2.063375337 2.615322219 1.3797886 -2.46979799 -0.04644324709 
-0.7503 -0.3168453399 2.057991996 2.625628598 1.370215351 -2.46859379 -0.04371555948 
-0.7503 -0.315596769 2.052469589 2.63524573 1.361052768 -2.467134175 -0.04094957174 
-0.7503 -0.3141589103 2.046459358 2.645310333 1.350815353 -2.465612449 -0.0383699844 
-0.7503 -0.3130821564 2.040349761 2.654692402 1.341109475 -2.463835209 -0.03567063423 
-0.7503 -0.3120513893 2.034001418 2.66393467 1.331097252 -2.461951193 -0.03308299853 
-0.7503 -0.3107121535 2.02719519 2.673530664 1.319781951 -2.460093491 -0.03093817665 
-0.7503 -0.3097878925 2.020319043 2.682467876 1.309109697 -2.457967711 -0.02857933439 
-0.7503 -0.3085533549 2.012918023 2.691721648 1.297043587 -2.455839911 -0.02670086636 
-0.7503 -0.3077716185 2.00547423 2.700336695 1.285706766 -2.453438039 -0.02453823673 
-0.7503 -0.3071228233 1.997812811 2.708792751 1.274241301 -2.450909833 -0.02235473268 
-0.7503 -0.3060813774 1.989386933 2.717506929 1.260888953 -2.448289134 -0.02088183445 
-0.7503 -0.3055942783 1.981038857 2.725619875 1.248592913 -2.445410955 -0.01891895684 
-0.7503 -0.3051795873 1.971811321 2.734079001 1.23511751 -2.442172839 -0.01690964429 
-0.7503 -0.3053413182 1.96266544 2.741977928 1.222678817 -2.438659501 -0.01438655727 
-0.7503 -0.3050306035 1.953468303 2.749492334 1.209228151 -2.435396621 -0.0128537559 
-0.7503 -0.305746746 1.943001824 2.75762811 1.195663042 -2.431118073 -0.009819182553 
-0.7503 -0.305730018 1.93315295 2.764773041 1.181613366 -2.427469329 -0.008310127365 
-0.7503 -0.3064632858 1.922853152 2.771951695 1.168089151 -2.423270714 -0.005849429556 
-0.7503 -0.3081367052 1.911355386 2.779678657 1.154231568 -2.418143042 -0.002126911329 
-0.7503 -0.308931851 1.900571531 2.786387302 1.139894894 -2.41375788 -5.399329576e-05 
-0.7503 -0.3108605041 1.888478383 2.793680923 1.125288766 -2.408292619 0.003497470012 
-0.7503 -0.3129518312 1.876949384 2.800378494 1.111617243 -2.40297832 0.007032507476 
-0.7503 -0.3161389662 1.865824628 2.807359066 1.099628477 -2.397272267 0.01195799881 
-0.7503 -0.3190494648 1.852399897 2.814158455 1.08440828 -2.39087848 0.01623678991 
-0.7503 -0.3229379285 1.840274138 2.820844193 1.071906528 -2.384487616 0.02170233565 
-0.7503 -0.3279199074 1.827262045 2.828070921 1.059320327 -2.377246315 0.02847466469 
-0.7503 -0.3335218691 1.815090226 2.835014785 1.048479248 -2.370023958 0.03590421219 
-0.7503 -0.3402102488 1.803076158 2.842222919 1.038886397 -2.362337302 0.04462030167 
-0.7503 -0.3488063023 1.790634735 2.850350029 1.030492024 -2.353561211 0.05567472395 
-0.7503 -0.3571729811 1.779113643 2.85791564 1.022712861 -2.34522338 0.06612684574 
-0.7503 -0.3708035547 1.769382126 2.868164565 1.022262224 -2.334867411 0.08354904068 
-0.7503 -0.3856771956 1.760212385 2.878402471 1.023632955 -2.324009086 0.1022706684 
-0.7503 -0.4032490788 1.753652969 2.890052978 1.029992514 -2.312488853 0.1242422716 
-0.7503 -0.4260198996 1.749797414 2.904517775 1.043475445 -2.298806853 0.152571572 
-0.7503 -0.4515063823 1.750030422 2.920329706 1.063358589 -2.284463918 0.1841274814 
-0.7503 -0.4829176007 1.755203197 2.93973028 1.092527399 -2.267461119 0.2228649976 
-0.7503 -0.5153357917 1.764916666 2.960038964 1.126294269 -2.250126463 0.2627763189 
-0.7503 -0.5489410668 1.778839975 2.981773969 1.164033231 -2.231984475 0.3042556076 
-0.7503 -0.5839617558 1.79705081 3.005623515 1.20553673 -2.2126102 0.34788948 
-0.7503 -0.6143920356 1.815812488 3.027833151 1.24301835 -2.195231969 0.3864936795 
-0.5503 -0.9977427129 1.367096971 2.980447583 1.110177173 -1.846885615 0.6615024448 
-0.4503 -1.002409319 1.026030572 2.882190881 0.8537633221 -1.756425222 0.6612607776 
-0.4503 -0.9847400495 0.9952299066 2.874343951 0.8096623724 -1.762784171 0.6561574818 
-0.4503 -0.9673811293 0.9627614952 2.865941995 0.7634466494 -1.767781566 0.6513227962 
-0.4503 -0.951277374 0.932086097 2.85760505 0.7200016544 -1.771576808 0.6470231059 
-0.4503 -0.9358329397 0.9015312531 2.849043789 0.6769543544 -1.774282382 0.643187631 
-0.3503 -0.961383124 0.654596792 2.77566804 0.5382151714 -1.670486007 0.7036262166 
-0.3503 -0.9491795114 0.6292354455 2.76826392 0.5025155672 -1.671820449 0.7058836475 
-0.3503 -0.9365030047 0.6022562024 2.760091554 0.4647331874 -1.672668972 0.7086391625 
-0.3503 -0.9249551218 0.5770803398 2.752195542 0.4296463843 -1.67295373 0.7115724626 
-0.3503 -0.9137448666 0.5520601525 2.744093124 0.3949293393 -1.672774065 0.7148626759 
-0.3503 -0.9021684002 0.5255848551 2.735243541 0.35834863 -1.672105396 0.7187802465 
-0.3503 -0.8917226884 0.5005218283 2.726620842 0.3240976701 -1.670818365 0.722985716 
-0.3503 -0.8808753977 0.4750543004 2.71756116 0.2889338045 -1.669551976 0.7276026143 
-0.3503 -0.8711108463 0.4510226897 2.708781072 0.2560870945 -1.667789394 0.732460642 
-0.3503 -0.8616936458 0.4272944548 2.699871653 0.2237471293 -1.665726653 0.7377008129 
-0.3503 -0.8520255441 0.402339734 2.69023797 0.1898231617 -1.663230733 0.7437057734 
-0.3503 -0.8433078727 0.3792948158 2.681094601 0.158564497 -1.660645472 0.7497170048 
-0.3503 -0.8343690264 0.355102771 2.671232628 0.1258092561 -1.657659358 0.7565250664 
-0.3503 -0.8263168621 0.3327997683 2.661893272 0.09565440725 -1.654674547 0.7632671473 
-0.3503 -0.8185722081 0.3108714643 2.652470646 0.06603502714 -1.651536734 0.7703443729 
-0.3503 -0.8106386944 0.2879031228 2.64233556 0.03502911543 -1.648048241 0.7782475382 
-0.3503 -0.8034997425 0.2667511756 2.632753163 0.006491290931 -1.644657804 0.7859845647 
-0.3503 -0.79663866 0.2459753637 2.623098851 -0.02153614679 -1.641174052 0.7940235101 
-0.3503 -0.7895764301 0.2245141009 2.612839999 -0.05064829981 -1.637519243 0.8027583698 
-0.3503 -0.7832550771 0.2045301256 2.603055875 -0.07763810233 -1.633902647 0.8113679366 
-0.3503 -0.776744565 0.1839190265 2.592673825 -0.1056608374 -1.630141073 0.8206662188 
-0.3503 -0.7709189591 0.1647276994 2.582775299 -0.131649767 -1.626457465 0.8297876315 
-0.3503 -0.7653180418 0.1459145244 2.572823327 -0.1571714079 -1.622761125 0.8391408206 
-0.3503 -0.7595442077 0.1265443877 2.562279021 -0.1836653628 -1.618948676 0.8491723137 
-0.3503 -0.7543786733 0.1084959045 2.552223141 -0.2082611862 -1.615254752 0.8589644972 
-0.3503 -0.7490505924 0.0899282648 2.54157596 -0.2337973317 -1.61145847 0.8694298021 
-0.3503 -0.7442517792 0.072883151 2.531546498 -0.2573118426 -1.607915702 0.8794295731 
-0.3503 -0.7396296577 0.05622516157 2.521492543 -0.2803927246 -1.604413463 0.8895711705 
-0.2503 -0.7408894232 -0.08588133506 2.464955009 -0.3032997057 -1.577660284 1.005808142 
-0.2503 -0.7348284424 -0.1006443017 2.455142903 -0.3240330892 -1.577325699 1.0161726 
-0.2503 -0.7284929834 -0.1160614876 2.444640541 -0.345739007 -1.577020936 1.027274331 
-0.2503 -0.7226712015 -0.1302102833 2.434763688 -0.3657118473 -1.576784956 1.0377181 
-0.2503 -0.7169598891 -0.1440687172 2.424859652 -0.3853278947 -1.576597435 1.048189743 
-0.1503 -0.692670601 -0.273406967 2.370600277 -0.3887789017 -1.573092954 1.160256121 
-0.1503 -0.6853246638 -0.2862174693 2.360983405 -0.4060880029 -1.575952959 1.170816964 
-0.1503 -0.6775581136 -0.2996509298 2.350686873 -0.4241884959 -1.579061958 1.182047792 
-0.1503 -0.6702907432 -0.3122137329 2.340888777 -0.4409370286 -1.582031389 1.192695676 
-0.1503 -0.6631832577 -0.3242134477 2.331282806 -0.457141267 -1.585045168 1.20299706 
-0.1503 -0.6555531886 -0.3371877114 2.320761972 -0.4743202897 -1.58832628 1.21427701 
-0.1503 -0.6484850407 -0.349056849 2.310929728 -0.490047826 -1.591448943 1.224725973 
-0.1503 -0.6416007354 -0.3603610174 2.301313511 -0.5052621537 -1.5945723 1.234799036 
-0.1503 -0.6341636098 -0.3726804722 2.290735177 -0.521426964 -1.597998114 1.245896851 
-0.1503 -0.6272865403 -0.3839331276 2.280867671 -0.5362199686 -1.601235092 1.256151435 
-0.1503 -0.6201152817 -0.3954824997 2.270492419 -0.551557084 -1.604671859 1.266800852 
-0.1503 -0.6133618398 -0.4063629907 2.260598116 -0.5657678825 -1.607965955 1.27693218 
-0.1503 -0.6066632942 -0.4170761359 2.250688525 -0.5797070866 -1.611287262 1.287007575 
-0.1503 -0.5996199208 -0.428232805 2.240164084 -0.5942435223 -1.614829868 1.297610649 
-0.1503 -0.5929702395 -0.4387511526 2.230134705 -0.6076986947 -1.61823944 1.307689813 
-0.1503 -0.5860718021 -0.449517059 2.219615645 -0.6216551857 -1.621804877 1.318123644 
-0.1503 -0.579547837 -0.4596829799 2.209589049 -0.6345728022 -1.625241916 1.328047028 
-0.1503 -0.573081185 -0.4696891142 2.199562401 -0.6472396229 -1.628690792 1.337898088 
-0.1503 -0.5663915001 -0.4799312827 2.189046987 -0.660399856 -1.632264553 1.348097003 
-0.1503 -0.5600454758 -0.4896284674 2.179018678 -0.67257791 -1.635721964 1.357806472 
-0.1503 -0.5534934154 -0.4995541844 2.168502032 -0.6852451366 -1.639283895 1.367860403 
-0.1503 -0.5472624975 -0.5089707225 2.158468031 -0.6969639187 -1.642741298 1.377439266 
-0.1503 -0.5410815938 -0.518262479 2.148428769 -0.7084672044 -1.646200702 1.386959212 
-0.1503 -0.5346682422 -0.5278494411 2.137847882 -0.7204690339 -1.649780445 1.396885941 
-0.1503 -0.5285538504 -0.5369539688 2.127759332 -0.7315578098 -1.65326727 1.406336391 
-0.1503 -0.5222891436 -0.5462432685 2.117201249 -0.7431206097 -1.65679795 1.416102754 
-0.1503 -0.5163016876 -0.5550820906 2.10713134 -0.7537987801 -1.66024885 1.425405903 
-0.1503 -0.510371408 -0.5638012934 2.097068929 -0.7642844144 -1.663683398 1.434641148 
-0.1503 -0.5043196677 -0.5726918247 2.086539607 -0.775245467 -1.667127717 1.444189177 
-0.1503 -0.4985104956 -0.5811783308 2.076491343 -0.785358099 -1.670516266 1.453292981 
-0.1503 -0.4927544451 -0.5895613853 2.066447985 -0.7952948225 -1.673885422 1.462336749 
-0.1503 -0.4869050789 -0.5981021453 2.055940281 -0.8057096527 -1.677231485 1.47169125 
-0.1503 -0.4812604097 -0.6062845872 2.04590554 -0.8153049544 -1.680551198 1.480619612 
-0.1503 -0.4755280149 -0.6146310548 2.035397541 -0.825379843 -1.683839047 1.489869699 
-0.1503 -0.4699884159 -0.6226309187 2.02536947 -0.8346514147 -1.687108237 1.498690641 
-0.1503 -0.464507985 -0.6305337887 2.015354492 -0.8437704386 -1.690342928 1.507449714 
-0.1503 -0.4589989128 -0.6385496944 2.004893665 -0.8533783791 -1.693482873 1.516502799 
-0.1503 -0.4536450405 -0.6462609758 1.994905153 -0.8622045356 -1.696635499 1.525142173 
-0.1503 -0.4482844594 -0.6540728345 1.984473909 -0.871526655 -1.699668517 1.534074955 
-0.1503 -0.4430520795 -0.6616083681 1.97450946 -0.8800777399 -1.702737879 1.542603636 
-0.1503 -0.437872049 -0.6690669507 1.964554973 -0.8884971627 -1.705771872 1.551081374 
-0.1503 -0.4327175128 -0.6766070448 1.954162448 -0.8974240792 -1.708650071 1.559852021 
-0.1503 -0.4276485221 -0.6839135179 1.944227949 -0.9055903771 -1.711603275 1.56823177 
-0.1503 -0.4230635945 -0.6911879419 1.933975947 -0.9144895333 -1.71409016 1.576961269 
-0.1503 -0.4178427523 -0.6982702969 1.924058461 -0.9222598876 -1.717066452 1.585079947 
-0.1503 -0.4130314336 -0.7052689305 1.914216817 -0.930111314 -1.719796044 1.593262931 
-0.1503 -0.4083171599 -0.7122990649 1.90395345 -0.9385037595 -1.722291572 1.601733461 
-0.1503 -0.4036283624 -0.7191533745 1.894140402 -0.9461495912 -1.724916908 1.609825821 
-0.1503 -0.39864563 -0.7264345906 1.883663897 -0.9541787139 -1.727708332 1.618432273 
-0.1503 -0.3944893588 -0.7327427534 1.87412407 -0.961801607 -1.729804393 1.626214122 
-0.1503 -0.389965397 -0.7394075691 1.864349601 -0.9691578313 -1.732285835 1.634182839 
-0.1503 -0.3858889573 -0.7460368988 1.854212069 -0.977255668 -1.734310633 1.642534977 
-0.1503 -0.381182418 -0.752607731 1.844414702 -0.984265637 -1.736851394 1.650333022 
-0.1503 -0.377266359 -0.7588031307 1.834863639 -0.9915917145 -1.738803573 1.658103846 
-0.1503 -0.3736026466 -0.7649414292 1.824915375 -0.999558438 -1.740378779 1.666184511 
-0.1503 -0.3692876366 -0.7710689558 1.81530337 -1.006440677 -1.742492248 1.673725501 
-0.1503 -0.3648482172 -0.7777717712 1.804985529 -1.013784013 -1.744773965 1.681974238 
-0.1503 -0.3611289813 -0.7836316996 1.795524161 -1.020804633 -1.746459401 1.689516265 
-0.1503 -0.3579035274 -0.789023376 1.786289858 -1.028010988 -1.747638048 1.696865947 
-0.1503 -0.3537507365 -0.7954455229 1.7760747 -1.03520589 -1.749631418 1.704969262 
-0.1503 -0.3509514416 -0.8006731545 1.766911986 -1.042502888 -1.750528599 1.712372558 
-0.1503 -0.3474501856 -0.8063982802 1.757007544 -1.049889917 -1.75180238 1.720168159 
-0.1503 -0.3436201849 -0.8121957083 1.747489907 -1.056401461 -1.753504563 1.727580858 
-0.1503 -0.3408214881 -0.8172287379 1.738350742 -1.06346399 -1.754316272 1.734871435 
-0.1503 -0.3376052015 -0.8228829015 1.728457005 -1.070784116 -1.755394637 1.74269119 
-0.1503 -0.334812874 -0.8278862644 1.719298969 -1.077711805 -1.756151317 1.749924228 
-0.1503 -0.3319979451 -0.8330846317 1.70957961 -1.085134847 -1.756801961 1.757609847 
-0.1503 -0.3294247 -0.8378385618 1.700502302 -1.092073449 -1.757304813 1.764756092 
-0.1503 -0.3269689046 -0.8424636471 1.69146681 -1.099031049 -1.757674434 1.771863553 
-0.1503 -0.3245322878 -0.8472397041 1.681883092 -1.10651347 -1.757892514 1.779420542 
-0.1503 -0.3223416013 -0.8515788589 1.672939367 -1.113539209 -1.757965623 1.786454279 
-0.1503 -0.3202022915 -0.8560344639 1.663457106 -1.121114767 -1.757852799 1.793936856 
-0.1503 -0.3183115166 -0.8600573938 1.654613158 -1.128251706 -1.757597707 1.800907324 
-0.1503 -0.316779095 -0.8637876058 1.64571471 -1.135562201 -1.756992797 1.808078235 
-0.1503 -0.3152275286 -0.8677672508 1.636540134 -1.143448251 -1.756374214 1.815345928 
-0.1503 -0.3139805135 -0.8712281749 1.627911176 -1.150887173 -1.755519811 1.822207397 
-0.1503 -0.3129501618 -0.8744743258 1.619273068 -1.158532298 -1.754435061 1.829228145 
-0.1503 -0.3120787235 -0.877712108 1.61016382 -1.166785148 -1.753058219 1.836628669 
-0.1503 -0.3114810998 -0.8805103938 1.601648853 -1.174710711 -1.751531153 1.84354396 
-0.1503 -0.3110680653 -0.8832644523 1.592719181 -1.183219652 -1.749688919 1.850931755 
-0.1503 -0.3109280836 -0.8855833327 1.584385737 -1.191410752 -1.747705002 1.857818371 
-0.1503 -0.3112310127 -0.8874522994 1.576032315 -1.199924524 -1.745206636 1.864966452 
-0.1503 -0.3114504221 -0.8895340011 1.567383103 -1.208955308 -1.74280454 1.872197329 
-0.1503 -0.3120098665 -0.8910341677 1.559256643 -1.217686052 -1.740066062 1.879132205 
-0.1503 -0.3129238576 -0.8923089909 1.550686863 -1.227254329 -1.73684829 1.886557766 
-0.1503 -0.3140885286 -0.8931802465 1.542745162 -1.236478901 -1.733539757 1.893554546 
-0.1503 -0.3155716341 -0.8937188905 1.534896897 -1.24597191 -1.729934473 1.900597478 
-0.1503 -0.3175015962 -0.8939196627 1.526635739 -1.256400101 -1.725765198 1.908161126 
-0.1503 -0.3196812363 -0.8937194111 1.518991533 -1.266499492 -1.721516304 1.915329568 
-0.1503 -0.3223708391 -0.893101541 1.510957806 -1.27760369 -1.716647987 1.923044718 
-0.1503 -0.3253018351 -0.8920913276 1.503533343 -1.288381856 -1.711716449 1.9303879 
-0.1503 -0.3283945561 -0.8908439936 1.496164126 -1.299312528 -1.706699737 1.937855851 
-0.1503 -0.3325317275 -0.8886989287 1.488558171 -1.311757532 -1.700473857 1.945880189 
-0.1503 -0.3364359809 -0.8864757787 1.481491393 -1.323494508 -1.69460543 1.953469721 
-0.1503 -0.3409860338 -0.88363876 1.474096671 -1.336399473 -1.687996058 1.961687128 
-0.1503 -0.3456138873 -0.880536146 1.467304437 -1.348866268 -1.681475471 1.969515362 
-0.1503 -0.3505912227 -0.8770005958 1.460653973 -1.361694606 -1.674646423 1.977473689 
-0.1503 -0.3562824441 -0.8727495855 1.453723039 -1.375780196 -1.667030234 1.986116389 
-0.1503 0.2383499219 -1.533068088 1.477826634 -0.6993399626 -2.275393859 2.073336071 
-0.1503 0.2311386028 -1.529853048 1.467811947 -0.7153840427 -2.26486788 2.071497141 
-0.1503 0.2239719714 -1.526953649 1.457446844 -0.7315957685 -2.254189192 2.070148896 
-0.1503 0.2177346997 -1.524727372 1.448008724 -0.7459878648 -2.244681749 2.069407678 
-0.1503 0.2115818314 -1.522870248 1.438221097 -0.7605198026 -2.235064355 2.069122218 
-0.1503 0.2065729682 -1.521910535 1.429300572 -0.7729198137 -2.226651837 2.069476203 
-0.1503 0.2015568076 -1.520752064 1.420609032 -0.7854907059 -2.218398348 2.069748753 
-0.1503 0.1966280498 -1.520417392 1.411542032 -0.7979431716 -2.210278308 2.070768685 
-0.1503 0.1925742432 -1.520499482 1.403266382 -0.8088648941 -2.203056808 2.071971979 
-0.1503 0.1886836912 -1.521067329 1.394658123 -0.8198540308 -2.195802577 2.073560023 
-0.1503 0.1852709903 -1.521802692 1.386701787 -0.8297708211 -2.189279686 2.075284862 
-0.1503 0.182635121 -1.523575926 1.379146823 -0.8385963359 -2.183461082 2.077282754 
-0.1503 0.1796787823 -1.525162848 1.37080392 -0.8479686467 -2.177182955 2.079832198 
-0.1503 0.1776132174 -1.52737891 1.363499443 -0.8560823055 -2.171878601 2.08206712 
-0.1503 0.1754075497 -1.529920243 1.355975647 -0.8644960957 -2.166537635 2.08459981 
-0.1503 0.1744981357 -1.533631901 1.349247926 -0.8706697721 -2.162555193 2.087515978 
-0.1503 0.1725039548 -1.535956703 1.341975909 -0.8783939022 -2.157338212 2.09014482 
-0.1503 0.1713558908 -1.53961774 1.334714561 -0.8853291197 -2.15283276 2.093198704 
-0.1503 0.1705077063 -1.543395723 1.328071145 -0.891384041 -2.148884526 2.096211084 
-0.1503 0.1699415444 -1.547811066 1.321233938 -0.8974090119 -2.144978915 2.099422382 
-0.1503 0.1694443402 -1.552025302 1.314840551 -0.902902242 -2.141435498 2.102570151 
-0.1503 0.1692136561 -1.55661967 1.308626524 -0.9079953826 -2.1381558 2.105773206 
-0.1503 0.1690672468 -1.561538999 1.302125374 -0.9133082802 -2.13476918 2.109156257 
-0.1503 0.1692692142 -1.566754253 1.296228248 -0.9177275925 -2.13193084 2.112528762 
-0.1503 0.1696043931 -1.572160249 1.290449017 -0.9219183224 -2.129247472 2.115768564 
-0.1503 0.1706696971 -1.57870727 1.284646037 -0.9253752628 -2.127059292 2.119404417 
-0.1503 0.1714121192 -1.584621009 1.279079187 -0.9289041024 -2.124679247 2.122934491 
-0.1503 0.1717469061 -1.590191323 1.272976302 -0.9333816678 -2.121567696 2.126341901 
-0.1503 0.1726865374 -1.596366865 1.267612272 -0.9365574935 -2.119382664 2.129870321 
-0.1503 0.1737511322 -1.602725938 1.262371029 -0.9395191005 -2.11731613 2.133263678 
-0.1503 0.1750618538 -1.609666888 1.256982529 -0.9424695447 -2.115233066 2.136905925 
-0.1503 0.1763580684 -1.616375002 1.251987485 -0.9450222603 -2.113378585 2.140406456 
-0.1503 0.1779189919 -1.623699093 1.246874072 -0.9475326084 -2.111520404 2.143895634 
-0.1503 0.1798122061 -1.631300043 1.242363662 -0.9491239397 -2.110295814 2.147431116 
-0.1503 0.1810068788 -1.637898885 1.237485803 -0.9517190193 -2.108258014 2.150816707 
-0.1503 0.1830372795 -1.645974113 1.232873839 -0.9533926038 -2.106892452 2.154401525 
-0.1503 0.1846781617 -1.653280978 1.228405962 -0.9552381951 -2.10531467 2.15789786 
-0.1503 0.1868889707 -1.661645835 1.224048192 -0.9565638398 -2.104075068 2.161428814 
-0.1503 0.1886938052 -1.669211424 1.219812344 -0.9580875517 -2.102616102 2.164874402 
-0.1503 0.1905814619 -1.676909793 1.21569411 -0.9594500748 -2.101217552 2.168149134 
-0.1503 0.1930188801 -1.685649922 1.211703923 -0.9603121583 -2.100122289 2.171738542 
-0.1503 0.1950510229 -1.693587802 1.207819378 -0.9613780812 -2.098815667 2.17510108 
-0.1503 0.19770633 -1.702713115 1.204142227 -0.961843894 -2.097845086 2.178475895 
-0.1503 0.1998569162 -1.710851084 1.200483697 -0.96264741 -2.096608983 2.181780941 
-0.1503 0.202016406 -1.718996086 1.196898244 -0.9633858358 -2.095380642 2.185062758 
-0.1503 0.2046115722 -1.728117802 1.193522176 -0.9637987934 -2.09439193 2.188432044 
-0.1503 0.2068550585 -1.736515422 1.190251363 -0.9643495117 -2.09324615 2.191575391 
-0.1503 0.2091685425 -1.745026297 1.187098508 -0.964748826 -2.092148347 2.194744864 
-0.1503 0.2120106709 -1.754567494 1.184140847 -0.9646525028 -2.091308989 2.198037483 
-0.1503 0.2144748834 -1.763332842 1.181249052 -0.9647347951 -2.090303221 2.201184334 
-0.1503 0.2174549927 -1.773113051 1.178565549 -0.9643356249 -2.08953661 2.204447702 
-0.1503 0.2200570864 -1.782114443 1.175934288 -0.9641198586 -2.088608008 2.207571839 
-0.1503 0.2227251802 -1.791228818 1.173429859 -0.9637606365 -2.087715675 2.210686309 
-0.1503 0.225951239 -1.801449821 1.171203871 -0.9628653328 -2.087061651 2.213963826 
-0.1503 0.2286815618 -1.810660862 1.168908829 -0.9623077599 -2.086201295 2.217002156 
-0.1503 0.2316454015 -1.820504241 1.16683209 -0.9617641581 -2.085359273 2.22001322 
-0.1503 0.2343305761 -1.829747931 1.164848864 -0.9612822055 -2.084423552 2.222900582 
-0.1503 0.2370460517 -1.839034613 1.162961142 -0.9606963072 -2.08351195 2.225792748 
-0.1503 0.2401634463 -1.849310783 1.161018935 -0.9595757173 -2.082653374 2.229093907 
-0.1503 0.2430161726 -1.858820708 1.159425793 -0.9587053668 -2.081822064 2.231958362 
-0.1503 0.2463268555 -1.869300093 1.15802982 -0.9573678188 -2.081130003 2.235001531 
-0.1503 0.2493147957 -1.87901742 1.156750792 -0.9562311303 -2.080376778 2.237823761 
-0.1503 0.2524186757 -1.888833362 1.155797075 -0.9549999846 -2.079735189 2.240468401 
-0.1503 0.2559431203 -1.899657097 1.154899249 -0.9532448431 -2.079138527 2.243461759 
-0.1503 0.2590469729 -1.909598051 1.153908084 -0.9517411817 -2.07841182 2.246369936 
-0.1503 0.2619549742 -1.919201229 1.153068149 -0.9506655384 -2.077493347 2.248974096 
-0.1503 0.2652399028 -1.929746921 1.152250836 -0.9491008308 -2.076592417 2.251948221 
-0.1503 0.2685811275 -1.940135016 1.151953816 -0.947186194 -2.076165109 2.254700076 
-0.1503 0.2720130803 -1.950845769 1.151574113 -0.9454133975 -2.075366921 2.257540953 
-0.1503 0.2751963554 -1.960913497 1.1513262 -0.943737758 -2.074627572 2.260194708 
-0.1503 0.2784113044 -1.97101264 1.15120707 -0.9419977484 -2.073882493 2.26282793 
-0.1503 0.2819455787 -1.981826804 1.151249533 -0.9400152241 -2.073066116 2.265603771 
-0.1503 0.2850715665 -1.991555532 1.151411535 -0.9385923996 -2.072083023 2.267901247 
-0.1503 0.2887928637 -2.002668322 1.151825047 -0.936235706 -2.071421581 2.270724124 
-0.1503 0.2921756743 -2.013060092 1.152141 -0.9340415072 -2.070696074 2.27349042 
-0.1503 0.2953729371 -2.022972728 1.152638667 -0.9323554553 -2.069751769 2.275852699 
-0.1503 0.2988835032 -2.033763762 1.1531236 -0.9302166997 -2.068731291 2.278656215 
-0.1503 0.3024805104 -2.044446003 1.154156829 -0.9277199094 -2.068279353 2.281249661 
-0.1503 0.3061667983 -2.055398703 1.155155336 -0.9253787981 -2.06740681 2.283911228 
-0.1503 0.309581008 -2.065666 1.15619268 -0.923193375 -2.066590482 2.286400258 
-0.1503 0.3130211016 -2.075940088 1.157355429 -0.9209644287 -2.065761773 2.288876296 
-0.1503 0.3167911198 -2.086915267 1.158764941 -0.9184818281 -2.064849093 2.291497513 
-0.1503 0.3202856914 -2.097196366 1.160186535 -0.9161672324 -2.063992447 2.293949528 
-0.1503 0.3240460989 -2.107874815 1.161955278 -0.9138685904 -2.062976637 2.296284797 
-0.1503 0.327664841 -2.118452606 1.163551446 -0.9112020381 -2.062160561 2.298979112 
-0.1503 0.3311328066 -2.128419549 1.165363514 -0.9090863525 -2.061104166 2.301170567 
-0.1503 0.3351039139 -2.139679936 1.167421197 -0.9061274764 -2.060270803 2.30397493 
-0.1503 0.3386977238 -2.149930493 1.169460641 -0.9036589923 -2.059339155 2.306382743 
-0.1503 0.3423111549 -2.160168213 1.171618529 -0.9011650597 -2.058390724 2.308783607 
-0.1503 0.3462597861 -2.1710835 1.17408379 -0.8984197804 -2.057345563 2.311335275 
-0.1503 0.3499155507 -2.181288001 1.176485225 -0.8958767843 -2.056359942 2.313724171 
-0.1503 0.353910462 -2.192163067 1.179209507 -0.8930819751 -2.055273345 2.31626551 
-0.1503 0.3576109892 -2.20232545 1.181852281 -0.8904944551 -2.054247124 2.318645011 
-0.1503 0.3612580088 -2.212174872 1.184618567 -0.888154992 -2.053043373 2.32079943 
-0.1503 0.3654025035 -2.223262446 1.187714708 -0.8850273103 -2.052045176 2.323551484 
-0.1503 0.3691379377 -2.233036955 1.190773422 -0.8826485286 -2.050792375 2.325649609 
-0.1503 0.3733768342 -2.244150185 1.194128134 -0.8794220357 -2.049735336 2.328454427 
-0.1503 0.377173091 -2.254110772 1.197325066 -0.8767608472 -2.048594066 2.330817666 
-0.1503 0.3810178216 -2.264097337 1.200667107 -0.8740690593 -2.04742765 2.333184371 
-0.1503 0.3852063087 -2.274719827 1.20438387 -0.8711361126 -2.046143384 2.335711163 
-0.1503 0.3890839327 -2.284627756 1.20794534 -0.8684333748 -2.044926859 2.338077469 
-0.1503 0.393309433 -2.29516225 1.211894829 -0.8654905012 -2.043587103 2.34060575 
-0.1503 0.3972229776 -2.304984028 1.21567236 -0.86277979 -2.042316868 2.342973239 
-0.1503 0.4010996592 -2.31446072 1.219593086 -0.8603266539 -2.040866392 2.345079367 
-0.1503 0.4054411858 -2.32515107 1.223840934 -0.8571141577 -2.039590212 2.347874912 
-0.1503 0.4094507784 -2.33451373 1.228040917 -0.8546119012 -2.03805516 2.349949893 
-0.1503 0.4139031911 -2.345129669 1.232519906 -0.8513190587 -2.036707559 2.352799978 
-0.1503 0.4179889594 -2.354725763 1.236857275 -0.8485482969 -2.035274002 2.355185686 
-0.1503 0.4220796125 -2.364258249 1.241281545 -0.845789652 -2.033812242 2.357572551 
-0.1503 0.4265227793 -2.374374721 1.246136349 -0.8428065955 -2.032205957 2.360129056 
-0.1503 0.4306379961 -2.383790696 1.250750178 -0.8400677476 -2.030680673 2.362521547 
-0.1503 0.4347661511 -2.393148256 1.255454178 -0.8373388583 -2.029123426 2.364916648 
-0.1503 0.4392532961 -2.403073547 1.260604995 -0.8343880963 -2.027411954 2.367483858 
-0.1503 0.4433708846 -2.411988382 1.265551993 -0.8319309925 -2.025627862 2.36959028 
-0.1503 0.4479326071 -2.422095594 1.270837619 -0.82875226 -2.023998629 2.372460246 
-0.1503 0.4522307213 -2.430869128 1.276047614 -0.826227002 -2.022095187 2.374565131 
-0.1503 0.45661607 -2.440275169 1.281202231 -0.823182935 -2.02050468 2.377326138 
-0.1503 0.4613177363 -2.449868889 1.28688969 -0.8202015888 -2.01857139 2.379936679 
-0.1503 0.4656755541 -2.458784199 1.292272421 -0.817469017 -2.016734113 2.38237732 
-0.1503 0.4701645573 -2.468195039 1.298012563 -0.8146964701 -2.014770561 2.384951894 
-0.1503 0.4747704812 -2.47699528 1.303669475 -0.8118394292 -2.01280633 2.387441205 
-0.1503 0.4791549725 -2.485693751 1.309283091 -0.809167154 -2.010854178 2.389889259 
-0.1503 0.4839082943 -2.494900409 1.315384756 -0.8062919069 -2.008714346 2.392516115 
-0.1503 0.4882853451 -2.503112765 1.321214898 -0.8038926299 -2.006512307 2.394651297 
-0.1503 0.4930966431 -2.512492252 1.327409809 -0.8008233726 -2.004451241 2.397600402 
-0.1503 0.4978364448 -2.520869939 1.333691309 -0.7981164453 -2.002376301 2.399915848 
-0.1503 0.5023937458 -2.52925355 1.339510361 -0.7953635623 -2.000075343 2.402610044 
-0.1503 0.5071399771 -2.538032876 1.345954685 -0.7926397761 -1.997726978 2.405230226 
-0.1503 0.5117844094 -2.546217883 1.352160229 -0.7899881552 -1.995435169 2.407732362 
-0.1503 0.5167649958 -2.554856025 1.358853898 -0.7871699495 -1.992940387 2.410405574 
-0.1503 0.5214332115 -2.562830449 1.365173296 -0.7845382576 -1.990568986 2.412906162 
-0.1503 0.526194119 -2.570814266 1.371621097 -0.7819124023 -1.988111938 2.415434388 
-0.1503 0.5312719553 -2.579196731 1.378542878 -0.7791223353 -1.985454787 2.418124851 
-0.1503 0.5361858607 -2.58698621 1.385161605 -0.7764360263 -1.982880539 2.42068627 
-0.1503 0.5408863416 -2.594669476 1.391725741 -0.7739162897 -1.980315307 2.423184214 
-0.1503 0.5462434661 -2.602807984 1.398960266 -0.7710319221 -1.977443694 2.425937951 
-0.1503 0.5509515617 -2.610318939 1.405619175 -0.7685697233 -1.974783992 2.428430729 
-0.1503 0.5561992893 -2.618259707 1.41289421 -0.76582248 -1.971839484 2.431145208 
-0.1503 0.5611521429 -2.62561913 1.419777229 -0.7632540169 -1.969022628 2.433693698 
-0.1503 0.5661550393 -2.632918224 1.426734369 -0.7606941154 -1.966138049 2.436252191 
-0.1503 0.5714910597 -2.64056574 1.434188944 -0.7579657228 -1.963025342 2.438970416 
-0.1503 0.5764976863 -2.647611737 1.441212368 -0.7554082359 -1.960071385 2.441509599 
-0.1503 0.5819747909 -2.655154299 1.448856643 -0.7526909791 -1.956785779 2.444254042 
-0.1503 0.5873580375 -2.662038045 1.456399136 -0.7500883832 -1.953735879 2.446669164 
-0.1503 0.5922511203 -2.668929517 1.463246501 -0.7476230206 -1.950513228 2.4493818 
-0.1503 0.5980731586 -2.676101598 1.471313239 -0.7448765061 -1.947108945 2.452025332 
-0.1503 0.603018755 -2.682804871 1.478347914 -0.7423888376 -1.943782324 2.454680277 
-0.1503 0.6086388454 -2.689821986 1.486239587 -0.7396800829 -1.940206776 2.45741109 
-0.1503 0.6139371718 -2.69631282 1.493660987 -0.7371614187 -1.936793349 2.459978625 
-0.1503 0.6192727492 -2.702713156 1.501141616 -0.7346316681 -1.933319613 2.462539986 
-0.1503 0.6250334601 -2.709444829 1.509260221 -0.7318710014 -1.929534587 2.465247438 
-0.1503 0.6304235803 -2.715673688 1.516751944 -0.7294020956 -1.925935797 2.467831205 
-0.1503 0.6362123157 -2.722222159 1.524786805 -0.7267691007 -1.922028295 2.470585806 
-0.1503 0.6419929552 -2.728220523 1.532829179 -0.7241111125 -1.918311822 2.473036734 
-0.1503 0.6472600508 -2.734210505 1.540254051 -0.7216169638 -1.914481852 2.475658703 
-0.1503 0.6532734277 -2.740416613 1.54872512 -0.7189152156 -1.910428181 2.478237779 
-0.1503 0.6588373232 -2.74622547 1.556402445 -0.7162710715 -1.906408977 2.480882633 
-0.1503 0.6644863511 -2.751945127 1.564153312 -0.7137890269 -1.902387939 2.483455728 
-0.1503 0.6705527462 -2.75786804 1.572613907 -0.7109655071 -1.898062745 2.486112001 
-0.1503 0.676221944 -2.763337492 1.580408013 -0.7084329949 -1.893965315 2.488644442 
-0.1503 0.6824117063 -2.769136694 1.588891307 -0.705681942 -1.889439913 2.491337941 
-0.1503 0.6882274346 -2.77444621 1.59686998 -0.7030683627 -1.885157651 2.493838431 
-0.1503 0.6942230775 -2.779639169 1.605179704 -0.7004798519 -1.88086746 2.496167933 
-0.1503 0.7004127606 -2.785099505 1.613551148 -0.6977010759 -1.876167272 2.49888955 
-0.1503 0.7063156652 -2.790164411 1.621522879 -0.6949702253 -1.871597085 2.501449606 
-0.1503 0.7126998375 -2.795430424 1.630164787 -0.6921148225 -1.866726692 2.504072188 
-0.1503 0.7187290539 -2.800272453 1.638296232 -0.6894172244 -1.862087948 2.506517789 
-0.1503 0.7248012687 -2.805022353 1.646455384 -0.6866981062 -1.857378411 2.508949865 
-0.1503 0.7183257724 -2.799952513 1.637753263 -0.6895977171 -1.862399396 2.50635516 
-0.1503 0.7122994098 -2.795104354 1.6296237 -0.6922939341 -1.867033434 2.503908688 
-0.1503 0.7059182553 -2.789831826 1.62098387 -0.6951479721 -1.871898835 2.501285239 
-0.1503 0.6999795715 -2.784794328 1.612914791 -0.69780461 -1.876387845 2.498813622 
-0.1503 0.6936911131 -2.779320547 1.604341727 -0.7006196913 -1.881099475 2.496165219 
-0.1503 0.6878385462 -2.774095022 1.596337367 -0.7032427799 -1.885445228 2.493671912 
-0.1503 0.6820270782 -2.768778972 1.588365868 -0.7058516982 -1.889722337 2.491169293 
-0.1503 0.6761029083 -2.762985697 1.580125417 -0.7085434779 -1.894203509 2.488464402 
-0.1503 0.6701960778 -2.757559389 1.572030482 -0.7112251452 -1.898296613 2.485991079 
-0.1503 0.6640797746 -2.751538997 1.56361265 -0.7139486632 -1.902684609 2.483275562 
-0.1503 0.6584341747 -2.745851809 1.555787898 -0.7165123217 -1.906683006 2.480742108 
-0.1503 0.6528082038 -2.740054638 1.54798886 -0.7190607439 -1.91063352 2.478195134 
-0.1503 0.6468902415 -2.733816352 1.539738988 -0.7217866749 -1.914737305 2.475488922 
-0.1503 0.6414055168 -2.727902937 1.532062695 -0.7243440111 -1.918496317 2.472956778 
-0.1503 0.6358747389 -2.721809257 1.524372055 -0.7268676236 -1.92226713 2.470387193 
-0.1503 0.6303046428 -2.715239302 1.516493605 -0.7294860313 -1.926179613 2.46761969 
-0.1503 0.6246500286 -2.709032504 1.508672034 -0.7321025586 -1.929779151 2.465101905 
-0.1503 0.6191197118 -2.702260514 1.500897217 -0.7347466074 -1.93357923 2.462289113 
-0.1503 0.6135825781 -2.695882844 1.493163818 -0.7373300085 -1.937022882 2.459807756 
-0.1503 0.6082283971 -2.689323365 1.485691434 -0.7398451385 -1.940477965 2.457222635 
-0.1503 0.6026690758 -2.682362997 1.477857413 -0.7425575414 -1.944003449 2.454509338 
-0.1503 0.5974489708 -2.67569665 1.47053139 -0.7450905046 -1.947283196 2.451947837 
-0.1503 0.5919062511 -2.668475842 1.462762998 -0.7477920499 -1.950726118 2.449210925 
-0.1503 0.5867515662 -2.661625295 1.455538425 -0.7503292537 -1.953888037 2.446648366 
-0.1503 0.5816310436 -2.654689837 1.448367092 -0.7528702013 -1.95699146 2.444087162 
-0.1503 0.5764253417 -2.647169993 1.441056434 -0.7555228577 -1.960271767 2.441260301 
-0.1503 0.5711553559 -2.640089152 1.433720202 -0.7581359258 -1.963222544 2.438800015 
-0.1503 0.5659790295 -2.632377852 1.426526565 -0.7608317644 -1.966397147 2.435949331 
-0.1503 0.560820949 -2.625131073 1.4193165 -0.763425043 -1.96921213 2.433523695 
-0.1503 0.5558283609 -2.61771176 1.412401573 -0.7659903946 -1.97205368 2.430959567 
-0.1503 0.5506247802 -2.609819545 1.40516681 -0.7687416949 -1.974965981 2.428261216 
-0.1503 0.5457647598 -2.602318074 1.398436508 -0.7713264031 -1.977651131 2.425729911 
-0.1503 0.5405638779 -2.594158891 1.391282096 -0.774089306 -1.980489974 2.423015274 
-0.1503 0.5357433958 -2.586457211 1.384662104 -0.7766888034 -1.983082129 2.420483567 
-0.1503 0.5309007616 -2.57860338 1.378059852 -0.7792968173 -1.985654325 2.417937377 
-0.1503 0.5260737653 -2.570256538 1.371488904 -0.7820471152 -1.988334425 2.415124073 
-0.1503 0.5211504586 -2.562342109 1.364777198 -0.784712137 -1.990711812 2.412749724 
-0.1503 0.5165708123 -2.554332147 1.358492211 -0.7872667247 -1.993069768 2.410268287 
-0.1503 0.5116346861 -2.545693627 1.35182507 -0.7900563422 -1.995551392 2.407605157 
-0.1503 0.506808721 -2.537452062 1.345521798 -0.7928192039 -1.997889966 2.405055875 
-0.1503 0.5019222187 -2.528680655 1.339021579 -0.7956543566 -2.000261181 2.402405206 
-0.1503 0.4973896354 -2.520408403 1.333024453 -0.7983175048 -2.002427365 2.399932328 
-0.1503 0.4927941866 -2.511929099 1.327014527 -0.8010021824 -2.004592681 2.397435116 
-0.1503 0.487971698 -2.502874467 1.320737288 -0.8038681944 -2.006828552 2.394794168 
-0.1503 0.4836322552 -2.494273843 1.314991403 -0.8064353482 -2.008853885 2.392351816 
-0.1503 0.4788884058 -2.485069328 1.309135928 -0.8094286578 -2.011093863 2.389521379 
-0.1503 0.4742809356 -2.47638732 1.303197347 -0.8121590154 -2.012978457 2.387239769 
-0.1503 0.4699638623 -2.467619667 1.297692086 -0.8148117092 -2.014877061 2.384805969 
-0.1503 0.4653073142 -2.458181744 1.291871727 -0.8177064447 -2.016874464 2.382200588 
-0.1503 0.4610114877 -2.449260931 1.286522066 -0.8203934022 -2.018697017 2.379770574 
-0.1503 0.4563895695 -2.439682091 1.280883901 -0.8233210819 -2.020609891 2.377174244 
-0.1503 0.4521238317 -2.430631998 1.275707039 -0.8260392643 -2.022355195 2.374751957 
-0.1503 0.4476483371 -2.421485713 1.270500083 -0.828935741 -2.024111745 2.372299002 
-0.1503 0.4432746546 -2.411712534 1.265235877 -0.8317557849 -2.025865853 2.369745376 
-0.1503 0.4390151718 -2.402428579 1.260289376 -0.834532736 -2.027513134 2.3673266 
-0.1503 0.4344184305 -2.392179918 1.255191334 -0.8378173144 -2.029066084 2.364434479 
-0.1503 0.4302405388 -2.383146999 1.250377552 -0.840342433 -2.030808503 2.362346876 
-0.1503 0.4260228335 -2.37342532 1.245590734 -0.843294792 -2.03206548 2.359847525 
-0.1503 0.421754994 -2.363616856 1.240957667 -0.846012471 -2.033921091 2.357407766 
-0.1503 0.4177381319 -2.354137697 1.236594288 -0.8487238768 -2.035365441 2.355032329 
-0.1503 0.4136767704 -2.344504 1.232260541 -0.8514705523 -2.036792878 2.352645994 
-0.1503 0.4093237832 -2.334214573 1.227744689 -0.8544424383 -2.038289805 2.350103758 
-0.1503 0.4052957176 -2.324480951 1.223615184 -0.8571980622 -2.039655363 2.347723213 
-0.1503 0.4009992752 -2.31412756 1.219344567 -0.8601640183 -2.041085438 2.345191343 
-0.1503 0.3970322691 -2.30435547 1.215457864 -0.8629069863 -2.042388774 2.342820944 
-0.1503 0.3929161672 -2.294203083 1.211457287 -0.8659137585 -2.043415924 2.340353775 
-0.1503 0.3887756406 -2.283960766 1.20768034 -0.868652376 -2.04501847 2.337917283 
-0.1503 0.3847779439 -2.273777167 1.203955814 -0.871576386 -2.046004555 2.335469873 
-0.1503 0.3807351968 -2.263428615 1.200428351 -0.874269119 -2.047511221 2.333025724 
-0.1503 0.3769103574 -2.253442624 1.197102684 -0.8769455894 -2.048672367 2.330659664 
-0.1503 0.3730619305 -2.243344215 1.193838178 -0.8796425793 -2.049812503 2.328286709 
-0.1503 0.3689952239 -2.232686758 1.190542988 -0.8825000903 -2.051011564 2.325764548 
-0.1503 0.3652657732 -2.222670944 1.187598002 -0.8851137316 -2.052100956 2.323398176 
-0.1503 0.3611573817 -2.211800774 1.184457784 -0.8880034379 -2.053256363 2.32086219 
-0.1503 0.3574795873 -2.201759256 1.181762599 -0.8905750772 -2.054303603 2.318491314 
-0.1503 0.3535769748 -2.191226607 1.178892512 -0.8934493622 -2.055117383 2.316039767 
-0.1503 0.3496919765 -2.180611625 1.176331209 -0.896030229 -2.056422168 2.313564564 
-0.1503 0.3459419819 -2.170044743 1.174005369 -0.8988825377 -2.057328676 2.310879474 
-0.1503 0.34206943 -2.159486107 1.171470898 -0.9013322603 -2.058454531 2.308623761 
-0.1503 0.3384533075 -2.149246821 1.169319055 -0.9038277904 -2.059402607 2.306222641 
-0.1503 0.334898704 -2.139067019 1.167329345 -0.9062607169 -2.060335743 2.303816326 
-0.1503 0.3309828399 -2.128038489 1.165221522 -0.9089508203 -2.061321381 2.301241284 
-0.1503 0.3274381603 -2.117769214 1.163440481 -0.9113539703 -2.062218101 2.298816581 
-0.1503 0.3239157694 -2.107494556 1.161781009 -0.9137245897 -2.063099651 2.296382667 
-0.1503 0.3201100938 -2.096520076 1.160113432 -0.9162752489 -2.06403848 2.293781593 
-0.1503 0.3165158705 -2.086019722 1.158573218 -0.9187770997 -2.064716001 2.29128359 
-0.1503 0.3128731358 -2.075267701 1.157309426 -0.9210471423 -2.065801066 2.28870365 
-0.1503 0.3093478883 -2.06473451 1.156231523 -0.9235453122 -2.066570292 2.285988701 
-0.1503 0.3057773468 -2.054367682 1.154893275 -0.9258265371 -2.067180635 2.283678204 
-0.1503 0.3022561759 -2.043762639 1.154101322 -0.9278603219 -2.068332448 2.281082209 
-0.1503 0.2988758415 -2.033514447 1.153323845 -0.9299650648 -2.069129055 2.278566101 
-0.1503 0.2952296879 -2.022588482 1.152605537 -0.9322131091 -2.069981562 2.275874751 
-0.1503 0.2919074861 -2.012372717 1.152091431 -0.9342120682 -2.070757139 2.273326589 
-0.1503 0.2883671945 -2.001729121 1.151445548 -0.9365910555 -2.071152215 2.270682909 
-0.1503 0.2848263494 -1.990893638 1.151163544 -0.9386268778 -2.07202113 2.267951104 
-0.1503 0.2818026375 -1.980991115 1.151433627 -0.9402670675 -2.073070427 2.265166401 
-0.1503 0.2783233292 -1.970355628 1.151260031 -0.9420117396 -2.073906114 2.262631937 
-0.1503 0.2750710673 -1.960183259 1.1514965 -0.9439196002 -2.074617421 2.259823937 
-0.1503 0.2717370228 -1.950018965 1.151511103 -0.9456981724 -2.075204362 2.257311528 
-0.1503 0.2680669486 -1.938945795 1.151691333 -0.9477976435 -2.075814335 2.254449911 
-0.1503 0.2652037959 -1.929468099 1.152486999 -0.9488669555 -2.076955075 2.25183172 
-0.1503 0.2618046585 -1.918838472 1.153145526 -0.950515955 -2.077753998 2.24894992 
-0.1503 0.258718008 -1.908923998 1.153919657 -0.951934124 -2.078486947 2.246211982 
-0.1503 0.2553735954 -1.898547306 1.15454916 -0.9537672696 -2.078828621 2.243384857 
-0.1503 0.2521249796 -1.888046976 1.155791091 -0.9552218028 -2.079684843 2.240271877 
-0.1503 0.2492567817 -1.878504784 1.157012957 -0.9561703672 -2.080564146 2.237554138 
-0.1503 0.2464526364 -1.869073334 1.158364125 -0.9569737719 -2.081478888 2.234844008 
-0.1503 0.2430196039 -1.858441636 1.1596999 -0.9584939575 -2.082075807 2.231764658 
-0.1503 0.2400618642 -1.848768288 1.161312878 -0.9595757466 -2.082840225 2.228784355 
-0.1503 0.237099778 -1.838930218 1.163238994 -0.9602435341 -2.083940781 2.225765572 
-0.1503 0.2338992976 -1.828856183 1.164804505 -0.9616495986 -2.084293142 2.22270791 
-0.1503 0.2311245025 -1.819496836 1.166811799 -0.9623189995 -2.08514506 2.219717665 
-0.1503 0.2283795119 -1.810021808 1.169169485 -0.9625179273 -2.086362086 2.216682187 
-0.1503 0.22534215 -1.800240921 1.171114496 -0.9635370487 -2.086782835 2.213608683 
-0.1503 0.2223348117 -1.790347016 1.173424002 -0.9640808864 -2.087564167 2.210483569 
-0.1503 0.2198388855 -1.781465383 1.175964817 -0.9641413239 -2.088572223 2.207471717 
-0.1503 0.2174216547 -1.772716339 1.178636374 -0.964036684 -2.089630874 2.204455455 
-0.1503 0.2143758632 -1.762866457 1.181324325 -0.9645385677 -2.090368781 2.201152009 
-0.1503 0.211836513 -1.75401761 1.184216157 -0.9645745484 -2.091336128 2.197962072 
-0.1503 0.2089091424 -1.744378248 1.187170275 -0.9648054651 -2.092126205 2.194622737 
-0.1503 0.2065001219 -1.735754361 1.190314973 -0.9645574722 -2.093164049 2.191403196 
-0.1503 0.2041623192 -1.727250677 1.193582992 -0.9641598857 -2.094245251 2.188170696 
-0.1503 0.2014362827 -1.71796073 1.196933047 -0.9639505471 -2.095142403 2.184778918 
-0.1503 0.1992480705 -1.709708359 1.200454323 -0.9632415204 -2.096316415 2.181518024 
-0.1503 0.1971417276 -1.701590045 1.204099265 -0.9623681485 -2.097546045 2.178245528 
-0.1503 0.1946487839 -1.692691972 1.207845851 -0.9616739477 -2.098586928 2.174804157 
-0.1503 0.1927155069 -1.684854692 1.211744887 -0.9604571325 -2.099936293 2.171507043 
-0.1503 0.190340446 -1.676226679 1.215794826 -0.9594900679 -2.101122674 2.167997724 
-0.1503 0.1885020391 -1.668622789 1.219965113 -0.9580429734 -2.10260059 2.164733191 
-0.1503 0.1867304896 -1.661130058 1.224243846 -0.9564588945 -2.104123237 2.161332425 
-0.1503 0.1845390177 -1.652820115 1.228638975 -0.9550941761 -2.10541415 2.157682161 
-0.1503 0.1829044146 -1.645553189 1.233136284 -0.9532302424 -2.107026475 2.154270535 
-0.1503 0.1808493598 -1.637471333 1.237761383 -0.9515818804 -2.10840197 2.150658637 
-0.1503 0.1793672497 -1.630447725 1.242477926 -0.9494184525 -2.110122023 2.147219491 
-0.1503 0.1779684653 -1.623552236 1.247300531 -0.9470976309 -2.111904788 2.143825574 
-0.1503 0.176152362 -1.615850204 1.25226935 -0.9449816497 -2.113448099 2.140210932 
-0.1503 0.1749358231 -1.60923107 1.257315038 -0.9423239652 -2.115373468 2.136648123 
-0.1503 0.1738157945 -1.602529139 1.262777459 -0.9390976466 -2.117631883 2.133098514 
-0.1503 0.1726233627 -1.595968734 1.267926018 -0.936317406 -2.119514839 2.129620041 
-0.1503 0.1717074986 -1.589811662 1.27327932 -0.9331007403 -2.121697542 2.126181749 
-0.1503 0.1708285084 -1.583487713 1.279060479 -0.9294110671 -2.124163809 2.122617168 
-0.1503 0.1701851235 -1.577730574 1.284669084 -0.9257318177 -2.126617368 2.119203512 
-0.1503 0.169620871 -1.571854183 1.290729249 -0.9215210907 -2.12939514 2.115673125 
-0.1503 0.1692864877 -1.566531184 1.29659926 -0.9173350883 -2.132158876 2.112303286 
-0.1503 0.1691130334 -1.561428325 1.302596043 -0.9128898027 -2.135085233 2.109049064 
-0.1503 0.1693649414 -1.556639792 1.309277331 -0.9073791041 -2.138719348 2.105579086 
-0.1503 0.1692923108 -1.55167912 1.31535567 -0.9027809754 -2.141716126 2.1022695 
-0.1503 0.1698141207 -1.547371681 1.321676507 -0.8972642768 -2.145184279 2.099151828 
-0.1503 0.170557406 -1.543119117 1.32852761 -0.8910102327 -2.149139676 2.0959795 
-0.1503 0.1712732636 -1.539368823 1.335108446 -0.8850062415 -2.153110671 2.093091153 
-0.1503 0.1725349666 -1.535812702 1.342304894 -0.8779554423 -2.15763465 2.090099072 
-0.1503 0.1740436316 -1.532874047 1.349288908 -0.8709099508 -2.162205676 2.087335471 
-0.1503 0.1754598401 -1.529690734 1.356239648 -0.8639434091 -2.166771937 2.084649962 
-0.1503 0.1778569066 -1.527261278 1.364014201 -0.8553699588 -2.172229321 2.081932565 
-0.1503 0.1800403199 -1.525080966 1.371414017 -0.8472879249 -2.17758122 2.079532786 
-0.1503 0.1827681584 -1.523320298 1.379494506 -0.8380362081 -2.183727913 2.077232748 
-0.1503 0.1856158892 -1.521935089 1.387294607 -0.8289571839 -2.189806054 2.075179148 
-0.1503 0.1889148526 -1.521018736 1.395190123 -0.8191855554 -2.196243396 2.073452307 
-0.1503 0.1928381637 -1.520489395 1.403815042 -0.8081477071 -2.203530297 2.071883782 
-0.1503 0.1969118581 -1.520426497 1.412100614 -0.7971941068 -2.21077398 2.070698905 
-0.1503 0.201696632 -1.52083533 1.421162862 -0.7848311354 -2.218959471 2.069774512 
-0.1503 0.2066099615 -1.521676433 1.429880423 -0.7725725841 -2.227080529 2.069260971 
-0.1503 -0.3884674271 -0.8458591596 1.423311454 -1.448333794 -1.626578595 2.029647716 
-0.1503 -0.3810163274 -0.852422773 1.42934896 -1.432295848 -1.635632996 2.02011581 
-0.1503 -0.3743471688 -0.8581460001 1.43519153 -1.417624848 -1.643876384 2.011364687 
-0.1503 -0.36758368 -0.8637831054 1.44161199 -1.40237147 -1.652389659 2.002220057 
-0.1503 -0.3615815283 -0.868623416 1.447801896 -1.388446759 -1.660093537 1.993817329 
-0.1503 -0.3555327184 -0.8732759172 1.454179619 -1.374681443 -1.667805068 1.985333447 
-0.1503 -0.3502485734 -0.877249825 1.461092809 -1.360828062 -1.675111155 1.976938899 
-0.1503 -0.3452944703 -0.8807564197 1.467752908 -1.348023946 -1.681919843 1.968989536 
-0.1503 -0.3406899709 -0.8838302999 1.474554384 -1.335581097 -1.688419656 1.96116964 
-0.1503 -0.3361648346 -0.886637051 1.481958537 -1.322701248 -1.695006558 1.952960424 
-0.1503 -0.3322838302 -0.8888323021 1.489033765 -1.310987307 -1.700853754 1.94537791 
-0.1503 -0.3285266635 -0.8907177165 1.496716944 -1.298867922 -1.70673925 1.937400065 
-0.1503 -0.3249657396 -0.8922030327 1.503998056 -1.287556638 -1.712094716 1.929849747 
-0.1503 -0.322139769 -0.8932862873 1.511589757 -1.276809798 -1.717119778 1.922446612 
-0.1503 -0.3198744841 -0.8936223712 1.519531299 -1.266072756 -1.721650859 1.914995698 
-0.1503 -0.3177018709 -0.8937592304 1.527137466 -1.255978718 -1.72582713 1.90784422 
-0.1503 -0.3157659153 -0.8935069093 1.535366867 -1.245545778 -1.729938526 1.900299259 
-0.1503 -0.3142688789 -0.8929233659 1.54317452 -1.236059503 -1.733495471 1.893269677 
-0.1503 -0.3130615874 -0.8920339848 1.551108269 -1.226785208 -1.73678727 1.886318191 
-0.1503 -0.3121030612 -0.890741364 1.55966342 -1.217184144 -1.739992577 1.878807907 
-0.1503 -0.3114546058 -0.8892629991 1.567841566 -1.208311516 -1.742768799 1.871793658 
-0.1503 -0.311098138 -0.8873395321 1.576534068 -1.199268836 -1.745402364 1.864426289 
-0.1503 -0.3109865928 -0.8853046559 1.584846691 -1.190871672 -1.747670145 1.857541527 
-0.1503 -0.3111246486 -0.8830162847 1.593215142 -1.182698678 -1.749700783 1.850477864 
-0.1503 -0.31147554 -0.8803498102 1.602247357 -1.17410732 -1.751669308 1.84307842 
-0.1503 -0.312357699 -0.8772937059 1.610608796 -1.166404823 -1.75283345 1.836327271 
-0.1503 -0.3130598108 -0.8742525717 1.619850517 -1.158053899 -1.754491252 1.828789121 
-0.1503 -0.3141480877 -0.8709769414 1.628463091 -1.150486221 -1.755531274 1.821863135 
-0.1503 -0.315426039 -0.8675054729 1.637133551 -1.143027183 -1.756374142 1.814921867 
-0.1503 -0.3169563898 -0.863604843 1.646439347 -1.135155958 -1.757080193 1.807485882 
-0.1503 -0.318592093 -0.859760525 1.655221884 -1.127880641 -1.757544687 1.800500969 
-0.1503 -0.3203873518 -0.8557496475 1.664055525 -1.120676891 -1.757838491 1.793490393 
-0.1503 -0.3224315542 -0.8513043202 1.673527265 -1.113035171 -1.757990198 1.785967872 
-0.1503 -0.3247720263 -0.8467403281 1.682321902 -1.106070949 -1.757595902 1.779052414 
-0.1503 -0.3268676686 -0.8422069944 1.692032179 -1.098395962 -1.757779988 1.771298385 
-0.1503 -0.3294419948 -0.8375519809 1.701085355 -1.091512666 -1.7573484 1.764227746 
-0.1503 -0.3321336169 -0.8327699761 1.710180634 -1.084647039 -1.756783299 1.757117989 
-0.1503 -0.3350671261 -0.8275448398 1.719918416 -1.077295582 -1.75606961 1.7494683 
-0.1503 -0.3375843428 -0.8225777952 1.729038692 -1.07018834 -1.755443854 1.742134075 
-0.1503 -0.3411266579 -0.8170400808 1.738915205 -1.063075477 -1.754280692 1.734523216 
-0.1503 -0.3438294201 -0.8118420129 1.748107625 -1.055941858 -1.753431639 1.727093192 
-0.1503 -0.3474136097 -0.8064276841 1.75745071 -1.049283799 -1.752082577 1.719890586 
-0.1503 -0.3508331705 -0.8006100973 1.767379941 -1.041841005 -1.750781917 1.711983877 
-0.1503 -0.3541733142 -0.7950475031 1.77672888 -1.034860504 -1.749438677 1.704538838 
-0.1503 -0.3577444008 -0.789017301 1.786722812 -1.027324526 -1.747945092 1.696517102 
-0.1503 -0.3618955277 -0.7829351645 1.796338087 -1.020634885 -1.745926415 1.688971853 
-0.1503 -0.3650995153 -0.7773778631 1.805617415 -1.013314553 -1.744658241 1.681469905 
-0.1503 -0.3694841146 -0.7707271065 1.815905899 -1.005936011 -1.74243327 1.673243671 
-0.1503 -0.373091115 -0.7649698307 1.825273518 -0.9986609036 -1.740870047 1.665738905 
-0.1503 -0.3775397771 -0.7582501165 1.835562657 -0.991098156 -1.738587107 1.657464839 
-0.1503 -0.3817280216 -0.7519285139 1.845202686 -0.983909575 -1.736433481 1.649688584 
-0.1503 -0.3859676557 -0.7455521952 1.85485424 -0.9766403183 -1.734232204 1.64187837 
-0.1503 -0.3904915887 -0.739043071 1.864996786 -0.9688129549 -1.73204998 1.6338133 
-0.1503 -0.3947153946 -0.7325486592 1.874652259 -0.9613017666 -1.729809453 1.625885105 
-0.1503 -0.3989426593 -0.7259941436 1.884310729 -0.9536750159 -1.727548361 1.617902704 
-0.1503 -0.4037986717 -0.7190460392 1.894614403 -0.9456239166 -1.724991121 1.609561007 
-0.1503 -0.4083327986 -0.7121415802 1.904423788 -0.9378784268 -1.722421215 1.601367082 
-0.1503 -0.4131066173 -0.705053054 1.914718982 -0.9295043752 -1.719864959 1.592866512 
-0.1503 -0.417971461 -0.698000972 1.924590358 -0.9216671611 -1.717081028 1.584654332 
-0.1503 -0.4228886426 -0.6908814894 1.934473668 -0.9137177959 -1.714255713 1.576396118 
-0.1503 -0.4278721862 -0.6835471776 1.944814414 -0.90501624 -1.711522128 1.567750263 
-0.1503 -0.4329116259 -0.6762724638 1.954725471 -0.8968349694 -1.708599584 1.559392736 
-0.1503 -0.4380461541 -0.6687550057 1.96509966 -0.8878967079 -1.705742216 1.550639728 
-0.1503 -0.4434748704 -0.6613074156 1.975087867 -0.8796040264 -1.702568634 1.542255444 
-0.1503 -0.4484390019 -0.6537851134 1.984995293 -0.870910773 -1.699659669 1.533655397 
-0.1503 -0.4541322378 -0.6459479166 1.995494306 -0.8617450356 -1.696420349 1.524804161 
-0.1503 -0.4591893787 -0.6382251484 2.005431259 -0.8527580583 -1.693439189 1.516063667 
-0.1503 -0.4647074342 -0.6302007656 2.015893404 -0.8431453998 -1.690290929 1.507007786 
-0.1503 -0.470190552 -0.6222963523 2.025905267 -0.8340206676 -1.687054261 1.498250583 
-0.1503 -0.4757281077 -0.6143007377 2.035926169 -0.8247429612 -1.683787749 1.489436012 
-0.1503 -0.4814552505 -0.6059632168 2.046423306 -0.8146619564 -1.680505587 1.480196602 
-0.1503 -0.4871169048 -0.5977619674 2.056466361 -0.8050614565 -1.677170033 1.471257148 
-0.1503 -0.4929930484 -0.5891896966 2.066990754 -0.7946402715 -1.673798889 1.461881642 
-0.1503 -0.4991532579 -0.5807716776 2.07713008 -0.7848662721 -1.67016487 1.452910905 
-0.1503 -0.504632283 -0.5722250123 2.087138598 -0.7745715658 -1.666973173 1.443663634 
-0.1503 -0.5106846191 -0.5633342125 2.097662892 -0.7636013285 -1.663529721 1.434118559 
-0.1503 -0.5166080682 -0.554624978 2.107713344 -0.753107926 -1.660102922 1.424894629 
-0.1503 -0.5225829165 -0.5458052197 2.117764802 -0.7424238327 -1.656664849 1.415610805 
-0.1503 -0.5288308824 -0.5365429634 2.128298365 -0.7308573057 -1.653150259 1.405871422 
-0.1503 -0.5349235558 -0.527474397 2.13835642 -0.7197681145 -1.649683457 1.39645577 
-0.1503 -0.5413126354 -0.5179305928 2.148901362 -0.7077692096 -1.646125035 1.386571105 
-0.1503 -0.5475279461 -0.508588826 2.15896955 -0.6962485246 -1.642636375 1.377012599 
-0.1503 -0.5538010829 -0.499106252 2.169043315 -0.6845056425 -1.639144276 1.367380763 
-0.1503 -0.5604025912 -0.4890983994 2.179610084 -0.6718061652 -1.635543206 1.357259615 
-0.1503 -0.5668025466 -0.4793049074 2.189698145 -0.659587704 -1.632045244 1.347469576 
-0.1503 -0.5734839692 -0.4690766247 2.2001968 -0.6464198617 -1.628480763 1.337287621 
-0.1503 -0.5799362908 -0.4590971706 2.210198266 -0.6337512841 -1.625045215 1.327464895 
-0.1503 -0.586441436 -0.4489695657 2.220191775 -0.6208377728 -1.621623827 1.317580561 
-0.1503 -0.5933181835 -0.4382524807 2.230670344 -0.6068912517 -1.618074535 1.307195844 
-0.1503 -0.5999426891 -0.4277945102 2.240652137 -0.5934536325 -1.614681796 1.297175959 
-0.1503 -0.6071077255 -0.4163680503 2.251348943 -0.5787865951 -1.611065318 1.286338539 
-0.1503 -0.6137081531 -0.4058882494 2.261095869 -0.5649460971 -1.607802676 1.276476771 
-0.1503 -0.6205155419 -0.3948815935 2.271065737 -0.5506648334 -1.604480043 1.266239325 
-0.1503 -0.6277441517 -0.383186209 2.281527577 -0.5352415071 -1.601017797 1.255467419 
-0.1503 -0.6346796353 -0.3717697296 2.291491911 -0.5203475957 -1.597760857 1.24507546 
-0.1503 -0.6420641568 -0.3595939726 2.30196749 -0.5042460651 -1.594361066 1.234112225 
-0.2503 -0.6791718975 -0.2349322771 2.353626357 -0.5155712928 -1.57660472 1.12319016 
-0.2503 -0.6841750275 -0.2230027869 2.363658993 -0.4982812521 -1.57647137 1.112680326 
-0.3503 -0.7009025447 -0.092879282 2.418242397 -0.493553536 -1.572050077 0.9985541222 
-0.3503 -0.7043575478 -0.07959640653 2.428154283 -0.4741130684 -1.574420019 0.9876308508 
-0.4503 -0.698997948 0.05754752481 2.482665367 -0.4576903809 -1.582694528 0.866633071 
-0.4503 -0.7001722946 0.07320451225 2.493532312 -0.4352340125 -1.589443351 0.854070483 
-0.4503 -0.7015545534 0.08828885472 2.503736346 -0.4138340791 -1.595667571 0.8424794313 
-0.5503 -0.6678458331 0.2393455544 2.557131451 -0.384065997 -1.620828829 0.7058080752 
-0.5503 -0.666920703 0.2567604324 2.567168002 -0.3611134402 -1.630515889 0.6932558027 
-0.5503 -0.6661462689 0.274676136 2.577201822 -0.3377478118 -1.640334418 0.6808973033 
-0.5503 -0.6654991204 0.2943442753 2.587899711 -0.3123515914 -1.650947379 0.667949097 
-0.5503 -0.6650732137 0.3133114514 2.597922872 -0.2880820671 -1.661022214 0.6560504819 
-0.5503 -0.6648272546 0.3341115709 2.608606257 -0.2616835923 -1.671894281 0.6436392982 
-0.5503 -0.6648074487 0.3541485669 2.618613358 -0.236436949 -1.682195785 0.6322908739 
-0.5503 -0.6650078649 0.3747083817 2.628611419 -0.2106888818 -1.692592652 0.6212450108 
-0.5503 -0.6654838301 0.3972180843 2.639265637 -0.1826489254 -1.703774747 0.6098254082 
-0.5503 -0.666195632 0.4188662208 2.649244293 -0.1557995007 -1.714330191 0.599488645 
-0.5503 -0.667108013 0.4429188332 2.659999874 -0.1262714729 -1.725877311 0.5886228897 
-0.5503 -0.6685718024 0.4652849773 2.669840259 -0.09848600209 -1.736296801 0.5793881079 
-0.5503 -0.6703883404 0.4881285665 2.679667912 -0.07011357719 -1.746690001 0.5706326147 
-0.5503 -0.6723398151 0.5139761101 2.690412606 -0.0385240352 -1.758326704 0.5612272548 
-0.5503 -0.6747324908 0.5383553093 2.700365936 -0.00848315913 -1.768948115 0.5532294603 
-0.5503 -0.6777397205 0.5649510885 2.710988537 0.02434868064 -1.780208227 0.5453249334 
-0.5503 -0.6810208612 0.5904417915 2.720958545 0.05590631242 -1.790666051 0.5385454849 
-0.5503 -0.6847860543 0.6164756762 2.730946557 0.08825780944 -1.800992448 0.5324213494 
-0.5503 -0.6893803269 0.6448502443 2.741629657 0.1236910697 -1.811818103 0.5266630919 
-0.5503 -0.6942748499 0.672027098 2.751682882 0.1578285949 -1.82174365 0.5220416603 
-0.5503 -0.6999729211 0.6992966627 2.761672479 0.1925759105 -1.831097511 0.5184663873 
-0.5503 -0.7064011011 0.7300100574 2.772628118 0.2314396564 -1.841352791 0.5150987241 
-0.5503 -0.7133529896 0.7589811648 2.782874509 0.2686697292 -1.850284948 0.5131154029 
-0.5503 -0.7216385702 0.7905770763 2.793910117 0.3096491623 -1.859313284 0.5120777346 
-0.5503 -0.730292513 0.820881696 2.804376439 0.3493411183 -1.867229782 0.5121806945 
-0.5503 -0.7398782071 0.8518879172 2.814981903 0.3903568146 -1.874530287 0.5133905441 
-0.5503 -0.7512187517 0.8857890004 2.826475232 0.4356759195 -1.881531888 0.5159763006 
-0.6503 -0.5994656226 1.097870856 2.851004682 0.4713183556 -2.012844434 0.3399954608 
-0.6503 -0.6108864334 1.134994315 2.862956524 0.5219049418 -2.022867988 0.3477414056 
-0.6503 -0.6238124462 1.171411263 2.874988745 0.572733541 -2.031080664 0.3576591264 
-0.6503 -0.639367803 1.209884561 2.888083442 0.6276729913 -2.037850632 0.3706408624 
-0.6503 -0.6596114684 1.254025409 2.90364304 0.6921129695 -2.043012807 0.3886339812 
-0.6503 -0.6830750517 1.2995874 2.920337216 0.7598902317 -2.045253894 0.4104746421 
-0.6503 -0.7148376077 1.355165613 2.941574875 0.84363034 -2.043642571 0.4410860485 
-0.6503 -0.754597656 1.418923882 2.967066177 0.9398912441 -2.036102423 0.480500662 
-0.6503 -0.8159466544 1.511804008 3.006260663 1.077339863 -2.015711799 0.543276123 
-0.5503 -0.9409586839 1.27469509 2.952698706 0.9801757838 -1.873923772 0.6234447075 
-0.5503 -0.968682368 1.320348139 2.966587343 1.044620899 -1.861734941 0.6420601837 
-0.5503 -0.9997184011 1.370240726 2.981364505 1.114567802 -1.845802171 0.6628168166 
-0.7503 -0.6124576992 1.814537961 3.026368791 1.24060108 -2.196353887 0.3840122019 
-0.7503 -0.5818357467 1.795841931 3.004130227 1.202964025 -2.213803925 0.3452213182 
-0.7503 -0.5467025146 1.777801091 2.980296566 1.161449273 -2.23320421 0.3014843765 
-0.7503 -0.5131166574 1.764128635 2.958632278 1.123890126 -2.251314827 0.2600433742 
-0.7503 -0.4808459378 1.754725676 2.938445952 1.090484889 -2.268572028 0.2202719722 
-0.7503 -0.4496820875 1.749882396 2.919203643 1.061804863 -2.285468501 0.1818731861 
-0.7503 -0.4244651789 1.749924294 2.903544158 1.042407202 -2.299708911 0.1506418039 
-0.7503 -0.4019698066 1.754011489 2.889223181 1.029392387 -2.313293612 0.1226462266 
-0.7503 -0.3846222445 1.760730489 2.877681866 1.023396629 -2.324737686 0.1009479676 
-0.7503 -0.3703345661 1.769457298 2.867576997 1.022253111 -2.335149682 0.08298541739 
-0.7503 -0.3578469064 1.78029158 2.857992272 1.025200572 -2.345321407 0.06719156008 
-0.7503 -0.3482185685 1.791396068 2.849825283 1.030950036 -2.354128754 0.05492270551 
-0.7503 -0.3397261963 1.803868957 2.841731742 1.039479485 -2.362865256 0.04399358293 
-0.7503 -0.3316067894 1.814613336 2.833712015 1.045912109 -2.370793255 0.03315959546 
-0.7503 -0.3273394652 1.828043117 2.827511721 1.059718606 -2.377816556 0.02766217001 
-0.7503 -0.3230775261 1.841097896 2.820570566 1.073301457 -2.384721862 0.02193126478 
-0.7503 -0.3189700865 1.853210125 2.813778176 1.085486765 -2.391218056 0.01613372915 
-0.7503 -0.3160187244 1.865962496 2.806854171 1.100015466 -2.397392839 0.0118014327 
-0.7503 -0.3130611052 1.877711856 2.800037423 1.112891334 -2.403207205 0.007184793092 
-0.7503 -0.3105770905 1.889253358 2.793170226 1.125985766 -2.408721399 0.003031265481 
-0.7503 -0.3090348341 1.901310985 2.786007208 1.141131454 -2.413985601 7.073316538e-05 
-0.7503 -0.3072994681 1.912218414 2.778930956 1.154139879 -2.418890827 -0.003492372306 
-0.7503 -0.3063972658 1.92352518 2.771474716 1.168941064 -2.423548552 -0.006042958881 
-0.7503 -0.3057746484 1.933806377 2.764319785 1.182620469 -2.427688526 -0.008334927884 
-0.7503 -0.3053513956 1.943777324 2.75700252 1.196088636 -2.43161686 -0.01055473205 
-0.7503 -0.3050240423 1.95410038 2.748988838 1.21010625 -2.435635813 -0.01299204491 
-0.7503 -0.3054738919 1.963222201 2.741507852 1.223692467 -2.438794761 -0.0143186035 
-0.7503 -0.3055455099 1.972238814 2.733674533 1.236371272 -2.442129725 -0.01648221898 
-0.7503 -0.3056241595 1.981604281 2.725084564 1.249423127 -2.44560728 -0.01904687879 
-0.7503 -0.3065061859 1.989716415 2.717092483 1.262130726 -2.448170546 -0.0203853372 
-0.7503 -0.3068576199 1.998431339 2.708143555 1.274558678 -2.45127949 -0.02301623014 
-0.7503 -0.3078448238 2.00585353 2.69979446 1.286341754 -2.453515807 -0.02466445156 
-0.7503 -0.3085353142 2.013455731 2.691116725 1.297712532 -2.456058627 -0.02696834457 
-0.7503 -0.3098375052 2.020793109 2.681873344 1.30982085 -2.458122322 -0.02875009523 
-0.7503 -0.3108530842 2.027630273 2.672945644 1.320621952 -2.460188688 -0.03096378932 
-0.7503 -0.3118698669 2.034645888 2.663235321 1.33153566 -2.462320514 -0.03367112805 
-0.7503 -0.3133133384 2.040585513 2.654137006 1.34187548 -2.463775947 -0.03557642351 
-0.7503 -0.3144693726 2.04662845 2.644766682 1.351667709 -2.465481893 -0.03814671031 
-0.7503 -0.3156835093 2.052840317 2.634610199 1.361676929 -2.467229786 -0.04112263201 
-0.7503 -0.3172395379 2.058164839 2.625057239 1.371258755 -2.468440503 -0.0433610468 
-0.7503 -0.3184259477 2.063823951 2.614633205 1.38035069 -2.469978396 -0.04675371993 
-0.7503 -0.3199039526 2.068646788 2.604834089 1.389025106 -2.471019949 -0.04944341756 
-0.7503 -0.3211383222 2.073571049 2.594817516 1.397199692 -2.472282198 -0.05271735508 
-0.7503 -0.3229381125 2.078111993 2.583982761 1.405783693 -2.47297378 -0.05586421384 
-0.7503 -0.3239448269 2.082721836 2.573915399 1.41329296 -2.47429032 -0.05942302149 
-0.7503 -0.3255240306 2.087071255 2.562974025 1.421381218 -2.475118934 -0.06285216556 
-0.7503 -0.326791476 2.091185235 2.552554826 1.428450072 -2.476052479 -0.06657657256 
-0.7503 -0.3280469981 2.095143466 2.542044005 1.435262912 -2.476934814 -0.07042939322 
-0.7503 -0.3294987498 2.098958563 2.530813178 1.442337691 -2.477612762 -0.07440224909 
-0.7503 -0.3306834168 2.102614006 2.52013351 1.448570331 -2.478410721 -0.07856661605 
-0.7503 -0.3318967658 2.106161216 2.509356842 1.454694025 -2.479169333 -0.08278448135 
-0.7503 -0.3335552625 2.109319417 2.497679858 1.460957007 -2.479383207 -0.08718313345 
-0.7503 -0.334365501 2.112858081 2.486941247 1.466553146 -2.480446211 -0.09173318769 
-0.7503 -0.3352170467 2.1159392 2.475196211 1.471623334 -2.481164036 -0.09698831679 
-0.7503 -0.33667501 2.119124273 2.464225772 1.477468701 -2.481641004 -0.1012458975 
-0.7503 -0.337705711 2.122112847 2.453103972 1.482420994 -2.482269731 -0.1061286495 
-0.7503 -0.338831571 2.124971348 2.44125512 1.487511212 -2.48273967 -0.1112520036 
-0.7503 -0.3397880633 2.12777462 2.430020381 1.492060149 -2.483326876 -0.116363034 
-0.7503 -0.3408225425 2.130458157 2.418054772 1.496735693 -2.483767699 -0.121733679 
-0.7503 -0.3417063348 2.133103669 2.40671573 1.500920388 -2.4843234 -0.1270561164 
-0.7503 -0.3425557074 2.135679526 2.395330464 1.504936629 -2.484865104 -0.1324759573 
-0.7503 -0.3430982529 2.138040204 2.383090371 1.508336874 -2.485397353 -0.1387233422 
-0.7503 -0.3442142889 2.140601684 2.371742377 1.512712019 -2.485803436 -0.1438208446 
-0.7503 -0.344821151 2.14307018 2.359520024 1.516255226 -2.486392766 -0.1499777181 
-0.7503 -0.345337005 2.145219263 2.347683192 1.518885845 -2.486844362 -0.1564064664 
-0.7503 -0.3464347023 2.147774027 2.336313801 1.523148735 -2.48733223 -0.1615677988 
-0.7503 -0.3470066499 2.150079595 2.323973745 1.526331003 -2.487801628 -0.1679038655 
-0.7503 -0.3475913508 2.152341688 2.31229796 1.529279176 -2.488324405 -0.1740007611 
-0.7503 -0.3485091645 2.154241322 2.299685702 1.532274806 -2.488341973 -0.1804595944 
-0.7503 -0.3486644658 2.156708411 2.288164248 1.534922545 -2.489259769 -0.186711443 
-0.7503 -0.3491835822 2.158845793 2.276391238 1.537551389 -2.489748762 -0.1929882411 
-0.7503 -0.3494124047 2.160928686 2.263886344 1.539747348 -2.490249663 -0.1999525815 
-0.7503 -0.3499662262 2.163030599 2.25212482 1.542332584 -2.49067357 -0.2062019883 
-0.7503 -0.3502472922 2.164991695 2.240000797 1.543953662 -2.491114115 -0.213267925 
-0.7503 -0.3507248129 2.167123258 2.227488137 1.546413856 -2.491607679 -0.2201095875 
-0.7503 -0.3507780032 2.169359596 2.215860162 1.548457363 -2.49221721 -0.2265617045 
-0.7503 -0.3511350813 2.171388213 2.202862779 1.550147007 -2.492680176 -0.234144398 
-0.7503 -0.3515067448 2.173431868 2.191224972 1.552464053 -2.493150853 -0.2403795835 
-0.7503 -0.3516554762 2.17546757 2.179302446 1.554064364 -2.49366241 -0.2472727058 
-0.7503 -0.3519118629 2.177448424 2.166270524 1.555318483 -2.494107893 -0.2551344133 
-0.7503 -0.3517728972 2.179610628 2.154246433 1.55644255 -2.494699004 -0.2623674224 
-0.7503 -0.3521108972 2.1817604 2.141777063 1.558657812 -2.495228013 -0.2691564314 
-0.7503 -0.3522185834 2.183759068 2.129778346 1.559965202 -2.495710903 -0.2762243848 
-0.7503 -0.3524256374 2.185681999 2.117395354 1.560956216 -2.496114193 -0.2837016769 
-0.7503 -0.3525304337 2.187849883 2.104719054 1.562286743 -2.496643858 -0.2912481493 
-0.7503 -0.3523397058 2.189690867 2.092569228 1.562828512 -2.497023652 -0.2988042047 
-0.7503 -0.3524161189 2.191956991 2.079826814 1.564170873 -2.497612047 -0.3063021794 
-0.7503 -0.3522823157 2.193952381 2.067611611 1.564702915 -2.498079838 -0.3139401981 
-0.7503 -0.3522642081 2.196213541 2.055793132 1.565954554 -2.498789485 -0.3208960983 
-0.7503 -0.3523022558 2.198192673 2.042705329 1.566487827 -2.499128185 -0.3290731732 
-0.7503 -0.3520885875 2.20029924 2.030512843 1.566881957 -2.499658146 -0.3367569911 
-0.7503 -0.3520820983 2.202731995 2.01777859 1.567989541 -2.500337098 -0.3443472414 
-0.7503 -0.3518641458 2.204825166 2.005638595 1.568315081 -2.500857518 -0.3520147176 
-0.7503 -0.3518990441 2.206865905 1.993135174 1.568517405 -2.501238624 -0.3599601129 
-0.7503 -0.3518922991 2.209142126 1.980255058 1.569165258 -2.501730562 -0.3679395917 
-0.7503 -0.3514954212 2.211109025 1.968018909 1.568956815 -2.502090193 -0.3759270819 
-0.7503 -0.351190914 2.213546279 1.956091896 1.569407988 -2.502860981 -0.3833551712 
-0.7503 -0.3510512059 2.215690518 1.9427877 1.569252587 -2.503114006 -0.3919926953 
-0.7503 -0.350338139 2.218249565 1.930813791 1.568876133 -2.504125951 -0.4000152016 
-0.7503 -0.3507069551 2.220238867 1.917631851 1.569434208 -2.504122342 -0.4080636875 
-0.7503 -0.3503433707 2.222517339 1.905324563 1.569070311 -2.504631298 -0.4161969605 
-0.7503 -0.3500961875 2.224753224 1.892958933 1.568849868 -2.505119609 -0.4242104352 
-0.7503 -0.3497337479 2.227436438 1.880210866 1.568839708 -2.505801083 -0.4324153749 
-0.7503 -0.3494617002 2.229606305 1.867754925 1.568178116 -2.506096584 -0.4407281871 
-0.7503 -0.3493839078 2.232034682 1.854719903 1.568189673 -2.50650415 -0.4490773941 
-0.7503 -0.3490526559 2.234319289 1.842253442 1.567435711 -2.506854525 -0.4574981527 
-0.7503 -0.3485572731 2.237003955 1.830233064 1.567048458 -2.507616889 -0.465385043 
-0.7503 -0.3484807587 2.239259017 1.81682358 1.566354893 -2.507714141 -0.4743271847 
-0.7503 -0.3475881552 2.242167046 1.804736056 1.565180355 -2.508694557 -0.4827743746 
-0.7503 -0.3478115181 2.24438905 1.791446159 1.565009823 -2.508647895 -0.4912419229 
-0.7503 -0.3473596676 2.24692328 1.779043183 1.563944553 -2.509097618 -0.4997653281 
-0.7503 -0.3469265096 2.249477792 1.766637983 1.562869617 -2.509553685 -0.5082230581 
-0.7503 -0.3465266696 2.252389583 1.753740134 1.562195051 -2.510144522 -0.5168016955 
-0.7503 -0.346136226 2.254869396 1.741229799 1.560777845 -2.510363454 -0.5255099162 
-0.7503 -0.3460625625 2.257496944 1.728033379 1.560183054 -2.510646871 -0.5342135108 
-0.7503 -0.3456953287 2.260053106 1.715460929 1.558778727 -2.510898561 -0.5429963063 
-0.7503 -0.3450923067 2.263058391 1.703374357 1.557621999 -2.51160325 -0.5512668176 
-0.7503 -0.3450215278 2.265559393 1.689829119 1.55629322 -2.51154952 -0.5605768422 
-0.7503 -0.3440838565 2.268808704 1.677660399 1.554373753 -2.512429866 -0.5693951387 
-0.7503 -0.3439817096 2.271430504 1.665290176 1.553439343 -2.51257781 -0.5776432014 
-0.7503 -0.34376474 2.274154437 1.651762057 1.551747876 -2.512619304 -0.5871397781 
-0.7503 -0.3434738079 2.276958223 1.639403535 1.550360339 -2.512835593 -0.5955843143 
-0.7503 -0.3428377907 2.280290895 1.626282416 1.548505507 -2.513446902 -0.604938433 
-0.7503 -0.3425672584 2.282994726 1.613565632 1.546603574 -2.513496195 -0.6140304637 
-0.7503 -0.3421097251 2.286115003 1.601330931 1.545002609 -2.513927965 -0.622545528 
-0.7503 -0.342013929 2.288884263 1.587642105 1.543009153 -2.513758829 -0.6322709635 
-0.7503 -0.3413641272 2.292275977 1.575502225 1.541089392 -2.514359682 -0.6408927172 
-0.7503 -0.341345755 2.295063456 1.561784138 1.539069861 -2.514103092 -0.6506178709 
-0.7503 -0.3406297771 2.298586126 1.549624962 1.536873792 -2.514720358 -0.6593978624 
-0.7503 -0.3402798259 2.301694212 1.537085478 1.534724112 -2.514867947 -0.6684094539 
-0.7503 -0.3401219065 2.304748017 1.523391763 1.532311825 -2.514705233 -0.6783229282 
-0.7503 -0.3398635474 2.307899745 1.510915609 1.530280434 -2.514793685 -0.6870640674 
-0.7503 -0.3392130296 2.311670544 1.497713397 1.527517079 -2.515209024 -0.6968931766 
-0.7503 -0.3390146408 2.314721156 1.484867375 1.524964051 -2.515067906 -0.7063285351 
-0.7503 -0.3390136228 2.317706245 1.472177331 1.522911984 -2.514833094 -0.7152829482 
-0.7503 -0.3385526483 2.321397462 1.458687738 1.519943227 -2.51494559 -0.72528836 
-0.7503 -0.3377749113 2.325269781 1.446309542 1.516676472 -2.51542365 -0.7347850641 
-0.7503 -0.3380407815 2.328312662 1.432620877 1.514564498 -2.514868921 -0.7443331246 
-0.7503 -0.3377176249 2.331774866 1.419866506 1.511553088 -2.514819328 -0.7538937317 
-0.7503 -0.3373698157 2.335328111 1.407128596 1.508450007 -2.514786273 -0.7634767105 
-0.7503 -0.3370296875 2.339258971 1.393902312 1.505577361 -2.514845354 -0.7730914904 
-0.7503 -0.3366411338 2.342983402 1.381208078 1.502284653 -2.514836892 -0.7827151726 
-0.7503 -0.3362338325 2.346795411 1.368535286 1.498899658 -2.514839944 -0.7923569212 
-0.7503 -0.3361838497 2.350508049 1.354919173 1.495825269 -2.514488634 -0.8023373868 
-0.7503 -0.3361065074 2.353983346 1.341840177 1.49235918 -2.514072653 -0.8123189203 
-0.7503 -0.3359837525 2.357926136 1.328253543 1.489051745 -2.513763533 -0.8223643625 
-0.7503 -0.3353266423 2.362279726 1.315606384 1.484842959 -2.513929593 -0.8324165465 
-0.7503 -0.3350879801 2.366180673 1.302636421 1.480972185 -2.513648029 -0.8424818798 
-0.7503 -0.3350034014 2.37027871 1.289055714 1.477426276 -2.513267838 -0.8525982474 
-0.7503 -0.3348274104 2.374238829 1.27606488 1.473446555 -2.512906732 -0.8627000841 
-0.7503 -0.3350511311 2.37809094 1.262230423 1.470063878 -2.512173373 -0.8728512177 
-0.7503 -0.3348014487 2.382306513 1.249294639 1.465842341 -2.51186251 -0.8829964369 
-0.7503 -0.3345322396 2.386628942 1.236384748 1.461511375 -2.51156156 -0.8931591504 
-0.7503 -0.3346845665 2.390765437 1.222431469 1.457506361 -2.510816071 -0.9037213719 
-0.7503 -0.334841098 2.394649394 1.20899407 1.453193549 -2.510015521 -0.9142534619 
-0.7503 -0.3344097088 2.399750219 1.195499877 1.44831174 -2.509829559 -0.9249156998 
-0.7503 -0.3343925487 2.404056502 1.182192669 1.443603034 -2.50917848 -0.935513158 
-0.7503 -0.3344427392 2.408380887 1.169157478 1.439302625 -2.508510208 -0.9455914509 
-0.7503 -0.3345017113 2.41306431 1.154979821 1.434253734 -2.507725818 -0.9568221007 
-0.7503 -0.3345950877 2.417487387 1.14161675 1.42938181 -2.506932593 -0.9674658446 
-0.7503 -0.3351166858 2.421737383 1.127375408 1.425138513 -2.505711958 -0.9781602448 
-0.7503 -0.3350991883 2.426512361 1.114108907 1.419932777 -2.504998851 -0.9888490287 
-0.7503 -0.3350581142 2.431422054 1.100874552 1.414591161 -2.504293916 -0.9995550113 
-0.7503 -0.3354561489 2.43613415 1.086501815 1.409506804 -2.503107574 -1.010764591 
-0.7503 -0.3358910747 2.440569329 1.072623572 1.404207758 -2.501876833 -1.021902978 
-0.7503 -0.3362402145 2.44523327 1.059115652 1.399138668 -2.500750095 -1.032534975 
-0.7503 -0.33660661 2.450341872 1.04446 1.393218089 -2.499508224 -1.044354633 
-0.7503 -0.3369044143 2.455295393 1.030945692 1.387732497 -2.498387791 -1.055162458 
-0.7503 -0.3372101546 2.460731175 1.016439907 1.381582817 -2.497172019 -1.06689484 
-0.7503 -0.3375060032 2.465952633 1.002705006 1.375512835 -2.495991884 -1.078138706 
