-0.3503 -0.9635858904 0.6937819806 0.852334937 2.748887517 -1.784295872 -1.233886394 
-0.3503 -0.971190009 0.6985843927 0.8702862964 2.741843616 -1.777255758 -1.224746281 
-0.3503 -0.9789349176 0.7035475496 0.8888168154 2.734226401 -1.770026536 -1.21525383 
-0.3503 -0.9863115909 0.708345935 0.9064320752 2.727224884 -1.763197048 -1.206002857 
-0.3503 -0.9934265571 0.7129823674 0.9236012495 2.7202121 -1.756543403 -1.196947167 
-0.3503 -1.000559047 0.717707491 0.9408474036 2.713252986 -1.749905509 -1.187673625 
-0.2503 -0.936553844 0.5823043652 0.8206454713 2.732802154 -1.768105626 -1.238157493 
-0.2503 -0.9452524297 0.5870507239 0.8408945257 2.725372952 -1.759751406 -1.228474274 
-0.2503 -0.9538069997 0.5918303875 0.8609132978 2.717943472 -1.75154797 -1.218705171 
-0.2503 -0.962739515 0.5971168546 0.8819823727 2.709887366 -1.743086102 -1.20810439 
-0.2503 -0.9709750785 0.6019254251 0.9014969293 2.702461675 -1.735197848 -1.198207372 
-0.2503 -0.9790405712 0.6070736331 0.9207588805 2.694878143 -1.727632667 -1.188019452 
-0.2503 -0.986789427 0.611952705 0.9394889131 2.687337752 -1.720235686 -1.178102048 
-0.2503 -0.9945452484 0.6169520177 0.9582744151 2.679830732 -1.712898593 -1.167933475 
-0.2503 -1.002204138 0.6219419951 0.9769274655 2.672358496 -1.705653452 -1.157689331 
-0.1503 -0.9333736256 0.4790464687 0.8581017637 2.701953864 -1.715880277 -1.209303701 
-0.1503 -0.9433729851 0.485034837 0.8812864571 2.692805566 -1.706451873 -1.197678444 
-0.1503 -0.952622404 0.4907363409 0.9027714763 2.684378971 -1.697884517 -1.18659464 
-0.1503 -0.9615028172 0.4963263669 0.9237111936 2.675844631 -1.689649535 -1.175617073 
-0.1503 -0.9703161498 0.501777992 0.9445784967 2.667438991 -1.68134427 -1.164586209 
-0.1503 -0.9789569723 0.5071786109 0.9651816778 2.659087709 -1.673188927 -1.153515625 
-0.1503 -0.9873104759 0.5129532836 0.985323458 2.650553521 -1.665509808 -1.142169103 
-0.1503 -0.9953726143 0.5183939372 1.005010979 2.64213686 -1.657929449 -1.131073173 
-0.0503 -0.91996055 0.3670098078 0.8854781906 2.684279303 -1.661131524 -1.184183412 
-0.0503 -0.9311712012 0.3742382946 0.910801439 2.673541819 -1.651137549 -1.171073648 
-0.0503 -0.9410301725 0.3809659449 0.9334296958 2.663515032 -1.642359916 -1.158920196 
-0.0503 -0.9503364693 0.3877712219 0.9552207267 2.653288033 -1.634025395 -1.146752276 
-0.0503 -0.9597511139 0.3942769554 0.977258166 2.643400944 -1.625609413 -1.134490881 
-0.0503 -0.9689439996 0.4006590562 0.9989668325 2.633638012 -1.61737509 -1.122211117 
-0.0503 -0.977865574 0.4069552053 1.020253872 2.623973697 -1.609432478 -1.109927763 
-0.0503 -0.9867150583 0.4130757146 1.04147912 2.614460684 -1.601409242 -1.097596074 
-0.0503 -0.9955541309 0.4196339351 1.063227671 2.604114173 -1.593335402 -1.084502244 
0 -0.9628989714 0.3463698127 1.018686953 2.621826097 -1.586164522 -1.104026243 
0 -0.9724348483 0.3532638502 1.041104307 2.611296662 -1.578006049 -1.090826273 
0 -0.9814222264 0.360089635 1.062622946 2.60083468 -1.570249712 -1.077739938 
0 -0.9900940758 0.3665741418 1.083700023 2.590544917 -1.562604977 -1.064835024 
0 -0.9983451244 0.3731890385 1.104137377 2.580158709 -1.555357527 -1.051835161 
0.0497 -0.9656629162 0.3001154368 1.062095871 2.59905597 -1.545847144 -1.070508486 
0.0497 -0.9754657382 0.3078108625 1.085519725 2.586928968 -1.537545213 -1.055894813 
0.0497 -0.9844913422 0.3148150391 1.107215942 2.575858223 -1.529965526 -1.042209376 
0.0497 -0.9933074455 0.3216516226 1.128619318 2.564957733 -1.522542216 -1.028524241 
0.0497 -1.001636353 0.3285130552 1.149310593 2.553984609 -1.515563528 -1.014825816 
0.1497 -0.9196443571 0.1675735689 1.040548303 2.615166394 -1.499386197 -1.068017025 
0.1497 -0.9301408923 0.1764621677 1.064157596 2.601390161 -1.491292785 -1.053072626 
0.1497 -0.9401507995 0.1850874802 1.087066659 2.587896104 -1.48371479 -1.038201381 
0.1497 -0.9508987779 0.1936079291 1.111893774 2.573881605 -1.47514305 -1.022376365 
0.1497 -0.9604116375 0.2016975655 1.134259737 2.560813859 -1.467790737 -1.007445232 
0.1497 -0.9696490817 0.2095626581 1.15628901 2.54793055 -1.460624308 -0.9925086771 
0.1497 -0.9783631108 0.2172326068 1.177572392 2.535169923 -1.453773299 -0.9776707577 
0.1497 -0.9872098173 0.2246901784 1.199176279 2.52262591 -1.446899055 -0.962668718 
0.1497 -0.9958466655 0.2319671255 1.220535676 2.510225859 -1.440183553 -0.9476423994 
0.2497 -0.9089953218 0.06741166111 1.115640725 2.581520913 -1.414879314 -1.001301315 
0.2497 -0.9204403287 0.07772275861 1.141076487 2.564697175 -1.406987983 -0.983706533 
0.2497 -0.9306052267 0.08694772876 1.164156201 2.549345329 -1.399925654 -0.9673890341 
0.2497 -0.9404305193 0.09583603066 1.186849737 2.534278444 -1.393055165 -0.951100588 
0.2497 -0.9498629156 0.1041897891 1.209109099 2.519572763 -1.386244412 -0.9350110419 
0.2497 -0.9590947248 0.1125611818 1.231122474 2.504955358 -1.379781958 -0.9187053159 
0.2497 -0.9677256975 0.120657199 1.252291996 2.490571196 -1.373696595 -0.9025654763 
0.2497 -0.9766396965 0.1285513519 1.274080313 2.476288922 -1.367359613 -0.8861378685 
0.2497 -0.9854524643 0.136422528 1.296388362 2.461405212 -1.360943944 -0.869000364 
0.2497 -0.9938052599 0.1439047863 1.317477662 2.44751189 -1.355149 -0.8526051116 
0.2497 -1.001466924 0.1508837233 1.337610946 2.433891785 -1.349554802 -0.8366207848 
0.3497 -0.9138238581 -0.01093547199 1.241583617 2.507882609 -1.313478236 -0.8875149774 
0.3497 -0.9240516553 -0.001393926307 1.264732752 2.4906753 -1.3073382 -0.869389544 
0.3497 -0.9333946302 0.007458618096 1.286691053 2.474083386 -1.301593292 -0.8517729028 
0.3497 -0.9425224628 0.01597462994 1.308513137 2.457683991 -1.29583071 -0.8341224701 
0.3497 -0.9519586889 0.02474526436 1.331528186 2.440386472 -1.289838423 -0.8152603015 
0.3497 -0.9604199682 0.03262413982 1.352603057 2.42450622 -1.284484752 -0.79773119 
0.3497 -0.9685999746 0.04022740299 1.373373144 2.408830266 -1.27929429 -0.7802409661 
0.3497 -0.9762604319 0.04733623569 1.393512868 2.393440323 -1.274168932 -0.7630279393 
0.3497 -0.9841664584 0.05467335969 1.414049623 2.378017925 -1.269391279 -0.7453633106 
0.3497 -0.9913597088 0.06132458597 1.433690617 2.362936086 -1.264576298 -0.7281891476 
0.3497 -0.9987594428 0.06819773422 1.453672252 2.347808413 -1.260085852 -0.710592124 
0.4497 -0.9098726161 -0.08977991223 1.367186018 2.423088267 -1.212929425 -0.7563379603 
0.4497 -0.918752498 -0.08131160589 1.388502624 2.404817399 -1.208140265 -0.7372648843 
0.4497 -0.9272919334 -0.07320584361 1.409470724 2.386834993 -1.203515648 -0.7182762061 
0.4497 -0.9355087307 -0.06543805944 1.430106037 2.369113535 -1.199052955 -0.6993651606 
0.4497 -0.9434376677 -0.05798625445 1.450460371 2.35160599 -1.194716972 -0.6805054193 
0.4497 -0.9507465864 -0.05092735896 1.470003037 2.334449003 -1.190633856 -0.6619323051 
0.4497 -0.9583254477 -0.04398418939 1.490080765 2.317300646 -1.186607255 -0.6430778807 
0.4497 -0.965939978 -0.03688510459 1.510960171 2.299184834 -1.182507191 -0.6230600635 
0.4497 -0.9724556357 -0.03062922597 1.529678334 2.282551143 -1.178872458 -0.6046474303 
0.4497 -0.979276635 -0.02443887052 1.548960811 2.265889636 -1.175317868 -0.5859318099 
0.4497 -0.9856051195 -0.01856378505 1.567618342 2.249416302 -1.171904631 -0.5674141294 
0.4497 -0.9917135924 -0.01290789696 1.586049357 2.23304635 -1.168617131 -0.5489277141 
0.4497 -0.9975267971 -0.007449206784 1.604083054 2.216897445 -1.165614065 -0.5305828265 
0.5497 -0.9078826631 -0.1597383945 1.526493446 2.289761908 -1.106633217 -0.5689550338 
0.5497 -0.9156385146 -0.1525225633 1.547221465 2.269170945 -1.103226826 -0.547324177 
0.5497 -0.9225611135 -0.1461119886 1.566243634 2.250186203 -1.100204928 -0.5272372462 
0.5497 -0.9290569471 -0.1400069505 1.584966669 2.231431326 -1.097292587 -0.507155569 
0.5497 -0.935541768 -0.1341633185 1.603391482 2.212813996 -1.094611449 -0.4873368797 
0.5497 -0.9416472808 -0.128600582 1.621591173 2.194343202 -1.091988934 -0.4674730996 
0.5497 -0.9475000299 -0.1232962112 1.639533376 2.176009794 -1.08949681 -0.4476738404 
0.5497 -0.9530102785 -0.1182185687 1.657003143 2.158005788 -1.087328843 -0.428106766 
0.5497 -0.9587061286 -0.1130496985 1.675569396 2.138734921 -1.085045335 -0.4071188073 
0.5497 -0.9637776948 -0.1084586342 1.692633278 2.120872803 -1.083063167 -0.3876040903 
0.6497 -0.8662087417 -0.2605435811 1.620209102 2.200356325 -1.010897407 -0.4208567765 
0.6497 -0.8726054511 -0.2547858374 1.638241141 2.179324968 -1.008993793 -0.3993152121 
0.6497 -0.8787632256 -0.2493657229 1.656133808 2.158340409 -1.007079757 -0.3777473565 
0.6497 -0.8844840482 -0.2442748323 1.67377287 2.137530528 -1.005205572 -0.3561428608 
0.6497 -0.8901261681 -0.2394383903 1.690899315 2.117105833 -1.003753512 -0.3350597994 
0.6497 -0.8957234134 -0.2345879684 1.708997753 2.095368543 -1.002234255 -0.3124148934 
0.6497 -0.9006611987 -0.2303395175 1.72558812 2.075260949 -1.000964882 -0.2913969566 
0.6497 -0.9053316209 -0.2263489418 1.741894621 2.055314018 -0.9998382273 -0.2704879862 
0.6497 -0.9097427283 -0.2226064098 1.757923758 2.035515695 -0.9988535879 -0.249684258 
0.6497 -0.9139018526 -0.2191029909 1.773681535 2.015855048 -0.9980103006 -0.2289824548 
0.6497 -0.9178156812 -0.2158305591 1.789173503 1.996322147 -0.9973077377 -0.2083796182 
0.6497 -0.921490319 -0.2127817077 1.80440481 1.976907955 -0.9967453043 -0.1878731052 
0.6497 -0.925168329 -0.2097555165 1.820440241 1.956229438 -0.9962975607 -0.1660060508 
0.6497 -0.9283646989 -0.2071489439 1.835146449 1.937035805 -0.9960236433 -0.1456918264 
0.6497 -0.9313375304 -0.2047469664 1.849605673 1.917937856 -0.995888224 -0.1254674183 
0.6497 -0.934091056 -0.2025444334 1.863821777 1.898929392 -0.9958908281 -0.1053311325 
0.6497 -0.9366291423 -0.2005366225 1.877798378 1.880004753 -0.9960310052 -0.08528144289 
0.6497 -0.93895532 -0.1987191997 1.891538871 1.861158777 -0.9963083292 -0.06531697247 
0.6497 -0.9410728086 -0.1970881858 1.905046444 1.842386749 -0.996722395 -0.04543647336 
0.6497 -0.9431132915 -0.1955433818 1.919263779 1.822351046 -0.9973173416 -0.02422783481 
0.6497 -0.9448075208 -0.1942872106 1.932298222 1.803718952 -0.9980134567 -0.004517782275 
0.6497 -0.9463012396 -0.193207139 1.945108425 1.785148778 -0.9988451916 0.01511148108 
0.6497 -0.9475966178 -0.1923003481 1.957696897 1.766637299 -0.9998122172 0.034660825 
0.6497 -0.9486956099 -0.1915642483 1.970066016 1.748181589 -1.000914219 0.05413105793 
0.6497 -0.949599969 -0.1909964602 1.982218029 1.729778999 -1.0021509 0.0735229349 
0.6497 -0.9503112588 -0.1905948005 1.99415507 1.711427135 -1.003521973 0.09283716894 
0.6497 -0.9508606783 -0.1903465278 2.006708504 1.69181827 -1.005139808 0.1134456013 
0.6497 -0.9511762575 -0.190282802 2.018206573 1.673564881 -1.006788419 0.1326011298 
0.6497 -0.9513025018 -0.1903795623 2.029495575 1.655356295 -1.008570631 0.1516810201 
0.6497 -0.9512403115 -0.1906352753 2.040577244 1.637191002 -1.01048621 0.1706858879 
0.6497 -0.9509904463 -0.1910485387 2.051453232 1.619067674 -1.012534936 0.1896163429 
0.6497 -0.9505535321 -0.1916180712 2.062125112 1.600985161 -1.0147166 0.2084729926 
0.6497 -0.9499300686 -0.1923427016 2.072594383 1.582942477 -1.017031002 0.2272564471 
0.6497 -0.9490554878 -0.1932899913 2.083588252 1.563654294 -1.019657809 0.2473010555 
0.6497 -0.948046677 -0.194332606 2.093642315 1.545691661 -1.022246593 0.2659348724 
0.6497 -0.9468521243 -0.1955273295 2.103497964 1.527766796 -1.024967582 0.284497436 
0.6497 -0.9454718755 -0.1968733577 2.113156441 1.509879326 -1.027820626 0.3029894133 
0.6497 -0.9439058782 -0.1983699588 2.122618935 1.49202901 -1.03080559 0.3214114947 
0.6497 -0.9421539868 -0.2000164638 2.131886583 1.474215744 -1.033922348 0.3397643959 
0.6497 -0.9402159668 -0.2018122621 2.140960473 1.456439556 -1.03717079 0.3580488622 
0.6497 -0.9379326073 -0.2039013651 2.150468671 1.437434967 -1.040797284 0.3775643011 
0.6497 -0.9356079302 -0.2060046794 2.159144478 1.41973623 -1.044318212 0.3957095142 
0.6497 -0.9330958947 -0.2082556976 2.167629601 1.402075465 -1.047970575 0.4137887832 
0.6497 -0.9303959482 -0.2106539751 2.175924961 1.384453225 -1.051754326 0.4318029921 
0.6497 -0.9275074701 -0.2131990905 2.184031447 1.366870197 -1.055669432 0.4497530645 
0.6497 -0.9244297754 -0.2158906428 2.191949917 1.349327194 -1.059715879 0.467639963 
0.6497 -0.9211621178 -0.2187282431 2.199681201 1.331825167 -1.063893671 0.4854646926 
0.6497 -0.9174493423 -0.2219301624 2.207757914 1.313119702 -1.06851566 0.5044948188 
0.6497 -0.913785575 -0.225069074 2.215103992 1.295706165 -1.072965626 0.5221941496 
0.6497 -0.9099292117 -0.2283528541 2.222265292 1.278337385 -1.077547079 0.5398346649 
0.6497 -0.9058792957 -0.2317811032 2.229242563 1.261014886 -1.082260108 0.5574175463 
0.6497 -0.9016348274 -0.2353534046 2.236036542 1.243740343 -1.087104826 0.5749440202 
0.6497 -0.8971947675 -0.2390693178 2.242647959 1.226515586 -1.092081371 0.5924153575 
0.6497 -0.8925580406 -0.2429283739 2.249077539 1.209342605 -1.097189905 0.6098328749 
0.6497 -0.8873706189 -0.2472213486 2.255765415 1.19100289 -1.102810015 0.6284363233 
0.6497 -0.8823229514 -0.2513752672 2.261820642 1.173944208 -1.108192581 0.6457467353 
0.6497 -0.8770751227 -0.2556706479 2.267696271 1.156944468 -1.113707796 0.6630076491 
0.6497 -0.8716259443 -0.2601068474 2.273393048 1.140006363 -1.11935593 0.6802205617 
0.6497 -0.8659742085 -0.2646831662 2.278911737 1.123132775 -1.125137281 0.6973870137 
0.6497 -0.8601186908 -0.2693988439 2.284253117 1.106326776 -1.131052173 0.7145085883 
0.6497 -0.8540581538 -0.2742530558 2.289417993 1.089591636 -1.137100958 0.7315869113 
0.6497 -0.8473357948 -0.2796067097 2.294756869 1.07174371 -1.143730813 0.7498390142 
0.6497 -0.8408465977 -0.2847449556 2.299558814 1.055166631 -1.150058188 0.7668330953 
0.6497 -0.8341485302 -0.2900187507 2.304186918 1.038671743 -1.156520706 0.7837891744 
0.6497 -0.8272403318 -0.2954269652 2.308642124 1.022263168 -1.163118825 0.8007090425 
0.6497 -0.8200814526 -0.3012295776 2.312756004 1.005877033 -1.169586496 0.8175518021 
0.6497 -0.8127500368 -0.3069045163 2.316867764 0.9896488051 -1.176455406 0.8344094423 
0.6497 -0.8052423952 -0.3124455598 2.320980491 0.9735999144 -1.183731715 0.851269853 
0.6497 -0.7969185109 -0.3188071311 2.325017651 0.9564423637 -1.191392938 0.869262042 
0.6497 -0.7889254151 -0.3248765541 2.328612321 0.9405431807 -1.198686576 0.8860272026 
0.6497 -0.7807146733 -0.3310716864 2.332040928 0.9247602212 -1.206119017 0.9027678268 
0.5497 -0.8343227982 -0.2107630263 2.393004322 0.9045861374 -1.301121393 0.8699980875 
0.5497 -0.825513917 -0.2178831875 2.395756056 0.8887220567 -1.308896034 0.8854324828 
0.5497 -0.8164918449 -0.2251489 2.39832762 0.8729436496 -1.316796854 0.9008461598 
0.5497 -0.8072561089 -0.2325578721 2.400720145 0.8572575146 -1.324824008 0.9162413386 
0.5497 -0.7974013371 -0.2406670588 2.403147902 0.8405494632 -1.333454874 0.9325315072 
0.5497 -0.787648748 -0.2483627278 2.405157697 0.8250759086 -1.341771526 0.9479466281 
0.5497 -0.7776610833 -0.2561909239 2.406987984 0.8097210839 -1.350224706 0.9633621522 
0.5497 -0.7674462264 -0.2641488189 2.408642199 0.7944931373 -1.35881166 0.9787746909 
0.5497 -0.7570130257 -0.272233814 2.410124136 0.7793997717 -1.367528978 0.994180641 
0.4497 -0.7939596899 -0.1590032645 2.46606813 0.7599766649 -1.459089187 0.9568640577 
0.4497 -0.7829472749 -0.1683080142 2.466659789 0.7442147193 -1.468037615 0.9709156072 
0.4497 -0.7713002587 -0.1784632843 2.46717805 0.7274080506 -1.477558261 0.9857536059 
0.4497 -0.7599463055 -0.1880653553 2.467401883 0.7118745389 -1.486686491 0.9997573024 
0.4497 -0.74845032 -0.1978054896 2.46745703 0.6964635909 -1.495890991 1.013730892 
0.4497 -0.7367574755 -0.2076742844 2.467332285 0.6811923988 -1.50519937 1.02770871 
0.4497 -0.7248211972 -0.2176611478 2.467018563 0.6660809859 -1.514636268 1.041718965 
0.4497 -0.7126546883 -0.2277609416 2.46652175 0.6511405119 -1.524196395 1.055757302 
0.4497 -0.7002720411 -0.2379689716 2.465848121 0.6363812714 -1.533873754 1.069819326 
0.4497 -0.6871248345 -0.2490698757 2.465022921 0.6206934594 -1.544184605 1.084734407 
0.3497 -0.7081846381 -0.1457236419 2.512500296 0.5945566836 -1.633618913 1.037307417 
0.3497 -0.6951529797 -0.1575408579 2.510497557 0.5787673822 -1.643290448 1.049922839 
0.3497 -0.6820015807 -0.1694584054 2.508327985 0.5631595702 -1.653012723 1.062540809 
0.3497 -0.6687497717 -0.181471796 2.506000639 0.5477405414 -1.662776598 1.075158138 
0.3497 -0.6554171869 -0.1935773081 2.503524805 0.5325162798 -1.67257265 1.087771857 
0.3497 -0.641820249 -0.2058288535 2.500836356 0.5174282143 -1.682492538 1.100494355 
0.3497 -0.6274759813 -0.218910724 2.497922598 0.5016648053 -1.693012495 1.113939907 
0.3497 -0.6135516526 -0.2312059811 2.494920424 0.4872157337 -1.703116147 1.126714645 
0.3497 -0.5994755053 -0.2435514715 2.491766762 0.4730406243 -1.713301341 1.139531232 
0.3497 -0.5853314924 -0.2558231643 2.488517746 0.4593033774 -1.723541186 1.152313266 
0.2497 -0.5923581177 -0.1649193156 2.523944799 0.4180974311 -1.807650216 1.089698163 
0.2497 -0.5782366733 -0.1787049477 2.519386935 0.4027581075 -1.81716473 1.100881557 
0.2497 -0.5644415781 -0.1926798235 2.514790012 0.3874309233 -1.826453457 1.112013955 
0.2497 -0.5491487793 -0.2075942316 2.5095836 0.3714861622 -1.83670191 1.124135429 
0.2497 -0.5349490073 -0.2215355121 2.50464172 0.3568896091 -1.846220909 1.135454433 
0.2497 -0.5205053999 -0.2355584955 2.499492681 0.3425309363 -1.855863484 1.146917739 
0.2497 -0.5060892513 -0.2493424151 2.494326257 0.3288020257 -1.865534138 1.15833225 
0.2497 -0.4915482062 -0.2632160695 2.489000533 0.3152940106 -1.875262894 1.169858731 
0.2497 -0.4773058841 -0.2771416277 2.483688492 0.3020000388 -1.88482336 1.181339237 
0.2497 -0.4627660315 -0.2909938984 2.478205473 0.2891741541 -1.894568635 1.192951573 
0.1497 -0.4601675442 -0.2126195466 2.498672171 0.2257430087 -1.966022157 1.109947289 
0.1497 -0.4463784552 -0.2274856609 2.491934519 0.2114032779 -1.974342961 1.119836451 
0.1497 -0.4325850179 -0.2424418167 2.485059118 0.1972398063 -1.98265211 1.129836824 
0.1497 -0.4188845104 -0.2573003064 2.478156132 0.1834851879 -1.990938229 1.139871567 
0.1497 -0.405292978 -0.2720581334 2.471239967 0.1701418717 -1.999195479 1.149936659 
0.1497 -0.391321733 -0.2869435632 2.464047636 0.1571261234 -2.007629483 1.160288602 
0.1497 -0.3774619814 -0.3015222254 2.456920659 0.1447662007 -2.01607651 1.170599381 
0.1497 -0.3629965493 -0.3169440577 2.449380177 0.1318145937 -2.02500404 1.181476371 
0.1497 -0.3491604094 -0.331403624 2.442129406 0.1201997954 -2.033499331 1.19191327 
0.0497 -0.3461142597 -0.2577837437 2.449657265 0.03510421254 -2.082183827 1.084685039 
0.0497 -0.3338717369 -0.2727410482 2.441376308 0.02185134031 -2.088570652 1.093374317 
0.0497 -0.3220800959 -0.2876344913 2.433240919 0.008853380039 -2.094767782 1.102064579 
0.0497 -0.3097493392 -0.3021886668 2.424865451 -0.003408646411 -2.101314627 1.110831599 
0.0497 -0.2978346237 -0.3168222629 2.416565813 -0.01558694563 -2.107661345 1.119647305 
0.0497 -0.2860552894 -0.3313248192 2.408298566 -0.02737629305 -2.113991674 1.128491764 
0.0497 -0.2733364855 -0.3467791614 2.399355129 -0.03950912495 -2.1208668 1.138110983 
0.0497 -0.2612713328 -0.3610421724 2.390890467 -0.05032171048 -2.127429678 1.14717021 
0 -0.257223387 -0.3314517814 2.385793773 -0.1073405713 -2.141793031 1.088513751 
0 -0.2466770776 -0.3457306981 2.377122948 -0.1187715664 -2.146940657 1.096825638 
0 -0.2359131613 -0.3598397546 2.368320698 -0.1297276075 -2.152244813 1.105199291 
0 -0.225222808 -0.3737717365 2.35956992 -0.1402354141 -2.157581005 1.113595964 
0 -0.2145007196 -0.3878482309 2.350633165 -0.1506768706 -2.162926498 1.122138269 
-0.0503 -0.2136701287 -0.3568056742 2.343021834 -0.2134248745 -2.16759345 1.057749109 
-0.0503 -0.2044185505 -0.3701870636 2.334072109 -0.2241175742 -2.17158555 1.065285777 
-0.0503 -0.1950675202 -0.3840822614 2.324927061 -0.2345421904 -2.17566001 1.073452415 
-0.0503 -0.1856947427 -0.3971589683 2.315877883 -0.2444994681 -2.179799699 1.081017475 
-0.0503 -0.1761516773 -0.4108198505 2.30659864 -0.2541521793 -2.184068464 1.089291632 
-0.0503 -0.1671770961 -0.4241513011 2.297653148 -0.2636688869 -2.188142239 1.097280289 
-0.0503 -0.1579657606 -0.4373235139 2.288580398 -0.2727502005 -2.192367596 1.105295045 
-0.1503 -0.1783343632 -0.3540909219 2.281935817 -0.3955076738 -2.167419772 0.9604898408 
-0.1503 -0.1717038786 -0.3666685638 2.272586989 -0.4060287132 -2.168913918 0.9676174037 
-0.1503 -0.1651617665 -0.3791314661 2.263263899 -0.4163116815 -2.170421145 0.9747606796 
-0.1503 -0.1587047049 -0.3914837697 2.253966571 -0.426362289 -2.171941949 0.981917793 
-0.1503 -0.1523295557 -0.4037295432 2.244695093 -0.4361860249 -2.173476767 0.9890870008 
-0.1503 -0.1460333566 -0.4158727872 2.235449615 -0.4457881686 -2.175025985 0.996266687 
-0.1503 -0.1397531053 -0.4276408362 2.226254131 -0.4551362827 -2.176570808 1.003190385 
-0.1503 -0.1330984654 -0.4406858174 2.216311047 -0.4649408728 -2.178329564 1.011148828 
-0.1503 -0.12683772 -0.4524920602 2.207045502 -0.4738122763 -2.179991835 1.018326328 
-0.1503 -0.1206219315 -0.4642047217 2.19779545 -0.4824681616 -2.181676495 1.025504717 
-0.2503 -0.1597440816 -0.369046886 2.19794822 -0.6061384151 -2.118157429 0.8853629383 
-0.2503 -0.1562588753 -0.3798591295 2.18883878 -0.6159784093 -2.117174428 0.8925256742 
-0.2503 -0.1528239177 -0.3905374606 2.179737666 -0.6256562068 -2.116201129 0.8996734589 
-0.2503 -0.1494343193 -0.4010834166 2.170643168 -0.6351749364 -2.115237123 0.906803849 
-0.2503 -0.1460341832 -0.4122747798 2.161009026 -0.6452642259 -2.1141545 0.9144584375 
-0.2503 -0.1427226107 -0.4225510633 2.151922019 -0.6544636323 -2.113208805 0.9215455705 
-0.2503 -0.1397487391 -0.4327584269 2.143007041 -0.663621732 -2.112173295 0.9286677568 
-0.2503 -0.1367907503 -0.4428387474 2.134083882 -0.6726320413 -2.111149714 0.9357642623 
-0.2503 -0.1334685246 -0.4527197774 2.124946025 -0.6813567071 -2.110255623 0.9427574134 
-0.2503 -0.1305008699 -0.462550772 2.115987033 -0.6900632685 -2.10926456 0.9497961911 
-0.2503 -0.1275895013 -0.4722759699 2.107043326 -0.6986470682 -2.108269473 0.9568209995 
-0.2503 -0.1246760831 -0.482261361 2.097654937 -0.7077680972 -2.107033562 0.9640203491 
-0.2503 -0.1218830517 -0.4917774808 2.08874306 -0.7161135577 -2.106022317 0.9710191376 
-0.2503 -0.1191416595 -0.5011996513 2.079843952 -0.7243460515 -2.1050069 0.9780077428 
-0.2503 -0.1166384482 -0.5105687578 2.071054862 -0.7325458117 -2.103930718 0.985028783 
-0.2503 -0.1138065709 -0.5197774501 2.062080302 -0.7404827764 -2.102965115 0.9919596309 
-0.2503 -0.1114146072 -0.5288004776 2.053367911 -0.7484834584 -2.101805547 0.9987976062 
-0.2503 -0.109040151 -0.537732258 2.044649748 -0.7563738363 -2.100645661 1.005620452 
-0.2503 -0.1062156755 -0.5472334622 2.035129146 -0.7645744788 -2.099527802 1.012929116 
-0.2503 -0.1038711237 -0.5559631057 2.026405032 -0.7722399759 -2.098358625 1.019699393 
-0.2503 -0.1015899286 -0.5645912505 2.017706799 -0.7798242992 -2.097161432 1.026440874 
-0.2503 -0.09954220569 -0.5728426504 2.009195729 -0.7874228679 -2.095742467 1.03290257 
-0.2503 -0.09759865655 -0.5814215573 2.000622606 -0.7949477363 -2.094473767 1.039743578 
-0.2503 -0.09532279309 -0.5898667661 1.991874272 -0.8022175079 -2.09330708 1.04649597 
-0.2503 -0.09305887959 -0.5982446244 1.983120816 -0.8093896518 -2.092142487 1.053240827 
-0.2503 -0.09102557074 -0.6068059562 1.974014138 -0.8171746102 -2.090581482 1.06017274 
-0.2503 -0.08936660008 -0.6146793109 1.965632256 -0.8244647795 -2.089009303 1.066613773 
-0.2503 -0.0877274593 -0.6224866255 1.957243846 -0.8316764204 -2.087427095 1.07305363 
-0.2503 -0.08583380738 -0.6306112182 1.948626163 -0.8386442189 -2.086141849 1.079812264 
-0.2503 -0.08419403322 -0.6383376735 1.940199479 -0.8456771381 -2.084583228 1.086283799 
-0.2503 -0.0826038496 -0.6459598909 1.931793155 -0.852654911 -2.082980356 1.092717873 
-0.2503 -0.08106595791 -0.6534777164 1.923408613 -0.8595816577 -2.081330199 1.099114576 
-0.2503 -0.07958565805 -0.6614314007 1.914498141 -0.8670050675 -2.079476524 1.105953057 
-0.2503 -0.07816415994 -0.6687312304 1.906162288 -0.8738395194 -2.077718829 1.112272699 
-0.2503 -0.07702252008 -0.6756506346 1.898010716 -0.8807790303 -2.075661798 1.118345288 
-0.2503 -0.07550853126 -0.6830126524 1.889570372 -0.8873994217 -2.074028809 1.124801876 
-0.2503 -0.07474149037 -0.68972354 1.881579132 -0.8944095548 -2.071761806 1.130848128 
-0.2503 -0.07355549556 -0.6969141891 1.873275853 -0.9010714238 -2.06996424 1.137294975 
-0.2503 -0.07268047006 -0.703696036 1.865168625 -0.907873832 -2.067829945 1.14348662 
-0.2503 -0.07190673616 -0.7108439142 1.85654836 -0.915188956 -2.065439136 1.150101738 
-0.2503 -0.07118534974 -0.7173858249 1.848501178 -0.9219633914 -2.0631495 1.156219172 
-0.2503 -0.0705448246 -0.723809255 1.840485607 -0.9287321745 -2.060778559 1.162301735 
-0.2503 -0.06998946409 -0.730112003 1.832503112 -0.9355005704 -2.058322113 1.168350103 
-0.2503 -0.06952376217 -0.7362916356 1.82455517 -0.9422740045 -2.055775827 1.174365029 
-0.2503 -0.06915241368 -0.742345475 1.816643267 -0.9490580722 -2.053135218 1.180347352 
-0.2503 -0.06888031872 -0.7482705904 1.808768901 -0.9558585443 -2.05039565 1.186298001 
-0.2503 -0.0689493945 -0.7544881632 1.800468304 -0.9633070109 -2.047277631 1.192703961 
-0.2503 -0.06906076589 -0.7601439012 1.792735882 -0.9702525493 -2.044272969 1.198635248 
-0.2503 -0.06927965904 -0.7656576568 1.7850412 -0.9772298432 -2.041156197 1.204536603 
-0.2503 -0.06961181099 -0.7710254757 1.777385932 -0.9842453031 -2.03792201 1.210409369 
-0.2503 -0.07006319358 -0.7762431114 1.769771773 -0.9913055474 -2.034564933 1.216255024 
-0.2503 -0.07064001488 -0.7813060181 1.762200453 -0.9984174073 -2.031079323 1.222075185 
-0.2503 -0.07134462197 -0.7862097805 1.754681134 -1.005577064 -2.027465167 1.227867853 
-0.2503 -0.07231420377 -0.7912807708 1.746679014 -1.013374465 -2.023410296 1.234072204 
-0.2503 -0.07363396537 -0.7956119599 1.739157326 -1.020811433 -2.019107643 1.239972955 
-0.2503 -0.07447064402 -0.8002154823 1.731870444 -1.028085067 -2.015423067 1.245561569 
-0.2503 -0.07620879049 -0.8042190533 1.724482214 -1.035807516 -2.010810787 1.251508545 
-0.2503 -0.07758379564 -0.8084052617 1.717292782 -1.043418914 -2.006663529 1.257193556 
-0.2503 -0.07932257252 -0.8122228516 1.710181756 -1.051078859 -2.002115026 1.262803711 
-0.2503 -0.08127488186 -0.8158254608 1.703056653 -1.058949103 -1.997334203 1.268530204 
-0.2503 -0.08359917619 -0.8194484503 1.695495679 -1.067530906 -1.991998383 1.274579747 
-0.2503 -0.08593336534 -0.8226046786 1.688488301 -1.075651591 -1.986829894 1.280330732 
-0.2503 -0.08846563051 -0.8255336805 1.681542084 -1.083907217 -1.981463352 1.286079023 
-0.2503 -0.09120453555 -0.8282275443 1.674659632 -1.092306744 -1.975891841 1.291828204 
-0.2503 -0.09437445365 -0.8305013566 1.667815863 -1.100892877 -1.969854378 1.29768661 
-0.2503 -0.09733691735 -0.8328772345 1.661096931 -1.10957379 -1.964106539 1.30334548 
-0.2503 -0.1010162289 -0.8346686631 1.654393973 -1.118598182 -1.957640844 1.309253208 
-0.2503 -0.105174595 -0.8363234093 1.647307247 -1.128445098 -1.950513793 1.315591181 
-0.2503 -0.1088082335 -0.8379593155 1.640936073 -1.137548258 -1.944192853 1.321257921 
-0.2503 -0.1130548483 -0.8390270689 1.634484688 -1.147095815 -1.937192964 1.327181187 
-0.2503 -0.1175304265 -0.8398149399 1.628143185 -1.156790804 -1.929976741 1.333129191 
-0.2503 -0.1222659655 -0.8403015541 1.621886117 -1.166692855 -1.922510767 1.339128282 
-0.2503 -0.1272689162 -0.8404792262 1.615717272 -1.176810161 -1.914790762 1.345185899 
-0.2503 -0.1328094677 -0.8401195947 1.609555313 -1.18728328 -1.906503637 1.351475487 
-0.2503 -0.1386378942 -0.8397219756 1.603200539 -1.198532718 -1.897824897 1.358033965 
-0.2503 -0.1443713355 -0.8390182556 1.59736172 -1.209307158 -1.889458336 1.364238775 
-0.2503 -0.1505259309 -0.837884143 1.591607205 -1.220378181 -1.880696621 1.370608531 
-0.2503 -0.1569505617 -0.8364174388 1.585958967 -1.231683199 -1.871684137 1.377066906 
-0.2503 -0.1636540576 -0.8346094256 1.580419891 -1.243230087 -1.862415423 1.383625837 
-0.2503 -0.170644436 -0.8324520246 1.574992919 -1.255026217 -1.852886153 1.390297643 
-0.2503 -0.1779288099 -0.8299378886 1.569681042 -1.267078382 -1.843093232 1.397094972 
-0.2503 -0.1860203778 -0.8268657934 1.564123095 -1.280255006 -1.832339482 1.40450584 
-0.2503 -0.1939256466 -0.8235969636 1.559059937 -1.292852445 -1.822001037 1.411600157 
-0.2503 -0.2021398207 -0.8199546146 1.554121268 -1.305722315 -1.811398196 1.418859814 
-0.2503 -0.2106655709 -0.8159351875 1.549310101 -1.318868546 -1.800533568 1.426298137 
-0.2503 -0.2195043455 -0.8115362034 1.544629407 -1.332294276 -1.789411269 1.433928441 
-0.2503 -0.2284937988 -0.8068743599 1.540114536 -1.345905244 -1.778180772 1.441645677 
-0.2503 -0.2377379494 -0.8018715237 1.535745647 -1.359763368 -1.766749643 1.449534924 
-0.2503 -0.2479156765 -0.7961387202 1.531230939 -1.374881404 -1.75429222 1.458185105 
-0.2503 -0.2576604164 -0.7904466293 1.527176224 -1.389239008 -1.74248226 1.46644844 
-0.2503 -0.2676323106 -0.7844317585 1.523278631 -1.403830465 -1.730508559 1.474899898 
-0.2503 0.5482184631 -1.67707435 1.615227875 -0.3911280739 -2.592346755 1.743140543 
-0.2503 0.5413670351 -1.676861873 1.605041884 -0.410914199 -2.581264036 1.733813836 
-0.2503 0.534932251 -1.677039697 1.59536609 -0.429391962 -2.570683683 1.725579049 
-0.2503 0.5288891664 -1.677593404 1.586152183 -0.4466842119 -2.560573249 1.718318299 
-0.2503 0.5228240683 -1.678588111 1.576746085 -0.4640155197 -2.550229567 1.711504959 
-0.2503 0.5175710792 -1.679830234 1.568329522 -0.4791369362 -2.540980573 1.705950126 
-0.2503 0.5126500477 -1.681432592 1.56028483 -0.4933450781 -2.532132153 1.701103548 
-0.2503 0.5080429831 -1.683382963 1.552585165 -0.5067116987 -2.523663474 1.696897873 
-0.2503 0.5037330405 -1.685669436 1.545207003 -0.5193007445 -2.515555252 1.693273534 
-0.2503 0.4994791105 -1.688271244 1.538127073 -0.5314120376 -2.50780913 1.690154504 
-0.2503 0.4959418612 -1.691204595 1.531334734 -0.5423698607 -2.500349436 1.687562865 
-0.2503 0.4918876313 -1.694458879 1.524207751 -0.5540674422 -2.492662502 1.685180669 
-0.2503 0.4887877557 -1.697868532 1.517860733 -0.5639040197 -2.485773459 1.683420248 
-0.2503 0.485667474 -1.701525698 1.511733186 -0.573466872 -2.479180081 1.682003227 
-0.2503 0.4827452213 -1.705427665 1.505815995 -0.5825475335 -2.472845382 1.680917422 
-0.2503 0.4803162906 -1.709865993 1.500129634 -0.5905953206 -2.466825023 1.680452352 
-0.2503 0.4778392425 -1.713934136 1.494578773 -0.5989908569 -2.460849972 1.679646872 
-0.2503 0.4756637465 -1.718516525 1.489239811 -0.60658634 -2.455186941 1.679405282 
-0.2503 0.4733674462 -1.723654755 1.483711685 -0.6144555363 -2.449374271 1.679402586 
-0.2503 0.4715349171 -1.72865874 1.47873006 -0.6212831864 -2.444134167 1.679627205 
-0.2503 0.4700748882 -1.733856077 1.473917689 -0.6275542202 -2.439048143 1.680053236 
-0.2503 0.4684920537 -1.739134197 1.469192734 -0.633801747 -2.434141809 1.680641276 
-0.2503 0.4671261812 -1.74473084 1.464712914 -0.6396285947 -2.429453729 1.681421736 
-0.2503 0.4659116387 -1.750620298 1.460312805 -0.644973636 -2.424949702 1.682574709 
-0.2503 0.4647622521 -1.756396894 1.456175307 -0.6504684502 -2.420549536 1.683432335 
-0.2503 0.4638687449 -1.762883607 1.451820697 -0.6556757633 -2.415984633 1.684675908 
-0.2503 0.4631142121 -1.769137614 1.447868669 -0.6602565107 -2.411880405 1.686192131 
-0.2503 0.4625158387 -1.775604127 1.444111582 -0.6645571675 -2.40792938 1.687792416 
-0.2503 0.4619330965 -1.782027817 1.440385441 -0.6687848314 -2.404053754 1.689281951 
-0.2503 0.4614956726 -1.788654267 1.436847539 -0.6727522061 -2.400318794 1.690958187 
-0.2503 0.4611542421 -1.795395971 1.433442505 -0.6765334884 -2.396695995 1.69270566 
-0.2503 0.4609043992 -1.802248822 1.430168193 -0.6801369334 -2.39318049 1.694519133 
-0.2503 0.4607858271 -1.809633918 1.426837652 -0.6838481637 -2.389505651 1.696486013 
-0.2503 0.4611139968 -1.817232762 1.424206131 -0.6864583491 -2.386692106 1.698654172 
-0.2503 0.4607331722 -1.823894341 1.420958075 -0.6901925677 -2.382989943 1.700348875 
-0.2503 0.4610803465 -1.831425395 1.41832648 -0.6927149023 -2.380055012 1.70265738 
-0.2503 0.4614601705 -1.838994332 1.415772705 -0.6951579973 -2.377146575 1.704828547 
-0.2503 0.4618693885 -1.846598087 1.413292675 -0.6975253278 -2.374259929 1.707101972 
-0.2503 0.4623075638 -1.854235747 1.410887136 -0.6998186846 -2.371394659 1.709396187 
-0.2503 0.4625042778 -1.861896582 1.408085887 -0.7028226632 -2.36785421 1.71152791 
-0.2503 0.4630516521 -1.869666277 1.405882098 -0.7048855137 -2.365092834 1.713894218 
-0.2503 0.4636611414 -1.877515374 1.403788524 -0.7068221534 -2.362395929 1.716300708 
-0.2503 0.464675568 -1.885910531 1.402150999 -0.7080799261 -2.360208065 1.719053738 
-0.2503 0.4652437013 -1.893696421 1.400117312 -0.7100327249 -2.357427615 1.721396933 
-0.2503 0.4658353514 -1.901508657 1.398156016 -0.7119223455 -2.354661242 1.723740828 
-0.2503 0.4667752246 -1.909694431 1.396573362 -0.7132990659 -2.352247586 1.726277755 
-0.2503 0.4680812842 -1.918705027 1.395227853 -0.7144009178 -2.349927932 1.729129935 
-0.2503 0.4690958996 -1.926990236 1.3938279 -0.7156068152 -2.347559898 1.731620836 
-0.2503 0.4701299445 -1.935293077 1.392493312 -0.716750409 -2.345206816 1.734231989 
-0.2503 0.4711935903 -1.943632597 1.391238754 -0.71782001 -2.342872242 1.73686727 
-0.2503 0.4722859248 -1.952007323 1.390063726 -0.7188175255 -2.340554893 1.739526144 
-0.2503 0.4734060852 -1.960415825 1.388967737 -0.7197447838 -2.338253539 1.74220813 
-0.2503 0.4745532546 -1.968856714 1.387950303 -0.7206035406 -2.335966998 1.744912807 
-0.2503 0.4761023336 -1.978183847 1.387264007 -0.7211527296 -2.333755922 1.747902047 
-0.2503 0.4772653337 -1.986613523 1.386359124 -0.721924089 -2.331483184 1.750568335 
-0.2503 0.4786996716 -1.995255519 1.385843681 -0.7224344603 -2.329415299 1.753255797 
-0.2503 0.4801644698 -2.003936025 1.385411684 -0.7228694408 -2.32736523 1.755974569 
-0.2503 0.4816588704 -2.012653479 1.385062504 -0.7232309802 -2.325331713 1.758724377 
-0.2503 0.483182061 -2.02140636 1.384795511 -0.723520962 -2.323313533 1.761504996 
-0.2503 0.4847332726 -2.03019319 1.384610083 -0.7237412082 -2.321309516 1.764316244 
-0.2503 0.4866038106 -2.039906896 1.384554116 -0.7235202697 -2.319307831 1.767621533 
-0.2503 0.4882524663 -2.048624404 1.384725196 -0.7237918705 -2.317363864 1.770200524 
-0.2503 0.4898830103 -2.057501302 1.384785437 -0.7238148039 -2.315392131 1.773101863 
-0.2503 0.4915389086 -2.066406539 1.384924735 -0.7237747598 -2.313430236 1.77603353 
-0.2503 0.4932195804 -2.075338806 1.385142468 -0.7236733049 -2.311477185 1.778995516 
-0.2503 0.4950099987 -2.084203151 1.385607765 -0.7236052492 -2.309557706 1.781766197 
-0.2503 0.4968287386 -2.093102703 1.386155212 -0.7234664032 -2.307652829 1.784576952 
-0.2503 0.4989447109 -2.102923092 1.38681675 -0.7228790105 -2.305710289 1.787932768 
-0.2503 0.5008126831 -2.111892562 1.38751534 -0.7225964482 -2.303823647 1.790841333 
-0.2503 0.5027123503 -2.120881063 1.388313452 -0.7222647627 -2.301952847 1.793762272 
-0.2503 0.5046435299 -2.129887336 1.38921094 -0.7218852793 -2.300097147 1.796695584 
-0.2503 0.5066562352 -2.138805656 1.390387718 -0.7216002675 -2.298297841 1.799394946 
-0.2503 0.5086315843 -2.147883604 1.391416143 -0.7210748498 -2.296454681 1.802446621 
-0.2503 0.5106373079 -2.156971285 1.392585847 -0.7204376757 -2.294628392 1.805532856 
-0.2503 0.5129851994 -2.166830301 1.394005916 -0.7196820548 -2.292766357 1.808832534 
-0.2503 0.5151254188 -2.175771783 1.395463819 -0.7191727088 -2.290904992 1.811663034 
-0.2503 0.517290549 -2.184741853 1.396999144 -0.7186013096 -2.289053381 1.81454153 
-0.2503 0.5194081378 -2.193871343 1.39836831 -0.7177976159 -2.287151608 1.817783164 
-0.2503 0.5216115554 -2.202910874 1.400023945 -0.7170874993 -2.285308628 1.820796566 
-0.2503 0.5238461213 -2.211961455 1.401779877 -0.7163383638 -2.283478853 1.823825211 
-0.2503 0.5261118125 -2.221021989 1.403635805 -0.7155513651 -2.281661636 1.826869319 
-0.2503 0.5284739876 -2.229979205 1.40580486 -0.7148698384 -2.279909192 1.829660796 
-0.2503 0.5310372132 -2.239899986 1.407890693 -0.7136535494 -2.277985342 1.833279939 
-0.2503 0.5334816172 -2.248995627 1.410243683 -0.7128105401 -2.27622582 1.836225072 
-0.2503 0.5357857754 -2.258065039 1.412304298 -0.7118372483 -2.274420495 1.839479662 
-0.2503 0.538230813 -2.266923266 1.414674376 -0.7110468248 -2.272501449 1.842374201 
-0.2503 0.5406247993 -2.275922118 1.416884131 -0.7100594133 -2.270530396 1.845604626 
-0.2503 0.5430908518 -2.284861159 1.419324145 -0.7091215538 -2.268605014 1.848694525 
-0.2503 0.5455880083 -2.293805928 1.421863644 -0.7081524852 -2.266691927 1.851803119 
-0.2503 0.5484427596 -2.303504996 1.424810165 -0.7069357473 -2.264680044 1.855213247 
-0.2503 0.5509752578 -2.312404914 1.427512365 -0.7059285264 -2.262790784 1.858349741 
-0.2503 0.5535661577 -2.321356828 1.430350922 -0.7048744341 -2.260906845 1.861516146 
-0.2503 0.556188499 -2.330310841 1.43328695 -0.7037933088 -2.25903273 1.864702683 
-0.2503 0.5589285003 -2.339251775 1.436525103 -0.7027524398 -2.257199402 1.867743181 
-0.2503 0.5615278839 -2.348221822 1.439449184 -0.7015540176 -2.255311508 1.871137746 
-0.2503 0.5642600418 -2.356867209 1.44265106 -0.7006012549 -2.253238356 1.874110881 
-0.2503 0.5672278236 -2.366323273 1.445955831 -0.6992824824 -2.250969563 1.877704873 
-0.2503 0.5699878998 -2.375061933 1.449229982 -0.6981958349 -2.24887642 1.880891887 
-0.2503 0.5729362473 -2.384094499 1.452846704 -0.6968146793 -2.247122942 1.884283608 
-0.2503 0.5757556403 -2.392832958 1.456312073 -0.695674993 -2.245075646 1.887524137 
-0.2503 0.57859062 -2.401541767 1.459848024 -0.6945388319 -2.243010634 1.890771181 
-0.2503 0.5814415547 -2.410219988 1.463453786 -0.6934066721 -2.24092706 1.894024635 
-0.2503 0.5841832852 -2.418627067 1.466930752 -0.6924736719 -2.238597599 1.897143464 
-0.2503 0.5874813574 -2.427875531 1.471254764 -0.6911983994 -2.236457867 1.900527647 
-0.2503 0.5903935117 -2.436683487 1.474995912 -0.6898810566 -2.234381263 1.90408536 
-0.2503 0.5934504527 -2.445011529 1.478987403 -0.6888386415 -2.232074418 1.907142327 
-0.2503 0.5964226364 -2.453494774 1.482734475 -0.6876180189 -2.22968987 1.910583705 
-0.2503 0.5996643636 -2.462259052 1.487035279 -0.6861839516 -2.227699745 1.914091132 
-0.2503 0.6027797399 -2.470710533 1.491173835 -0.6849772471 -2.225426547 1.917436928 
-0.2503 0.605908456 -2.479123864 1.495373775 -0.6837837552 -2.223128966 1.920787682 
-0.2503 0.6091395498 -2.48810067 1.499892999 -0.6826390519 -2.220669191 1.924337598 
-0.2503 0.6125491348 -2.496481267 1.504338408 -0.6812749963 -2.218252949 1.927787863 
-0.2503 0.6157256101 -2.504777013 1.508725564 -0.6801226263 -2.215873117 1.931154927 
-0.2503 0.6188973536 -2.512764915 1.513222342 -0.6791841491 -2.213373829 1.934223209 
-0.2503 0.6220891473 -2.521186937 1.51762917 -0.6778680119 -2.211049247 1.937883551 
-0.2503 0.625467507 -2.52911222 1.522293814 -0.6768116723 -2.208416454 1.941039058 
-0.2503 0.6289027708 -2.537512314 1.526951433 -0.6753804769 -2.20600144 1.944775547 
-0.2503 0.6323795671 -2.546151411 1.53194147 -0.6742271807 -2.203301002 1.948398232 
-0.2503 0.6358099077 -2.554213478 1.53674218 -0.6730467552 -2.200697688 1.951849391 
-0.2503 0.639263504 -2.562216314 1.541590906 -0.6718723447 -2.198063164 1.955305619 
-0.2503 0.6427507318 -2.570174891 1.546498707 -0.6707026564 -2.195390571 1.958771958 
-0.2503 0.6464630729 -2.578107211 1.551547584 -0.6693912945 -2.192627639 1.962324469 
-0.2503 0.6499487929 -2.585968562 1.556540553 -0.6682865002 -2.189894698 1.965783489 
-0.2503 0.6534227093 -2.593564456 1.561579885 -0.6673479975 -2.187008946 1.969018237 
-0.2503 0.6573034283 -2.602108147 1.567071917 -0.6659969767 -2.184097718 1.972987457 
-0.2503 0.6610584733 -2.609555713 1.57234497 -0.6649627146 -2.181047451 1.976237117 
-0.2503 0.6648616719 -2.61752869 1.577597314 -0.663578877 -2.178240092 1.980111548 
-0.2503 0.6684018632 -2.625139201 1.582813578 -0.6625971625 -2.175328153 1.983564488 
-0.2503 0.6721743312 -2.632719261 1.588165864 -0.6614781255 -2.172315492 1.987108865 
-0.2503 0.6759840221 -2.640249981 1.593569209 -0.6603665902 -2.169256554 1.99066238 
-0.2503 0.6798313894 -2.64773086 1.59902273 -0.6592627558 -2.166150404 1.994224897 
-0.2503 0.6840197036 -2.655723568 1.604944337 -0.6580909303 -2.162750024 1.998064564 
-0.2503 0.6879511241 -2.663105658 1.610503108 -0.6570044845 -2.159539104 2.001647739 
-0.2503 0.6920376465 -2.670109132 1.616264883 -0.655965629 -2.156109166 2.004940261 
-0.2503 0.6958945789 -2.677664032 1.621725944 -0.6548514514 -2.15299672 2.008819333 
-0.2503 0.700075678 -2.684570731 1.627575575 -0.6538058847 -2.149435136 2.012150325 
-0.2503 0.7040270122 -2.692052789 1.633159614 -0.6527349416 -2.146223191 2.016039166 
-0.2503 0.7081548072 -2.69916768 1.638942823 -0.651689422 -2.142755864 2.019661004 
-0.2503 0.7126304027 -2.706726039 1.645216274 -0.650556303 -2.138979609 2.023545112 
-0.2503 0.7168353208 -2.713707988 1.651092494 -0.6495122511 -2.135409519 2.027172114 
-0.2503 0.7211239279 -2.720693441 1.657037578 -0.648494429 -2.13174336 2.030831524 
-0.2503 0.7254412733 -2.727608569 1.663002172 -0.6474897159 -2.128030204 2.034492692 
-0.2503 0.7297878066 -2.734452811 1.66898674 -0.6464965658 -2.124269898 2.03815511 
-0.2503 0.7343048132 -2.740900695 1.675092414 -0.6455695986 -2.120248134 2.041541408 
-0.2503 0.7385702398 -2.747926362 1.681017643 -0.6445386846 -2.116607219 2.045481638 
-0.2503 0.7434613216 -2.754968898 1.687799276 -0.6435506586 -2.112449567 2.049222118 
-0.2503 0.7479060596 -2.761680152 1.693706138 -0.6425225737 -2.108373389 2.05310821 
-0.2503 0.7524794211 -2.768245599 1.699846731 -0.6415958337 -2.10429693 2.056809498 
-0.2503 0.7571151689 -2.774724329 1.706108943 -0.6406013341 -2.100159958 2.060494014 
-0.2503 0.7618039492 -2.781151015 1.712405097 -0.6396182432 -2.095951092 2.064186846 
-0.2503 0.7665151827 -2.787538663 1.718628478 -0.6387229236 -2.09167984 2.067904476 
-0.2503 0.7712912729 -2.793856611 1.724940587 -0.637791025 -2.087336416 2.07161637 
-0.2503 0.776419739 -2.800547764 1.731640206 -0.6368524073 -2.082635336 2.075601571 
-0.2503 0.7815902084 -2.806692652 1.738325078 -0.6358437725 -2.07810263 2.079271359 
-0.2503 0.786282682 -2.812887787 1.744517385 -0.6349693429 -2.073551199 2.083045052 
-0.2503 0.7915418584 -2.818908841 1.751201125 -0.6339550409 -2.068871822 2.08675859 
-0.2503 0.7964270845 -2.824852732 1.757728521 -0.6331656454 -2.064273299 2.090289427 
-0.2503 0.8014348226 -2.830906016 1.763980878 -0.6322006232 -2.059405446 2.094225953 
-0.2503 0.8065641362 -2.836810187 1.770409474 -0.6313736938 -2.054546963 2.097981758 
-0.2503 0.8121601351 -2.843061936 1.777421713 -0.6304291214 -2.049231832 2.101996955 
-0.2503 0.8174603581 -2.848850257 1.784000953 -0.6295610161 -2.04416718 2.105756078 
-0.2503 0.8228037621 -2.854558279 1.790594316 -0.6286885577 -2.039038009 2.109509328 
-0.2503 0.8281655469 -2.860202309 1.797118409 -0.6278749544 -2.033854118 2.113273759 
-0.2503 0.8338844552 -2.865692105 1.804003743 -0.6268754821 -2.028541283 2.117005072 
-0.2503 0.8390964761 -2.871195393 1.810455062 -0.6260313647 -2.023261524 2.120729006 
-0.2503 0.8447288833 -2.876571767 1.817294174 -0.6251344753 -2.017838353 2.124381627 
-0.2503 0.8508076889 -2.882273746 1.824557293 -0.6242542579 -2.011949157 2.128307085 
-0.2503 0.8564345447 -2.887699502 1.831015021 -0.6233648419 -2.006204547 2.132263654 
-0.2503 0.8621779467 -2.892905079 1.837730939 -0.6224760996 -2.000506974 2.136002972 
-0.2503 0.8679888023 -2.898081163 1.844406862 -0.6216537592 -1.994698275 2.139768975 
-0.2503 0.8739134353 -2.90315811 1.851240179 -0.620716684 -1.988772661 2.143501598 
-0.2503 0.8799090752 -2.908163878 1.858096287 -0.6197696989 -1.982749418 2.1472305 
-0.2503 0.8859894722 -2.913062472 1.864987513 -0.6189712662 -1.976718378 2.150862055 
-0.2503 0.8925158254 -2.918320729 1.872216423 -0.6180151368 -1.97004329 2.154918517 
-0.2503 0.8986404649 -2.923175835 1.878895486 -0.6171061767 -1.963698452 2.158749798 
-0.2503 0.9049314445 -2.927875783 1.885818549 -0.6162012701 -1.957311858 2.162424807 
-0.2503 0.9112891128 -2.932510525 1.892736536 -0.6152814496 -1.950814497 2.166110402 
-0.2503 0.9177148946 -2.937078876 1.899649636 -0.6143457277 -1.944204741 2.169805233 
-0.2503 0.9242102275 -2.941579615 1.906558035 -0.6133930872 -1.937480959 2.173507922 
-0.2503 0.9307328518 -2.94603934 1.913346913 -0.6125172264 -1.930667943 2.177246518 
-0.2503 0.9378942531 -2.950748659 1.920742778 -0.6115341705 -1.923168253 2.181235848 
-0.2503 0.9445408673 -2.955006644 1.92757021 -0.6105329368 -1.916165036 2.18494614 
-0.2503 0.9513671435 -2.95928368 1.934411898 -0.609597678 -1.908897504 2.188710657 
-0.2503 0.9581542365 -2.963443693 1.941142321 -0.6086548132 -1.901639196 2.192549553 
-0.2503 0.965061748 -2.967478035 1.948013838 -0.607552217 -1.894245275 2.196168296 
-0.2503 0.9720931976 -2.971450486 1.954906574 -0.6065269472 -1.886729792 2.199846347 
-0.2503 0.9792075769 -2.975342522 1.961801254 -0.6054829799 -1.879096248 2.203515342 
-0.2503 0.9869232882 -2.979422282 1.969189581 -0.6043421667 -1.870784699 2.207435626 
-0.2503 0.9942126162 -2.983144802 1.976085516 -0.60325514 -1.862901737 2.211083786 
-0.2503 1.001587906 -2.98678402 1.982980712 -0.6021451388 -1.854896034 2.214720834 
-0.2503 1.009050115 -2.99033895 1.989874285 -0.6010106735 -1.846766087 2.218346049 
-0.2503 1.016600186 -2.993808582 1.996765351 -0.599850204 -1.838510403 2.221958681 
-0.2503 1.008728511 -2.990188338 1.989578892 -0.6010598156 -1.847117082 2.218190936 
-0.2503 1.001217084 -2.986604053 1.982635983 -0.6022012074 -1.855299258 2.214539258 
-0.2503 0.9937937767 -2.982934321 1.975691474 -0.6033178607 -1.863355484 2.210875614 
-0.2503 0.9864271129 -2.979132244 1.968749974 -0.6044290482 -1.871367635 2.207220005 
-0.2503 0.9791814878 -2.975286109 1.961813913 -0.6055417602 -1.879207126 2.203429221 
-0.2503 0.9719843633 -2.97132139 1.954863742 -0.6065977505 -1.886958855 2.199680843 
-0.2503 0.9649031088 -2.967315984 1.947917795 -0.6076577431 -1.894541807 2.195966145 
-0.2503 0.9578686488 -2.963194401 1.940957578 -0.6086644454 -1.902039448 2.192214361 
-0.2503 0.9509467842 -2.959035508 1.934002324 -0.6096771366 -1.909372466 2.188498682 
-0.2503 0.9441023191 -2.954802072 1.927042488 -0.6106679517 -1.916583203 2.184784577 
-0.2503 0.9373006621 -2.950455755 1.920066613 -0.6116104834 -1.923712251 2.181038682 
-0.2503 0.9306548858 -2.946118517 1.913109429 -0.6125970042 -1.930617146 2.177440223 
-0.2503 0.9239529596 -2.941587303 1.906109694 -0.6134676387 -1.937574427 2.173597547 
-0.2503 0.9174604985 -2.937005336 1.8992692 -0.6144461851 -1.944388604 2.169782621 
-0.2503 0.9110382886 -2.932354444 1.89242401 -0.6154080248 -1.951086048 2.165974685 
-0.2503 0.9046524147 -2.927594935 1.885560121 -0.6163284189 -1.957705232 2.162141966 
-0.2503 0.8982853248 -2.922903025 1.878505803 -0.6171575423 -1.964061765 2.158536116 
-0.2503 0.8919923356 -2.918039835 1.871515424 -0.6181300585 -1.970470895 2.15476051 
-0.2503 0.8858403037 -2.913122734 1.86465635 -0.6190339001 -1.97671978 2.150991907 
-0.2503 0.879833705 -2.907984675 1.858071699 -0.6199271866 -1.982985295 2.146995994 
-0.2503 0.8738026426 -2.90294584 1.851191524 -0.6208093053 -1.989015517 2.143261976 
-0.2503 0.8678793623 -2.897892538 1.844324931 -0.6217108658 -1.994881072 2.139568586 
-0.2503 0.861888017 -2.892645216 1.837394201 -0.622519835 -2.000795517 2.135815426 
-0.2503 0.8563597936 -2.887340228 1.830800833 -0.623335764 -2.006498222 2.1320671 
-0.2503 0.8503907495 -2.881902462 1.824043264 -0.6243341619 -2.012348253 2.128052749 
-0.2503 0.8446139905 -2.876600577 1.817033333 -0.6251997445 -2.01785502 2.124463274 
-0.2503 0.8389694316 -2.871083746 1.810285526 -0.6260710273 -2.023380925 2.120654419 
-0.2503 0.8334181802 -2.865545197 1.803575288 -0.6269607963 -2.028783572 2.116879689 
-0.2503 0.8279299325 -2.859939841 1.796889673 -0.6278493329 -2.03409898 2.113105266 
-0.2503 0.8224749752 -2.854221365 1.7902142 -0.6287188275 -2.039361714 2.1092981 
-0.2503 0.8172071198 -2.848377578 1.783837808 -0.6296498248 -2.044583579 2.105326623 
-0.2503 0.8120582257 -2.842592128 1.777171888 -0.6303882715 -2.049547128 2.101733135 
-0.2503 0.8065271285 -2.836768353 1.770362866 -0.6313800476 -2.054582 2.097955054 
-0.2503 0.8016418366 -2.830842004 1.764061646 -0.6322382175 -2.059394778 2.094187561 
-0.2503 0.7961729037 -2.824798649 1.757240091 -0.63317581 -2.064336266 2.09039723 
-0.2503 0.7910944875 -2.81874317 1.750728877 -0.6340881052 -2.069080273 2.08663917 
-0.2503 0.7860434666 -2.812576376 1.744228689 -0.6349900904 -2.073778615 2.082852423 
-0.2503 0.7810740973 -2.8063968 1.737773476 -0.6359143589 -2.07837102 2.079102071 
-0.2503 0.7761302782 -2.800106569 1.731328426 -0.6368314786 -2.082919667 2.075324328 
-0.2503 0.7712658039 -2.793805381 1.724928946 -0.6377719689 -2.087365596 2.071583486 
-0.2503 0.7664522078 -2.787444455 1.718557358 -0.638721887 -2.091740301 2.067847959 
-0.2503 0.7619112562 -2.780918367 1.712431475 -0.6395952242 -2.096051205 2.064045214 
-0.2503 0.756946895 -2.774494989 1.705877864 -0.640641797 -2.100309351 2.060363502 
-0.2503 0.7524830714 -2.767833288 1.699859129 -0.6415240355 -2.104498815 2.056532431 
-0.2503 0.7476620391 -2.761291958 1.693419721 -0.6425276207 -2.10860164 2.052885575 
-0.2503 0.7430521556 -2.754596653 1.687123799 -0.6435611021 -2.112666284 2.049160195 
-0.2503 0.7385383924 -2.747878514 1.680974159 -0.6445456965 -2.116635143 2.045455404 
-0.2503 0.7340713384 -2.741102999 1.674862006 -0.645538556 -2.120540724 2.041757009 
-0.2503 0.7296191459 -2.734221875 1.668745284 -0.6465469328 -2.124411163 2.038039067 
-0.2503 0.7252438742 -2.727332486 1.66271103 -0.6475567247 -2.128193035 2.034354161 
-0.2503 0.7209042853 -2.720320671 1.656768162 -0.6485109734 -2.131939832 2.030634094 
-0.2503 0.7167457915 -2.713009751 1.650859737 -0.6496287054 -2.135383297 2.026705652 
-0.2503 0.7123543214 -2.706279237 1.644810885 -0.6506450627 -2.139208139 2.023316526 
-0.2503 0.7082546671 -2.698804857 1.639068438 -0.6517172449 -2.142593657 2.019351398 
-0.2503 0.7039683433 -2.691950762 1.633077312 -0.6527499394 -2.146272331 2.015987505 
-0.2503 0.6998242905 -2.684679181 1.627257038 -0.6538192078 -2.149733218 2.012322104 
-0.2503 0.6957508294 -2.67740518 1.621523412 -0.6548895528 -2.153115759 2.008690726 
-0.2503 0.6916896332 -2.670026049 1.615796016 -0.6559760819 -2.156468952 2.005042039 
-0.2503 0.687697373 -2.662646189 1.610156421 -0.6570633961 -2.159746568 2.001427599 
-0.2503 0.6837447919 -2.655214298 1.604565025 -0.6581590002 -2.162973393 1.997821842 
-0.2503 0.6798037734 -2.647677603 1.5989836 -0.6592706126 -2.16617276 1.994199444 
-0.2503 0.6760970185 -2.639881685 1.5936965 -0.6604231276 -2.169085246 1.990340088 
-0.2503 0.6720660319 -2.63250337 1.588012228 -0.6615099949 -2.172402206 1.987007495 
-0.2503 0.668403851 -2.62464678 1.582764289 -0.6627451367 -2.175245795 1.983181705 
-0.2503 0.6646615916 -2.617144639 1.577327556 -0.6636458709 -2.178391349 1.979929035 
-0.2503 0.660756535 -2.609392971 1.571967476 -0.6649218108 -2.181384046 1.976302505 
-0.2503 0.6570691426 -2.601609921 1.566739887 -0.6660704966 -2.184281353 1.972761771 
-0.2503 0.6533919873 -2.593723295 1.561531253 -0.6672339658 -2.187155597 1.969205799 
-0.2503 0.6497764536 -2.585844747 1.556415843 -0.6683955163 -2.189967223 1.965684785 
-0.2503 0.6461708593 -2.577863117 1.551322015 -0.6695712828 -2.192757044 1.962148891 
-0.2503 0.6428148748 -2.569909986 1.546404567 -0.6705979329 -2.19543632 1.95872254 
-0.2503 0.6391736798 -2.56154949 1.541431768 -0.6720522662 -2.198039876 1.954861283 
-0.2503 0.6356135679 -2.553754849 1.536466912 -0.6731139986 -2.2008471 1.95165223 
-0.2503 0.6322873711 -2.54546227 1.531792968 -0.6744211561 -2.203306138 1.947933485 
-0.2503 0.6288826701 -2.537454756 1.526919634 -0.6753857868 -2.206018574 1.94475256 
-0.2503 0.625556904 -2.529266584 1.522246969 -0.6765396451 -2.208546892 1.941321421 
-0.2503 0.6219947603 -2.520952721 1.517498694 -0.6779020244 -2.21111985 1.937786184 
-0.2503 0.6186842881 -2.512675411 1.512932741 -0.6791021141 -2.21359123 1.93435835 
-0.2503 0.6154060082 -2.504357346 1.508432129 -0.6803040752 -2.216029385 1.930941166 
-0.2503 0.6123327619 -2.495960135 1.504051213 -0.6813553178 -2.2184041 1.927579379 
-0.2503 0.609075316 -2.487558164 1.499665738 -0.6825937903 -2.220789057 1.924167857 
-0.2503 0.6057795699 -2.478805703 1.495352414 -0.6840713266 -2.22305784 1.92044367 
-0.2503 0.6025649729 -2.470572199 1.491041239 -0.6851361207 -2.225499899 1.917331923 
-0.2503 0.5994695956 -2.461786765 1.486932882 -0.6864854028 -2.227697768 1.913699046 
-0.2503 0.5963201105 -2.453215117 1.482608251 -0.6876463844 -2.229794051 1.910478068 
-0.2503 0.5934192402 -2.444869411 1.478803108 -0.6886188654 -2.232255777 1.907292931 
-0.2503 0.5903868379 -2.436193541 1.474838147 -0.6898060899 -2.234470563 1.903943574 
-0.2503 0.5874002289 -2.427544666 1.470972034 -0.6909857125 -2.236645676 1.900626686 
-0.2503 0.5844288454 -2.418861759 1.467173701 -0.6921730789 -2.238799688 1.897315992 
-0.2503 0.5814429143 -2.410082873 1.463414218 -0.6933835685 -2.240950438 1.893985684 
-0.2503 0.5783701675 -2.401088902 1.459550699 -0.6947886727 -2.24283239 1.890545675 
-0.2503 0.5755252794 -2.392273813 1.456186721 -0.696011224 -2.245088664 1.88710745 
-0.2503 0.5726300585 -2.383681114 1.452618339 -0.6970229887 -2.247254848 1.884086853 
-0.2503 0.5698559071 -2.374668722 1.449295346 -0.6983052186 -2.249223217 1.880603964 
-0.2503 0.5669766555 -2.365741536 1.445717623 -0.6994128964 -2.251129622 1.877477337 
-0.2503 0.5642127852 -2.356802654 1.442426511 -0.7005655936 -2.253071809 1.874219667 
-0.2503 0.5614506466 -2.347795678 1.439203717 -0.7017134328 -2.255035355 1.87095676 
-0.2503 0.5587500809 -2.338856444 1.436107609 -0.7028182149 -2.256995319 1.867742308 
-0.2503 0.5560510411 -2.329849788 1.433081733 -0.7039165933 -2.25897706 1.864521735 
-0.2503 0.5534133198 -2.320913465 1.43018303 -0.7049694185 -2.260957284 1.861348889 
-0.2503 0.5508068579 -2.311980106 1.427383694 -0.7059946174 -2.262948766 1.858196295 
-0.2503 0.5482486653 -2.302907805 1.424803436 -0.7070977796 -2.264999792 1.854863198 
-0.2503 0.5456574065 -2.294055339 1.422058613 -0.7079780825 -2.266978079 1.851923177 
-0.2503 0.5431338989 -2.28480248 1.419523955 -0.7091133451 -2.268828139 1.848562656 
-0.2503 0.5405910886 -2.275750839 1.416861184 -0.7100437323 -2.270612937 1.845552666 
-0.2503 0.538090159 -2.266567369 1.414399184 -0.7110413707 -2.272448348 1.842380845 
-0.2503 0.5356506147 -2.257460193 1.412062952 -0.7119863732 -2.274284728 1.839254036 
-0.2503 0.5332424469 -2.248358915 1.409827034 -0.7128982038 -2.276132017 1.836144573 
-0.2503 0.5308355459 -2.239191406 1.407667402 -0.7137972442 -2.277998532 1.833024649 
-0.2503 0.5284899967 -2.23010459 1.405633658 -0.7146396171 -2.279869145 1.829948946 
-0.2503 0.5261455942 -2.220952804 1.403677678 -0.7154673949 -2.281759456 1.826862141 
-0.2503 0.5238992317 -2.211819791 1.401969034 -0.7163192049 -2.283685793 1.823663968 
-0.2503 0.5216108723 -2.202827867 1.40011953 -0.7169652802 -2.28556658 1.820792142 
-0.2503 0.5193864357 -2.193531039 1.398489598 -0.7178052867 -2.287382722 1.81757274 
-0.2503 0.517217946 -2.18432576 1.3969664 -0.718575291 -2.289199136 1.81441359 
-0.2503 0.5149710833 -2.175203289 1.395251815 -0.7191334526 -2.290966556 1.811594341 
-0.2503 0.5128399344 -2.166066184 1.393844586 -0.7197611176 -2.292785218 1.80857433 
-0.2503 0.5107093089 -2.15686473 1.392516714 -0.7203702431 -2.294620404 1.805539801 
-0.2503 0.5086403296 -2.147753505 1.391310953 -0.7209127468 -2.296464314 1.802546505 
-0.2503 0.5066026123 -2.138657232 1.390206058 -0.7214106847 -2.29832209 1.799566423 
-0.2503 0.5046135313 -2.129396438 1.389356926 -0.7220262227 -2.300237671 1.796330051 
-0.2503 0.5026181475 -2.120375618 1.38838156 -0.7223745379 -2.302107792 1.79347581 
-0.2503 0.5006163861 -2.111312834 1.387460022 -0.7226735045 -2.303989822 1.790648168 
-0.2503 0.4987593175 -2.102208447 1.386826186 -0.7230304038 -2.30588012 1.78759898 
-0.2503 0.496893354 -2.093055055 1.386244346 -0.7233455286 -2.307776982 1.784567518 
-0.2503 0.4950856107 -2.084002504 1.385769114 -0.7235815141 -2.309682284 1.781586723 
-0.2503 0.4932538512 -2.075104014 1.385176681 -0.7235786077 -2.311554102 1.778929509 
-0.2503 0.4914650372 -2.066035832 1.384836487 -0.7237014916 -2.313477539 1.776004099 
-0.2503 0.4897843026 -2.056942926 1.384802065 -0.7239239029 -2.315455255 1.772832062 
-0.2503 0.4880486555 -2.047934465 1.384627582 -0.7239170541 -2.317400712 1.769970533 
-0.2503 0.4863746026 -2.039035556 1.384560838 -0.7238217974 -2.319361734 1.7671601 
-0.2503 0.484729374 -2.030171874 1.384577684 -0.7236549076 -2.321337395 1.764383917 
-0.2503 0.4830800275 -2.021267847 1.384655894 -0.7234337045 -2.323325377 1.761624718 
-0.2503 0.4816357947 -2.012485924 1.385051842 -0.7230959064 -2.325434314 1.758764736 
-0.2503 0.4801829132 -2.003654498 1.385505211 -0.7227140628 -2.327549328 1.755911771 
-0.2503 0.4787896678 -1.994930057 1.386060924 -0.7222476994 -2.329679574 1.753101191 
-0.2503 0.4773890193 -1.986158246 1.386676096 -0.7217343159 -2.331817347 1.750297696 
-0.2503 0.4760495729 -1.977496803 1.387393713 -0.7211327537 -2.33397328 1.747537315 
-0.2503 0.4747382163 -1.968869157 1.388192847 -0.720460884 -2.336143975 1.744802522 
-0.2503 0.4734216281 -1.960197648 1.389054528 -0.7197370681 -2.338324701 1.742075209 
-0.2503 0.4721689333 -1.95164183 1.390018826 -0.7189191043 -2.340528307 1.7393925 
-0.2503 0.4709126839 -1.943044717 1.391047762 -0.7180455477 -2.342743861 1.736717767 
-0.2503 0.4697223785 -1.934567039 1.392179458 -0.7170734849 -2.3449857 1.734088939 
-0.2503 0.4687949732 -1.926283404 1.393656983 -0.7157399963 -2.347504265 1.731572057 
-0.2503 0.467927623 -1.918108499 1.395230745 -0.7143210813 -2.350044665 1.728931397 
-0.2503 0.4670848863 -1.909962231 1.396879512 -0.7128366192 -2.352598099 1.726388407 
-0.2503 0.4662336415 -1.901765533 1.398588818 -0.7113056658 -2.355158451 1.723843932 
-0.2503 0.4650695115 -1.893170617 1.400011858 -0.7102871301 -2.357256388 1.721103407 
-0.2503 0.4646471934 -1.885548693 1.402256921 -0.7080134789 -2.36033656 1.718831464 
-0.2503 0.4639139907 -1.877531773 1.404215588 -0.7062482584 -2.362957539 1.716365396 
-0.2503 0.4632106365 -1.86955085 1.406252574 -0.7044079414 -2.365598884 1.713920643 
-0.2503 0.4625027267 -1.861525127 1.408353558 -0.7025122417 -2.368251248 1.711556708 
-0.2503 0.4618630104 -1.853621136 1.410550279 -0.7005149188 -2.370938486 1.70907784 
-0.2503 0.4617336589 -1.846270095 1.413236244 -0.6976613563 -2.374184616 1.707049714 
-0.2503 0.4612031082 -1.838417747 1.415566954 -0.6954673346 -2.376873884 1.704625037 
-0.2503 0.4609777057 -1.830929687 1.418262956 -0.6927175907 -2.379974497 1.702465314 
-0.2503 0.4608370789 -1.823584397 1.421067391 -0.6898386786 -2.383137483 1.700360151 
-0.2503 0.4607763187 -1.816338136 1.423995061 -0.68680301 -2.386389839 1.698308438 
-0.2503 0.4607938696 -1.809150422 1.427065012 -0.683577211 -2.389761485 1.696311002 
-0.2503 0.4609052923 -1.80211461 1.430245609 -0.6802054486 -2.393206297 1.694378731 
-0.2503 0.4611049345 -1.795147122 1.433574451 -0.6766254678 -2.396781106 1.692510676 
-0.2503 0.4617094694 -1.788727713 1.43729147 -0.6723869519 -2.40081724 1.690979753 
-0.2503 0.461804496 -1.781607961 1.440611903 -0.6689193199 -2.404234923 1.688998496 
-0.2503 0.4624712687 -1.77524039 1.444295255 -0.6644240858 -2.408138596 1.687690506 
-0.2503 0.4632337952 -1.768978839 1.448114637 -0.6597420415 -2.412168618 1.68627058 
-0.2503 0.4639818262 -1.762426825 1.452119666 -0.6552805259 -2.416280972 1.684636068 
-0.2503 0.4649333134 -1.756343185 1.456221008 -0.6502622843 -2.42056168 1.683422633 
-0.2503 0.4660104905 -1.750375834 1.460495466 -0.6449484997 -2.425024246 1.682336774 
-0.2503 0.4672164499 -1.744615689 1.464887258 -0.639387796 -2.429611417 1.68140501 
-0.2503 0.4685598244 -1.739027077 1.469429982 -0.6335332868 -2.434362977 1.680631262 
-0.2503 0.4701005521 -1.733775909 1.474084539 -0.627021654 -2.439366917 1.680341786 
-0.2503 0.4717560091 -1.728525869 1.47901791 -0.6206081827 -2.444474864 1.679887456 
-0.2503 0.4735091553 -1.723294372 1.484084804 -0.613938685 -2.449767414 1.679394414 
-0.2503 0.4755967771 -1.71840084 1.489240979 -0.60662624 -2.45522028 1.679391248 
-0.2503 0.4779063264 -1.713765497 1.494665624 -0.5988125391 -2.460956587 1.67964445 
-0.2503 0.4803488004 -1.709325046 1.500200202 -0.5906908468 -2.466856662 1.680144741 
-0.2503 0.4828480344 -1.705275513 1.506036244 -0.5822166352 -2.473081178 1.680952683 
-0.2503 0.4856500867 -1.701206474 1.511966662 -0.5731998533 -2.479486161 1.682034855 
-0.2503 0.4887970392 -1.697654627 1.518229044 -0.5635117261 -2.486193118 1.683503014 
-0.2503 0.4922707274 -1.694137759 1.524627424 -0.5531960869 -2.493127394 1.685318617 
-0.2503 0.4957933628 -1.690993352 1.531273915 -0.5425219065 -2.50035651 1.687530323 
-0.2503 0.4996305769 -1.688184553 1.538274693 -0.5310841352 -2.507972557 1.690222543 
-0.2503 0.5036745027 -1.685631429 1.545458613 -0.5191125919 -2.515833813 1.693365494 
-0.2503 0.5080717247 -1.683368502 1.552920083 -0.5063492368 -2.52401905 1.697044854 
-0.2503 0.5128070267 -1.681408437 1.560746501 -0.4927019614 -2.532621543 1.701344015 
-0.2503 0.517829475 -1.679791235 1.568851462 -0.4782988724 -2.541540403 1.706263556 
-0.2503 0.5232274831 -1.678506855 1.577377448 -0.4628626993 -2.550924302 1.711943145 
-0.2503 -0.3094776215 -0.7573727541 1.509353802 -1.464273926 -1.681362993 1.510575043 
-0.2503 -0.2985538 -0.7646957072 1.51263987 -1.448588794 -1.694032443 1.501206543 
-0.2503 -0.2878936787 -0.7716727336 1.516075425 -1.43322731 -1.706501724 1.492108912 
-0.2503 -0.2774315343 -0.7783469052 1.519680043 -1.418085177 -1.718845904 1.483212951 
-0.2503 -0.2671068958 -0.7847532513 1.523477924 -1.403063931 -1.73113674 1.474454575 
-0.2503 -0.257076259 -0.7907931608 1.527412262 -1.388381234 -1.743187116 1.465953419 
-0.2503 -0.2469689026 -0.7967423688 1.531603575 -1.37369199 -1.755387612 1.457387783 
-0.2503 -0.2375659738 -0.8019383613 1.535765476 -1.359578742 -1.76688117 1.449425585 
-0.2503 -0.2282466624 -0.8069748544 1.540164445 -1.345616887 -1.778395302 1.441477843 
-0.2503 -0.2191410995 -0.8116933218 1.544748583 -1.331821434 -1.789779776 1.433657574 
-0.2503 -0.2103733452 -0.8160257479 1.549446636 -1.318382176 -1.800866822 1.42606348 
-0.2503 -0.2018279568 -0.8200299221 1.554321752 -1.30511226 -1.811803063 1.418581657 
-0.2503 -0.1936210178 -0.8236492561 1.55929882 -1.29219376 -1.822428561 1.411306316 
-0.2503 -0.1853726983 -0.8271796188 1.564542939 -1.279298526 -1.833200946 1.403921569 
-0.2503 -0.1778550617 -0.8299683881 1.569732546 -1.266962889 -1.843192392 1.397027165 
-0.2503 -0.1706386583 -0.8323865001 1.575038321 -1.254889248 -1.852909194 1.390270044 
-0.2503 -0.1635878692 -0.8345338382 1.580530896 -1.242946539 -1.862524332 1.383529027 
-0.2503 -0.1568807564 -0.8363173006 1.586105113 -1.231343495 -1.871813768 1.376946553 
-0.2503 -0.1504198938 -0.8377672243 1.591836473 -1.21991142 -1.880909056 1.370420018 
-0.2503 -0.1442841423 -0.8388730296 1.597640747 -1.208801363 -1.889689032 1.364028062 
-0.2503 -0.1383807676 -0.8396575341 1.603596821 -1.197849455 -1.898281339 1.357670544 
-0.2503 -0.1327810081 -0.8401198844 1.609617532 -1.187200052 -1.906572887 1.351425305 
-0.2503 -0.127433664 -0.8402755139 1.615741242 -1.176767174 -1.914631153 1.345237901 
-0.2503 -0.1222929933 -0.8401319011 1.622009246 -1.166469965 -1.922518445 1.339055447 
-0.2503 -0.1174663521 -0.8396724219 1.628274813 -1.156544482 -1.930076559 1.332994208 
-0.2503 -0.1127341651 -0.8389879883 1.634791297 -1.146536995 -1.937590878 1.326842985 
-0.2503 -0.1087520603 -0.8377028034 1.64119984 -1.137119629 -1.944325264 1.321117742 
-0.2503 -0.1045881188 -0.836477541 1.647832289 -1.127682709 -1.951333415 1.315021578 
-0.2503 -0.1008874371 -0.8347719418 1.654486314 -1.118531179 -1.95785859 1.309141873 
-0.2503 -0.09741881493 -0.8328242629 1.661214228 -1.109546216 -1.964147254 1.303302052 
-0.2503 -0.09418301656 -0.8305832991 1.668024648 -1.100729476 -1.970217947 1.297464123 
-0.2503 -0.09116104855 -0.8281178256 1.674901344 -1.092061868 -1.976066507 1.291656347 
-0.2503 -0.08835727077 -0.8253733337 1.681853672 -1.083547644 -1.981706945 1.285840348 
-0.2503 -0.08574918237 -0.8224214816 1.688865091 -1.075165277 -1.987140141 1.280046106 
-0.2503 -0.08357907593 -0.8190572345 1.695865637 -1.067017006 -1.992083365 1.274441948 
-0.2503 -0.08111785305 -0.8157969509 1.703078435 -1.05879252 -1.997419175 1.268438052 
-0.2503 -0.07951141391 -0.8119525371 1.710193267 -1.051028922 -2.001865234 1.262759332 
-0.2503 -0.07749500758 -0.8082956551 1.717583212 -1.043082568 -2.006856486 1.256893755 
-0.2503 -0.07595683599 -0.8042552526 1.724894393 -1.03541817 -2.01129275 1.251128731 
-0.2503 -0.07457060703 -0.7999918705 1.732309339 -1.027794035 -2.01559277 1.24530815 
-0.2503 -0.07335681799 -0.7955720718 1.739724447 -1.020314457 -2.019700257 1.239513618 
-0.2503 -0.07229337627 -0.7909727063 1.747188305 -1.012914895 -2.023653861 1.233700465 
-0.2503 -0.07136210934 -0.7861650485 1.754750651 -1.005533012 -2.027487852 1.227823577 
-0.2503 -0.0705787129 -0.7812225599 1.762306399 -0.9982707897 -2.031151826 1.22196619 
-0.2503 -0.07018989641 -0.7758808746 1.769909477 -0.9910651686 -2.034375559 1.216088575 
-0.2503 -0.06938482616 -0.7708155001 1.777597392 -0.9838577261 -2.03810557 1.210131092 
-0.2503 -0.06947754453 -0.7651819378 1.785244586 -0.9769574555 -2.040922154 1.204383762 
-0.2503 -0.06901124871 -0.7598101981 1.793178278 -0.969817399 -2.044465229 1.198274005 
-0.2503 -0.06900203643 -0.7541111656 1.801004656 -0.9628782131 -2.047457823 1.192323764 
-0.2503 -0.06909482869 -0.7482312727 1.808923525 -0.955913707 -2.050362994 1.186298512 
-0.2503 -0.06929671774 -0.7422577993 1.816827033 -0.949023466 -2.0531411 1.180285594 
-0.2503 -0.06959116363 -0.7361082409 1.82482021 -0.9420957997 -2.055840417 1.174194986 
-0.2503 -0.06998337169 -0.7298733426 1.832794519 -0.9352303415 -2.058423739 1.168115262 
-0.2503 -0.0704632375 -0.7235124169 1.840801818 -0.9283686927 -2.060916956 1.162000969 
-0.2503 -0.07135422878 -0.7167745324 1.848802367 -0.9215429024 -2.062931064 1.15593776 
-0.2503 -0.07166515618 -0.7103739867 1.856963428 -0.9145822837 -2.065668976 1.149619836 
-0.2503 -0.07281174858 -0.7033564847 1.865352399 -0.9079091816 -2.067631712 1.143214545 
-0.2503 -0.07359186541 -0.6968043443 1.873418304 -0.9009707892 -2.069992803 1.137198454 
-0.2503 -0.07466736702 -0.6898226748 1.881719336 -0.8941103469 -2.072053512 1.130909726 
-0.2503 -0.0758147283 -0.6827793334 1.889994767 -0.8872779382 -2.074029348 1.12463075 
-0.2503 -0.07702838253 -0.6756256347 1.898297567 -0.8804156609 -2.075941293 1.118314637 
-0.2503 -0.07830437279 -0.6683093215 1.906681126 -0.8734648229 -2.077808549 1.111913437 
-0.2503 -0.07964089476 -0.6609368865 1.915034415 -0.8665287358 -2.079602874 1.105521868 
-0.2503 -0.08103403239 -0.6534016546 1.923465724 -0.8594945233 -2.081358618 1.099044182 
-0.2503 -0.08265515059 -0.6455791492 1.932000079 -0.8525758003 -2.082854336 1.092385483 
-0.2503 -0.08397872686 -0.6381174782 1.940281797 -0.8453873002 -2.084691872 1.086070289 
-0.2503 -0.08589458626 -0.6301426974 1.948983967 -0.8383893655 -2.086107062 1.079408393 
-0.2503 -0.08784905823 -0.6221302398 1.957647292 -0.831377905 -2.087477236 1.072762483 
-0.2503 -0.08954009013 -0.6144024701 1.966123949 -0.824058581 -2.089172148 1.066411479 
-0.2503 -0.09115278545 -0.6062695401 1.97458172 -0.8166961393 -2.090673895 1.059736047 
-0.2503 -0.0931327829 -0.5980247118 1.983264058 -0.8093577156 -2.092062752 1.053049826 
-0.2503 -0.09516783 -0.5897368872 1.991914601 -0.8020074758 -2.093402275 1.046379625 
-0.2503 -0.09727054695 -0.5813481489 2.000593776 -0.7945901065 -2.094704706 1.039678754 
-0.2503 -0.09985155624 -0.5725774589 2.009631599 -0.7872416361 -2.095730252 1.032715188 
-0.2503 -0.1019280003 -0.5640697149 2.018261119 -0.7795983832 -2.097065541 1.026022525 
-0.2503 -0.1040083621 -0.5554484013 2.02692153 -0.7717878219 -2.098428701 1.01929892 
-0.2503 -0.1065943875 -0.5465762326 2.035851468 -0.7641624295 -2.099489632 1.012417766 
-0.2503 -0.1091798736 -0.5375883501 2.04481306 -0.7563541367 -2.100586385 1.005502995 
-0.2503 -0.1114204304 -0.5284735802 2.053540669 -0.7483430954 -2.10176455 0.9985110356 
-0.2503 -0.1139884312 -0.5193280998 2.06242153 -0.7403503004 -2.102852661 0.9915740425 
-0.2503 -0.1166102624 -0.5100617924 2.07135975 -0.732188995 -2.103959031 0.9846101344 
-0.2503 -0.1192835879 -0.5007369752 2.080266975 -0.7239863476 -2.105030315 0.977654375 
-0.2503 -0.1220161761 -0.4912824028 2.089233993 -0.7156093367 -2.106117674 0.9706690129 
-0.2503 -0.1251042991 -0.4818247275 2.098332462 -0.7073043244 -2.107078211 0.963754507 
-0.2503 -0.1278239854 -0.4721802439 2.107220264 -0.6987159227 -2.10816115 0.9567354009 
-0.2503 -0.1305531676 -0.4623805267 2.116139318 -0.6899226137 -2.109276328 0.9496713542 
-0.2503 -0.133619723 -0.4525027613 2.125201347 -0.681179896 -2.110253706 0.9426078931 
-0.2503 -0.1367227258 -0.4424264299 2.134322282 -0.6722282048 -2.111245688 0.9354626003 
-0.2503 -0.1398580477 -0.4322994179 2.143394306 -0.6632042663 -2.112227937 0.9283454425 
-0.2503 -0.1430404328 -0.421969992 2.152528754 -0.6539652245 -2.113225788 0.9211506508 
-0.2503 -0.1462654103 -0.4115895795 2.161618381 -0.6446511487 -2.114214406 0.9139889321 
-0.1503 -0.09619439589 -0.5101728285 2.160991273 -0.5150019454 -2.188629073 1.054192161 
-0.1503 -0.1022869431 -0.4986215467 2.170276958 -0.5070339209 -2.186847403 1.046911118 
-0.1503 -0.1083916865 -0.487075867 2.17952497 -0.4989261018 -2.185095301 1.039680851 
-0.1503 -0.1147039188 -0.4750474568 2.1889891 -0.4906023582 -2.183236293 1.032070978 
-0.1503 -0.1207673367 -0.4636469457 2.198140218 -0.482026071 -2.181646837 1.025163824 
-0.1503 -0.1269357221 -0.4517289119 2.207448774 -0.4731783216 -2.179988815 1.017864992 
-0.1503 -0.1331454867 -0.4398094887 2.216727884 -0.4641917942 -2.178352424 1.010624366 
-0.1503 -0.1394254995 -0.4277970413 2.226033654 -0.4549931005 -2.176731534 1.003389445 
-0.1503 -0.1461380503 -0.4156745373 2.235602311 -0.4456329174 -2.174999729 0.9961490086 
-0.1503 -0.1525830279 -0.4034659372 2.244969914 -0.435996768 -2.173402 0.9889305118 
-0.0503 -0.1211512268 -0.4896554057 2.252121984 -0.3062724004 -2.209777067 1.137986896 
-0.0503 -0.1300017977 -0.4766141374 2.261054016 -0.298214873 -2.205490582 1.129752416 
-0.0503 -0.1392493961 -0.4636092249 2.270186253 -0.2900392493 -2.201097811 1.1215764 
-0.0503 -0.1486047017 -0.4504388734 2.279404434 -0.2814983225 -2.196706771 1.11337924 
-0.0503 -0.1579854578 -0.4372953812 2.288599827 -0.2727310714 -2.192358505 1.105277953 
-0.0503 -0.1672618007 -0.4235359322 2.297863584 -0.2633679959 -2.188104415 1.096824393 
-0.0503 -0.1766474796 -0.4105766182 2.306950424 -0.2540507665 -2.183851663 1.089113816 
0 -0.1719146124 -0.4429116483 2.315230791 -0.1882498308 -2.184868683 1.156802193 
0 -0.1825025319 -0.4292655316 2.324079057 -0.1793733269 -2.179339855 1.148058423 
0 -0.1931236134 -0.4155378079 2.332935858 -0.1701421262 -2.173846792 1.139367516 
0 -0.2038572893 -0.4016250378 2.34186176 -0.1604850123 -2.168349039 1.13066765 
0 -0.2145560526 -0.3877180858 2.350728742 -0.1505357705 -2.162922194 1.122080865 
0.0497 -0.2141311233 -0.4170798751 2.357341168 -0.08979811654 -2.15356302 1.183820636 
0.0497 -0.2262390591 -0.40273649 2.365985749 -0.08042210282 -2.146826778 1.174133663 
0.0497 -0.2381819608 -0.3888695129 2.374459628 -0.07062821919 -2.140146293 1.165086449 
0.0497 -0.2499102339 -0.3746169071 2.382850741 -0.06033812534 -2.133656693 1.155882762 
0.0497 -0.2617536202 -0.3602406158 2.391292254 -0.04963599984 -2.127166369 1.146717146 
0.0497 -0.2740366349 -0.3458855033 2.399857497 -0.03875970395 -2.120472091 1.137583904 
0.0497 -0.2860671486 -0.3313351179 2.408314281 -0.02732471543 -2.113979442 1.128527178 
0.0497 -0.2981956065 -0.3166697986 2.416756938 -0.01550198871 -2.107461306 1.11951348 
0.1497 -0.2947203406 -0.3879136211 2.41320362 0.07809649663 -2.067358611 1.233777479 
0.1497 -0.3085961227 -0.373625535 2.420640194 0.08817880878 -2.058703546 1.222994863 
0.1497 -0.3225081222 -0.3592655687 2.428036416 0.09867165366 -2.050038978 1.212272009 
0.1497 -0.3364133519 -0.3448323926 2.43541734 0.1095918856 -2.041437942 1.201628025 
0.1497 -0.3503394198 -0.3303246321 2.442739208 0.1209190874 -2.032832971 1.191043985 
0.1497 -0.3640164954 -0.3157867 2.449921982 0.1327050887 -2.024404693 1.180638763 
0.1497 -0.3778064013 -0.3011349266 2.457089018 0.1449080166 -2.015928874 1.170248856 
0.1497 -0.391640011 -0.2864175008 2.464246653 0.1575293053 -2.007482829 1.159936814 
0.1497 -0.4055307912 -0.2716120276 2.471371969 0.1705654719 -1.999036307 1.149675731 
0.2497 -0.4035747631 -0.3465112667 2.455232633 0.2414024464 -1.934306301 1.240427523 
0.2497 -0.41850527 -0.3326380985 2.461122918 0.2527850239 -1.924277504 1.228418032 
0.2497 -0.4334147968 -0.318712653 2.466927987 0.2645732144 -1.914254936 1.216450279 
0.2497 -0.4482358233 -0.3047744094 2.472662807 0.2767656688 -1.904320026 1.20458565 
0.2497 -0.4630024304 -0.2907950157 2.478286879 0.289345459 -1.894405744 1.192734274 
0.2497 -0.4776480165 -0.2768148167 2.483816646 0.3023068274 -1.88459412 1.181066369 
0.2497 -0.4921807436 -0.2628150207 2.489227997 0.3156445768 -1.874856425 1.169445497 
0.2497 -0.5067582332 -0.248763164 2.49455684 0.3293565362 -1.8650808 1.157823458 
0.2497 -0.5213112004 -0.2346956578 2.499818694 0.3434382778 -1.855353842 1.146259699 
0.2497 -0.5358627758 -0.2205966956 2.504965712 0.3578701173 -1.845607369 1.134708634 
0.3497 -0.5279652299 -0.3059109954 2.474222779 0.4064410994 -1.764852337 1.203898186 
0.3497 -0.5426500508 -0.2933577629 2.478001088 0.4191300084 -1.754295892 1.190847386 
0.3497 -0.5573783717 -0.2805410919 2.481748785 0.4325008009 -1.743729479 1.177653978 
0.3497 -0.5717586001 -0.2680680625 2.485254849 0.4458140172 -1.733345658 1.164735697 
0.3497 -0.5861233866 -0.2553752196 2.48869278 0.4597556802 -1.722979075 1.151705424 
0.3497 -0.6001843 -0.2429015927 2.491926832 0.4737825903 -1.712784896 1.13887346 
0.3497 -0.6143244134 -0.2302491714 2.495104266 0.4883733632 -1.702550948 1.125888272 
0.3497 -0.6282048818 -0.2179635097 2.49805693 0.502826087 -1.692438355 1.113120396 
0.3497 -0.6420376729 -0.2056423105 2.50090413 0.5176615232 -1.682363161 1.100308401 
0.3497 -0.6558104358 -0.1933015609 2.503606511 0.5328520182 -1.672296953 1.087441666 
0.4497 -0.6356641891 -0.291040864 2.460144106 0.5648615025 -1.583886103 1.140654157 
0.4497 -0.649118895 -0.2801873619 2.461630151 0.5787845124 -1.573569899 1.12631376 
0.4497 -0.6623013919 -0.269498202 2.462952785 0.5928433648 -1.563427514 1.112096806 
0.4497 -0.6753158152 -0.2588149431 2.464106573 0.6072475816 -1.553358224 1.0978386 
0.4497 -0.6880305375 -0.2483031044 2.465084647 0.6217649301 -1.543474951 1.083711648 
0.4497 -0.7004906699 -0.2378871699 2.465880691 0.6364937587 -1.53372985 1.069636195 
0.4497 -0.7129107874 -0.2275175636 2.466527268 0.6514976686 -1.52398684 1.055443532 
0.4497 -0.725126094 -0.2173453508 2.467014771 0.6665552143 -1.514377935 1.041322794 
0.4497 -0.7372262466 -0.207221113 2.467326448 0.6818871716 -1.504809485 1.02711276 
0.4497 -0.7490935618 -0.1972980732 2.467468263 0.6972577533 -1.49538895 1.01298114 
0.5497 -0.7136341348 -0.3059671858 2.414531108 0.7202394339 -1.403511752 1.055571509 
0.5497 -0.7250021372 -0.2972667472 2.413683935 0.7349436638 -1.39418811 1.040002535 
0.5497 -0.7360855132 -0.2887467062 2.41267997 0.7497108345 -1.385054627 1.024537448 
0.5497 -0.7469652992 -0.2802820086 2.411485486 0.7647522541 -1.376014884 1.009001223 
0.5497 -0.7575444509 -0.2720020493 2.410127761 0.7798368543 -1.367170702 0.9935762494 
0.5497 -0.7678998666 -0.2637871079 2.408569077 0.7951766165 -1.358426937 0.9780883164 
0.5497 -0.7779205276 -0.2557606857 2.40683735 0.8105397586 -1.34989039 0.9627326421 
0.5497 -0.787782668 -0.2478750003 2.404943331 0.8260170603 -1.341456427 0.947331231 
0.5497 -0.7978267852 -0.2400913276 2.402930326 0.8417038306 -1.332960064 0.9315874832 
0.5497 -0.8073428534 -0.2324884243 2.40069875 0.8574027249 -1.324748889 0.9160986079 
0.6497 -0.7549764081 -0.3502373751 2.341276751 0.8785287632 -1.229068146 0.9524703611 
0.6497 -0.7636454917 -0.3436185125 2.338260176 0.894047776 -1.221244056 0.9358638574 
0.6497 -0.7724481168 -0.3370940331 2.335116991 0.9098024263 -1.213413464 0.9189010838 
0.6497 -0.7810072252 -0.330740656 2.33183806 0.9255782208 -1.20576889 0.9020036271 
0.6497 -0.789349848 -0.3245117718 2.328392847 0.9414807281 -1.198265796 0.8850772542 
0.6497 -0.797498012 -0.318365607 2.324746593 0.9576165257 -1.1908618 0.8680277301 
0.6497 -0.8053134541 -0.3123910726 2.320944659 0.973749148 -1.183666009 0.8511139295 
0.6497 -0.8129638022 -0.3065064772 2.31694287 0.9901038269 -1.176560287 0.8340507576 
0.6497 -0.8203425767 -0.3007962153 2.312796413 1.006445051 -1.169644161 0.8170765454 
0.6497 -0.8275557338 -0.2951807253 2.308445342 1.022999637 -1.162818989 0.7999485512 
0.6497 -0.8345029686 -0.2897404297 2.303949877 1.039529735 -1.156180384 0.7829060975 
0.6497 -0.8412371268 -0.2844365419 2.299278985 1.056147162 -1.1496793 0.7658268173 
0.6497 -0.8478050003 -0.279234065 2.294396694 1.072966446 -1.143270624 0.748587338 
0.6497 -0.8541153774 -0.2742073478 2.289370843 1.089746696 -1.137044174 0.7314286729 
0.6497 -0.8602590687 -0.2692860924 2.284129248 1.106722114 -1.13091121 0.7141056647 
0.6497 -0.866150825 -0.2645405306 2.278744879 1.123650044 -1.124957724 0.6968605874 
0.6497 -0.8718359164 -0.2599363504 2.273180634 1.140646434 -1.119139683 0.6795699393 
0.6497 -0.8773537252 -0.2554431902 2.267394326 1.157829382 -1.113416934 0.6621089688 
0.6497 -0.8826277764 -0.2511250497 2.26146667 1.174953925 -1.107869775 0.6447220242 
0.6497 -0.8877341108 -0.2469213433 2.255312812 1.192260178 -1.102419243 0.6271609312 
0.6497 -0.8926020045 -0.2428918839 2.249018671 1.209501823 -1.097141861 0.6096715388 
0.6497 -0.8973016856 -0.2389800804 2.242494215 1.226921009 -1.091962548 0.592004313 
0.6497 -0.9017680999 -0.235241545 2.235830592 1.244270186 -1.086954062 0.57440669 
0.6497 -0.9060361515 -0.2316486943 2.228981767 1.261669803 -1.082079288 0.5567530996 
0.6497 -0.9101350688 -0.2281780557 2.221896437 1.279241912 -1.077304938 0.5389164288 
0.6497 -0.9140081462 -0.2248789391 2.214673636 1.296737304 -1.07269814 0.5211466401 
0.6497 -0.9177113107 -0.2217049613 2.207210136 1.314402568 -1.068193459 0.5031904569 
0.6497 -0.9211933373 -0.2187012243 2.19961027 1.331987493 -1.063854273 0.4852996175 
0.6497 -0.9245045049 -0.2158255177 2.191765426 1.349740239 -1.059618986 0.4672192206 
0.6497 -0.9275990015 -0.2131187382 2.183785267 1.367409654 -1.055547226 0.4492028444 
0.6497 -0.9305015907 -0.2105605071 2.175614369 1.385119642 -1.051608691 0.4311223585 
0.6497 -0.9332315189 -0.2081346812 2.167191861 1.402995399 -1.047776883 0.4128478532 
0.6497 -0.9357509708 -0.2058758605 2.158635455 1.420784457 -1.044105805 0.3946357693 
0.6497 -0.9380962526 -0.203752468 2.149822825 1.438738574 -1.040543436 0.3762268643 
0.6497 -0.9402348208 -0.2017949026 2.140877105 1.456604449 -1.03714002 0.3578795505 
0.6497 -0.9421842719 -0.1999882073 2.131735899 1.47450809 -1.033870079 0.3394635997 
0.6497 -0.9439567439 -0.1983217578 2.122331209 1.492576717 -1.030711946 0.3208468682 
0.6497 -0.9455275111 -0.1968196551 2.112794377 1.510555815 -1.027710214 0.3022907989 
0.6497 -0.9469190017 -0.1954612882 2.102988947 1.528700522 -1.024822436 0.283531443 
0.6497 -0.9481116666 -0.1942665448 2.0930518 1.546755529 -1.022089426 0.2648323091 
0.6497 -0.9491223698 -0.193219316 2.082840691 1.564977335 -1.019472573 0.24592747 
0.6497 -0.9499367159 -0.1923352636 2.072498098 1.583109835 -1.017008901 0.2270825272 
0.6497 -0.9505622196 -0.1916074591 2.061951431 1.601281905 -1.014679685 0.2081639611 
0.6497 -0.9510009091 -0.1910335139 2.051122232 1.619623705 -1.012470031 0.1890361731 
0.6497 -0.9512460894 -0.1906227176 2.040161482 1.637877915 -1.010411265 0.1699679414 
0.6497 -0.9513005841 -0.1903705768 2.028912075 1.65630466 -1.008474403 0.1506881641 
0.6497 -0.9511628387 -0.1902820898 2.017530751 1.67464578 -1.006686951 0.1314677613 
0.6497 -0.9508299572 -0.1903575993 2.005854271 1.693163012 -1.005023799 0.1120334629 
0.6497 -0.950305539 -0.1905977728 1.994045211 1.711597318 -1.003508624 0.0926583436 
0.6497 -0.9495866769 -0.1910044408 1.982020133 1.73008091 -1.002129496 0.07320514933 
0.6497 -0.9486647622 -0.1915843406 1.969689352 1.748747638 -1.000878365 0.05353438032 
0.6497 -0.9475511681 -0.1923315529 1.957224345 1.767337056 -0.9997731477 0.03392235527 
0.6497 -0.9462282736 -0.1932591521 1.944445967 1.786115602 -0.9987984759 0.01409010486 
0.6497 -0.9447126925 -0.1943567445 1.931531746 1.804821808 -0.9979684013 -0.005683877209 
0.6497 -0.9429935883 -0.1956331389 1.918389915 1.823591026 -0.9972759112 -0.02553986164 
0.6497 -0.9410540985 -0.1971024854 1.904922081 1.842560734 -0.9967179217 -0.04562052688 
0.6497 -0.9389188002 -0.1987475413 1.891315027 1.861467779 -0.9963026668 -0.06564410952 
0.6497 -0.9365543599 -0.200595436 1.877372631 1.880584813 -0.9960246558 -0.08589581015 
0.6497 -0.9339907639 -0.2026242405 1.863287982 1.899647436 -0.9958882208 -0.1060916787 
0.6497 -0.9311879746 -0.2048672413 1.848857771 1.918931414 -0.9958918698 -0.126519615 
0.6497 -0.9281814784 -0.2072977185 1.83428151 1.938170981 -0.9960360154 -0.1468934771 
0.6497 -0.9249479719 -0.209936049 1.819454483 1.957507994 -0.9963206739 -0.1673585509 
0.6497 -0.9214572817 -0.2128090115 1.804264563 1.977087709 -0.9967498835 -0.1880629158 
0.6497 -0.9177533326 -0.2158824953 1.788921114 1.996642061 -0.9973181452 -0.2087171364 
0.6497 -0.9137777937 -0.2192071182 1.773201532 2.01645696 -0.9980341033 -0.2296166362 
0.6497 -0.9095803713 -0.2227436831 1.757321922 2.036262629 -0.9988882847 -0.250469779 
0.6497 -0.9049108863 -0.2266376163 1.740806716 2.05644129 -0.999842218 -0.2716956806 
0.6497 -0.9003759989 -0.2305840975 1.724612534 2.076448437 -1.001036151 -0.2926397689 
0.6497 -0.895385724 -0.23487958 1.707885457 2.096710269 -1.00232365 -0.3138148703 
0.6497 -0.8900762402 -0.2394818181 1.690740977 2.117295147 -1.003767401 -0.3352564654 
0.6497 -0.8845122437 -0.2443384123 1.673412607 2.137928396 -1.005347876 -0.3566674499 
0.6497 -0.8783368556 -0.2496589785 1.655291747 2.159071253 -1.00703163 -0.3785377786 
0.6497 -0.8722234494 -0.2550996967 1.637419067 2.180107708 -1.008925777 -0.4001608039 
0.6497 -0.865784393 -0.2608709754 1.619217084 2.201390127 -1.010967584 -0.42192049 
0.6497 -0.8589720835 -0.267028266 1.600563836 2.223085325 -1.013176943 -0.4439691655 
0.6497 -0.8517909688 -0.2735424161 1.581610678 2.244960136 -1.0155111 -0.4660568063 
0.6497 -0.8441688914 -0.2805202889 1.562161472 2.26728617 -1.017960709 -0.4884457234 
0.6497 -0.836151939 -0.2878758453 1.542363673 2.289914589 -1.02062608 -0.5109346237 
0.6497 -0.827678054 -0.2957427744 1.522077551 2.313050915 -1.023417058 -0.5337295154 
0.6497 -0.8187653165 -0.3040536984 1.501419874 2.336553709 -1.02641415 -0.5566404039 
0.5497 -0.9288622315 -0.1402631166 1.584047906 2.232314719 -1.09752812 -0.5081975324 
0.5497 -0.9221270006 -0.1464819421 1.565056623 2.251361635 -1.100437749 -0.5284725733 
0.5497 -0.9151115077 -0.1529580285 1.545828655 2.270534994 -1.103533273 -0.5487425568 
0.5497 -0.9077750238 -0.1598028867 1.526231968 2.290004752 -1.106731152 -0.5691965496 
0.5497 -0.9001400787 -0.1669383058 1.506392648 2.309630482 -1.110104827 -0.5896469979 
0.5497 -0.8921573574 -0.1744846748 1.486170002 2.329597624 -1.113574727 -0.6102903203 
0.5497 -0.8837756239 -0.1823701685 1.465541966 2.349875051 -1.117336735 -0.6310323047 
0.5497 -0.8751108777 -0.1906586384 1.444733615 2.370348434 -1.121099477 -0.6517840736 
0.5497 -0.8659266325 -0.1994601259 1.423282633 2.391420855 -1.125134423 -0.6728896715 
0.5497 -0.8563743556 -0.2086829241 1.401567183 2.412766344 -1.129306695 -0.694003866 
0.4497 -0.9583077604 -0.04402008687 1.489968258 2.31744083 -1.186649364 -0.643215889 
0.4497 -0.9509136416 -0.05094730765 1.470107175 2.334640391 -1.190670652 -0.6620608824 
0.4497 -0.9432357856 -0.05815870656 1.449947387 2.352038171 -1.194849368 -0.6809689612 
0.4497 -0.9352033489 -0.06572623721 1.429330734 2.369779966 -1.199218979 -0.7000795538 
0.4497 -0.9266181187 -0.0736638683 1.408093973 2.38774115 -1.203760108 -0.7193097373 
0.4497 -0.918235729 -0.0818032885 1.387248738 2.405892268 -1.208419577 -0.7383930359 
0.4497 -0.9088886819 -0.0906296654 1.365218805 2.424568643 -1.213277688 -0.7579478814 
0.4497 -0.8998700846 -0.09937169242 1.343736733 2.443194205 -1.21829341 -0.7770542383 
0.4497 -0.8901443615 -0.1087566659 1.321477045 2.462306879 -1.223471591 -0.7964673859 
0.4497 -0.8800017375 -0.1186108485 1.298801625 2.481824553 -1.228826245 -0.8159948245 
0.3497 -0.9762168245 0.04729855412 1.393081332 2.393923058 -1.274451593 -0.7634460525 
0.3497 -0.9682377349 0.03989093218 1.372444856 2.409531565 -1.279524396 -0.7810270559 
0.3497 -0.9599263142 0.03216489795 1.351362254 2.4254418 -1.284797566 -0.7987691068 
0.3497 -0.9513863173 0.02421166476 1.330117078 2.44144911 -1.290199917 -0.8164260221 
0.3497 -0.9421568556 0.01569547786 1.307904567 2.457968045 -1.295889978 -0.8345312494 
0.3497 -0.9333213777 0.007319762714 1.286479746 2.474295998 -1.301556824 -0.8520024555 
0.3497 -0.9235016653 -0.001756721058 1.263702658 2.491225444 -1.307623999 -0.870050146 
0.3497 -0.9138574992 -0.01111376592 1.241362017 2.508351381 -1.313539276 -0.8878972151 
0.3497 -0.9036002426 -0.02089150633 1.218287389 2.525825946 -1.319794633 -0.9058760421 
0.3497 -0.8928770905 -0.03113867726 1.1946287 2.543790988 -1.326321835 -0.9240209704 
0.2497 -0.9850788185 0.1358941642 1.295287022 2.46235144 -1.361230424 -0.8700242763 
0.2497 -0.9766272299 0.1282877364 1.274076635 2.476461 -1.367264574 -0.8863465451 
0.2497 -0.9678652293 0.12044024 1.252426949 2.490826955 -1.37354265 -0.9027577305 
0.2497 -0.9588838984 0.1123778843 1.23061065 2.505292508 -1.379938532 -0.9190808466 
0.2497 -0.9493079767 0.104021777 1.207892115 2.520094483 -1.386800859 -0.9356281154 
0.2497 -0.9399953919 0.09544290198 1.185836508 2.534950738 -1.393360299 -0.9518328181 
0.2497 -0.9298092721 0.08643075347 1.162451479 2.550258311 -1.400518749 -0.9684315835 
0.2497 -0.9194554256 0.07709816643 1.139042676 2.565724956 -1.407618787 -0.984903867 
0.2497 -0.9091371685 0.06744379611 1.115853927 2.581513759 -1.414807456 -1.001235581 
0.2497 -0.8980477258 0.05730506697 1.091559326 2.597776726 -1.422412443 -1.017838898 
0.1497 -0.9871775102 0.2245911615 1.198940936 2.522912997 -1.447024947 -0.9628943958 
0.1497 -0.9783356807 0.2170677265 1.177238641 2.535637686 -1.453963321 -0.9780182397 
0.1497 -0.9692910063 0.2093605402 1.155367623 2.54844356 -1.461010498 -0.9930579193 
0.1497 -0.9596453812 0.2014324864 1.132568165 2.561451825 -1.468456505 -1.008280188 
0.1497 -0.9500938571 0.1932813046 1.110079654 2.574653805 -1.47594559 -1.023300309 
0.1497 -0.9404398027 0.1848493431 1.087580891 2.588044532 -1.483329382 -1.038237551 
0.1497 -0.9300210405 0.1762910131 1.063852463 2.601651346 -1.49143389 -1.053320614 
0.1497 -0.9194325034 0.1674327238 1.0400543 2.615428311 -1.499496334 -1.068295652 
0.1497 -0.9086953486 0.1579189581 1.016159157 2.629787052 -1.507580262 -1.083448354 
0.1497 -0.8974327476 0.1483289125 0.9915596824 2.644218965 -1.516078493 -1.098456076 
0.0497 -0.9841667352 0.3143944193 1.106295233 2.576549468 -1.530261174 -1.04291195 
0.0497 -0.9751233313 0.3072600581 1.084474412 2.587837105 -1.537885438 -1.056747654 
0.0497 -0.9659072921 0.3000326489 1.062498802 2.599164898 -1.545640804 -1.070452761 
0.0497 -0.9561671685 0.2928606363 1.039665478 2.610519109 -1.553892735 -1.084141945 
0.0497 -0.946430432 0.2852169469 1.016995122 2.622193255 -1.56209037 -1.097861805 
0.0497 -0.9365721825 0.2772787683 0.994202843 2.634144779 -1.570211958 -1.111567341 
0.0497 -0.9261257833 0.2695759179 0.9705061325 2.64593731 -1.579040832 -1.125077909 
0.0497 -0.9153645179 0.261329571 0.94643432 2.658075149 -1.587811136 -1.138778531 
0 -0.9532077047 0.3389531886 0.9957553641 2.63317728 -1.594671307 -1.117590843 
0 -0.9434704076 0.3318122838 0.9731495253 2.644003262 -1.603107724 -1.130547478 
0 -0.9333951508 0.3244843546 0.9500078616 2.655031246 -1.611822272 -1.14355181 
0 -0.9231074924 0.3170631464 0.9266295986 2.666116398 -1.620704114 -1.156420622 
0 -0.9124430057 0.3094327196 0.9026527838 2.677427684 -1.629892762 -1.16933644 
-0.0503 -0.9498390713 0.3872767873 0.9541065193 2.653836181 -1.634366364 -1.147482329 
-0.0503 -0.9403162827 0.3807706134 0.9319576316 2.663774265 -1.643041184 -1.159549014 
-0.0503 -0.9304409879 0.3736795132 0.9091775172 2.674252408 -1.651723523 -1.171989311 
-0.0503 -0.9201806413 0.3671065856 0.8858653844 2.684262505 -1.661008159 -1.183994586 
-0.0503 -0.9093818686 0.3600046664 0.861626461 2.694696612 -1.67056261 -1.196392856 
-0.0503 -0.8984745715 0.3530289844 0.837311223 2.705051807 -1.680314435 -1.208456344 
-0.0503 -0.8877709774 0.3456436083 0.8134588366 2.715847139 -1.689770329 -1.220358724 
-0.1503 -0.9700000885 0.5013676637 0.9437892706 2.667906768 -1.681549608 -1.16515269 
-0.1503 -0.9611852989 0.4957538507 0.9229003659 2.676433501 -1.689786215 -1.176297498 
-0.1503 -0.9517287453 0.4903741885 0.9008913413 2.68473764 -1.698709543 -1.187500046 
-0.1503 -0.9426076056 0.4846905325 0.8795495579 2.693371587 -1.707243444 -1.198489014 
-0.1503 -0.9334385379 0.4791125447 0.8581733208 2.702007775 -1.715902739 -1.209225807 
-0.1503 -0.9238140455 0.4731471359 0.8359930941 2.71089675 -1.724819994 -1.220303779 
-0.1503 -0.9139434384 0.4677218405 0.8134345963 2.719421863 -1.734207944 -1.230950943 
-0.1503 -0.9036102916 0.4620381139 0.7900863227 2.728020123 -1.74390659 -1.241845094 
-0.1503 -0.8931626947 0.4565133403 0.7665575634 2.736604947 -1.753812463 -1.252473058 
-0.1503 -0.8824239751 0.4509843498 0.7425251549 2.745199383 -1.764007272 -1.263055093 
-0.2503 -0.9619039932 0.5969332572 0.8801616644 2.71019764 -1.743902193 -1.208868554 
-0.2503 -0.9534586045 0.5920003422 0.8602507421 2.71776236 -1.751948342 -1.218840504 
-0.2503 -0.944906806 0.5871053241 0.8401847346 2.72534934 -1.760117517 -1.228690739 
-0.2503 -0.9362191953 0.5822275972 0.8199051689 2.732954832 -1.768429767 -1.238454242 
-0.2503 -0.9274979452 0.5774634455 0.7995958597 2.740583144 -1.776836876 -1.24798611 
-0.2503 -0.9183840738 0.5725217411 0.7785982361 2.748204062 -1.785533639 -1.257748887 
-0.2503 -0.9089051589 0.5679717066 0.7570429852 2.755558874 -1.794604545 -1.267299526 
-0.2503 -0.8993488659 0.5634865564 0.7353378566 2.762868169 -1.80383133 -1.27670968 
-0.2503 -0.8896738243 0.5590635419 0.7133739029 2.770181204 -1.813268482 -1.286005613 
-0.2503 -0.8798351893 0.5547032428 0.6910351151 2.777544646 -1.822975062 -1.295210614 
-0.2503 -0.8698968421 0.5504476263 0.6684877361 2.784827119 -1.83287674 -1.304263756 
