-0.4503 -0.8504170933 1.090595019 0.708017276 2.448521183 -1.954927674 -1.179890857 
-0.4503 -0.8578184334 1.086306436 0.7281934668 2.450426089 -1.945394757 -1.170476768 
-0.4503 -0.8656179251 1.08160623 0.748858649 2.45281651 -1.935475998 -1.161119738 
-0.4503 -0.872988129 1.078000032 0.7686434336 2.454134527 -1.92620876 -1.151842937 
-0.4503 -0.8802845236 1.074859935 0.7882707946 2.4549088 -1.917117425 -1.142547625 
-0.4503 -0.8874858012 1.072147516 0.8076580553 2.455246405 -1.908222755 -1.133257786 
-0.3503 -0.8309879423 0.9757211432 0.6597262364 2.428651869 -1.942049653 -1.199915146 
-0.3503 -0.8407602692 0.9672164535 0.6851626371 2.434997648 -1.928671822 -1.188967713 
-0.3503 -0.8502435255 0.9600364158 0.7098866721 2.439838799 -1.91590817 -1.178110085 
-0.3503 -0.8591645077 0.9544165345 0.7333413022 2.443070717 -1.904066053 -1.167684038 
-0.3503 -0.8683375503 0.9488527128 0.7570290108 2.446280132 -1.892094837 -1.157240772 
-0.3503 -0.8770782622 0.9444894248 0.7798500977 2.448158465 -1.880806478 -1.146918874 
-0.3503 -0.8856369342 0.9407929269 0.8022230337 2.449331453 -1.869872808 -1.136645498 
-0.3503 -0.8940331251 0.9376718928 0.8241999553 2.449899262 -1.859250947 -1.126296101 
-0.3503 -0.902280048 0.9350579317 0.8458199215 2.449937489 -1.848909066 -1.116041797 
-0.3503 -0.9103911951 0.9328891781 0.86711897 2.449513134 -1.838817484 -1.105793685 
-0.2503 -0.8523487546 0.813171036 0.7322062811 2.450172958 -1.856008627 -1.167402174 
-0.2503 -0.8626114529 0.8081685865 0.7584872612 2.452506384 -1.842681362 -1.155861746 
-0.2503 -0.8725795104 0.8040763616 0.7840389488 2.453855502 -1.829898443 -1.144532649 
-0.2503 -0.8822892653 0.8007430165 0.8089605116 2.454386707 -1.817583825 -1.133158452 
-0.2503 -0.891766635 0.7980563837 0.8333261669 2.454223566 -1.805680777 -1.121826886 
-0.2503 -0.9010325661 0.7959269847 0.857196054 2.453464048 -1.79414334 -1.110630773 
-0.2503 -0.9101064947 0.7942782805 0.8806228567 2.452190693 -1.782931139 -1.099444838 
-0.2503 -0.9190050087 0.7930471182 0.9036509287 2.450471072 -1.772010235 -1.088138101 
-0.2503 -0.9277390946 0.7921865222 0.926313451 2.448355948 -1.761355509 -1.076913426 
-0.2503 -0.9363209438 0.7916522021 0.9486426772 2.445892 -1.750942404 -1.065675165 
-0.1503 -0.8768975628 0.6550905741 0.8272472926 2.467653021 -1.753034412 -1.122502143 
-0.1503 -0.8872973434 0.6538770791 0.8534927949 2.465556832 -1.740439735 -1.110213266 
-0.1503 -0.8974320778 0.6531458111 0.8791437234 2.462927577 -1.728251399 -1.098056307 
-0.1503 -0.9073263148 0.6528227559 0.9042643923 2.45984386 -1.716423882 -1.085775324 
-0.1503 -0.9169975629 0.6528529715 0.9289036766 2.456364396 -1.704922868 -1.073484209 
-0.1503 -0.9264615337 0.653189971 0.9531041437 2.452538266 -1.693718581 -1.061212677 
-0.1503 -0.9357323512 0.653794238 0.9769030447 2.448406693 -1.68278507 -1.048935113 
-0.1503 -0.9448222184 0.654632761 1.000332391 2.4440038 -1.672100165 -1.036644191 
-0.1503 -0.9537418862 0.6556775482 1.023420099 2.439358202 -1.661644639 -1.024333791 
-0.1503 -0.9625008908 0.6569046859 1.046190685 2.434494045 -1.651401706 -1.011998761 
-0.0503 -0.9014583748 0.5108169328 0.9367662152 2.470114138 -1.640874876 -1.064801673 
-0.0503 -0.9118122276 0.5125661423 0.9626312417 2.464231538 -1.629178758 -1.05148858 
-0.0503 -0.921915964 0.5144986642 0.9880063335 2.458108351 -1.617786556 -1.038170527 
-0.0503 -0.9317859768 0.516586799 1.012931345 2.451772791 -1.606673355 -1.024840296 
-0.0503 -0.9414366933 0.5188074246 1.037440926 2.44524805 -1.595817639 -1.011491856 
-0.0503 -0.9508811799 0.5211407452 1.061565836 2.43855358 -1.585200422 -0.9980901786 
-0.0503 -0.9601305733 0.5235705584 1.08533244 2.431705034 -1.574805568 -0.9846569 
0 -0.9331222996 0.4495715564 1.045576695 2.449661049 -1.560514353 -1.00324385 
0 -0.9429231415 0.4525695668 1.070323535 2.441867213 -1.549786591 -0.9892653063 
0 -0.9525044207 0.4556174156 1.094681255 2.433954142 -1.539290035 -0.9752577528 
0 -0.9618779188 0.4587044169 1.118675686 2.425931391 -1.529009919 -0.9612177326 
0 -0.9710542152 0.4618214641 1.142329808 2.417806729 -1.518933189 -0.9471422484 
0.0497 -0.9439417357 0.3884629227 1.105613065 2.436583088 -1.502377896 -0.9641519533 
0.0497 -0.9536211867 0.3921661417 1.130111861 2.427433423 -1.492057226 -0.9495144706 
0.0497 -0.9630806111 0.395852165 1.154244992 2.41821604 -1.481945738 -0.9348448089 
0.0497 -0.9723495421 0.399635672 1.178285024 2.408870803 -1.471933702 -0.919899153 
0.0497 -0.9813821364 0.4031559327 1.201500153 2.399587356 -1.462305105 -0.9053983533 
0.0497 -0.9902430781 0.4067668125 1.224659703 2.39017881 -1.452756349 -0.890616976 
0.0497 -0.9989219152 0.4103465413 1.247529175 2.380708303 -1.443377246 -0.8757941673 
0.1497 -0.9321848757 0.2577529449 1.154358727 2.432808277 -1.41380772 -0.9225989659 
0.1497 -0.9422590209 0.2626885069 1.179366285 2.421097754 -1.403731608 -0.9066181009 
0.1497 -0.9520731789 0.2674951594 1.203980808 2.409400581 -1.393860532 -0.8906129169 
0.1497 -0.9616406306 0.2721775574 1.228224844 2.3977094 -1.384184491 -0.8745803729 
0.1497 -0.9709807136 0.2768762724 1.252317551 2.385931453 -1.374644202 -0.8582869627 
0.1497 -0.9800820309 0.2811855503 1.275680223 2.374317494 -1.365382632 -0.8424224944 
0.1497 -0.9889498573 0.2854758293 1.299022228 2.362595873 -1.356125018 -0.8262359199 
0.1497 -0.9976178117 0.289667104 1.322033365 2.350853008 -1.347065895 -0.8100269122 
0.2497 -0.9250490947 0.1345992975 1.231996804 2.412543489 -1.309977743 -0.8559472932 
0.2497 -0.935198062 0.1403980476 1.2569095 2.398112906 -1.300463284 -0.8384270096 
0.2497 -0.945057135 0.1459683733 1.281424895 2.383760449 -1.291142705 -0.8208890233 
0.2497 -0.9546407421 0.151322381 1.305563227 2.369470077 -1.28200862 -0.803329936 
0.2497 -0.9639121606 0.1564470522 1.32952017 2.355181435 -1.272876786 -0.7855971987 
0.2497 -0.9729937882 0.1614044888 1.352906374 2.340982938 -1.264145791 -0.7680262045 
0.2497 -0.9818400828 0.166174555 1.375954972 2.326811548 -1.255593003 -0.7504376914 
0.2497 -0.9904602835 0.1707636696 1.398681668 2.312655948 -1.247210724 -0.7328282932 
0.2497 -0.9987923685 0.1749350157 1.421159096 2.298551998 -1.238726687 -0.7152638788 
0.3497 -0.9212962767 0.02008994738 1.336763601 2.367095532 -1.192669459 -0.7586225731 
0.3497 -0.9311104523 0.02604971333 1.36098373 2.349903002 -1.183970912 -0.7393274215 
0.3497 -0.9406130581 0.03169768698 1.384809325 2.332820743 -1.175446418 -0.7200321357 
0.3497 -0.949817886 0.03704990234 1.408260151 2.315825497 -1.167088283 -0.7007291305 
0.3497 -0.9593342266 0.04244232852 1.432674239 2.297887855 -1.158499661 -0.6803235726 
0.3497 -0.967963838 0.0472269534 1.455406569 2.281009262 -1.150463031 -0.6609857731 
0.3497 -0.9763280346 0.05175245322 1.477812296 2.264157214 -1.142573197 -0.6416195649 
0.3497 -0.9844347152 0.0560275587 1.499903869 2.247314503 -1.134824896 -0.6222187078 
0.3497 -0.9922907058 0.06005972592 1.521692344 2.230464881 -1.127213394 -0.602777194 
0.3497 -0.9999821636 0.06387948064 1.543049432 2.213674881 -1.119884751 -0.5834670697 
0.4497 -0.9179983897 -0.08891462559 1.465990278 2.285895391 -1.063027213 -0.6219947215 
0.4497 -0.9269546828 -0.08377463568 1.488877914 2.26580026 -1.05531715 -0.6006427761 
0.4497 -0.9355875997 -0.07899413491 1.511375273 2.245794213 -1.047765297 -0.5792970719 
0.4497 -0.9439104731 -0.07455763684 1.533494557 2.225853612 -1.040368875 -0.557952167 
0.4497 -0.9519351978 -0.07045171229 1.555246499 2.205956939 -1.033125363 -0.5366032505 
0.4497 -0.9596724038 -0.06666471879 1.576640529 2.186084514 -1.026032479 -0.5152460665 
0.4497 -0.9671316045 -0.06318657339 1.597684908 2.166218261 -1.019088162 -0.4938768539 
0.4497 -0.9744054906 -0.05998507025 1.618284922 2.146426974 -1.012411651 -0.4726609988 
0.4497 -0.9812491873 -0.05712317645 1.638752594 2.126438818 -1.005637984 -0.4510894598 
0.4497 -0.9879220476 -0.0545239753 1.658787558 2.106495867 -0.9991289562 -0.4296657907 
0.4497 -0.9943460314 -0.05220546385 1.678496353 2.086499305 -0.9927621306 -0.4082190469 
0.4497 -1.000526625 -0.05016298992 1.697882883 2.066436673 -0.9865363146 -0.3867472866 
0.5497 -0.9145700905 -0.1990350594 1.63077116 2.135206866 -0.9162575783 -0.4134059309 
0.5497 -0.92172319 -0.1962359208 1.651175669 2.11169165 -0.9097741702 -0.389546048 
0.5497 -0.9285522522 -0.193819471 1.671177609 2.088182347 -0.9034370706 -0.36568631 
0.5497 -0.9350669205 -0.1917752091 1.690783131 2.064658923 -0.8972448629 -0.3418216756 
0.5497 -0.9412757893 -0.1900940266 1.70999742 2.041103032 -0.8911962532 -0.317947654 
0.5497 -0.9471865241 -0.1887680278 1.728824799 2.017497832 -0.8852900612 -0.2940602374 
0.5497 -0.9528059648 -0.1877903729 1.74726882 1.993827834 -0.8795252109 -0.2701558422 
0.5497 -0.9581402152 -0.187155142 1.765332348 1.970078773 -0.8739007235 -0.2462312577 
0.5497 -0.9631947218 -0.186857215 1.783017629 1.946237494 -0.8684157098 -0.2222836 
0.5497 -0.9679743432 -0.1868921668 1.800326358 1.922291866 -0.8630693633 -0.198310272 
0.5497 -0.9724834116 -0.1872561711 1.817259741 1.898230704 -0.8578609557 -0.1743089254 
0.5497 -0.9767257875 -0.1879459165 1.833818546 1.874043702 -0.8527898316 -0.1502774296 
0.6497 -0.8811526303 -0.337835837 1.775849403 1.934870707 -0.7637953666 -0.1556634308 
0.6497 -0.8858926774 -0.3385322401 1.792911404 1.906522729 -0.7583247494 -0.1282809786 
0.6497 -0.8902826763 -0.3396539201 1.809505084 1.878089862 -0.7529897672 -0.1008697227 
0.6497 -0.89432993 -0.3411925684 1.825632707 1.849555998 -0.747789766 -0.07342319006 
0.6497 -0.8980410161 -0.3431405913 1.841295986 1.820906623 -0.7427242388 -0.04593530771 
0.6497 -0.9014218842 -0.3454909623 1.856496176 1.792128715 -0.7377928399 -0.01840034762 
0.6497 -0.9044779425 -0.3482370886 1.871234146 1.763210652 -0.7329954002 0.009187119192 
0.6497 -0.9072141356 -0.351372689 1.885510463 1.734142143 -0.7283319439 0.03683226057 
0.6497 -0.9096350174 -0.3548916802 1.899325457 1.704914178 -0.7238027106 0.06454000781 
0.6497 -0.9117448143 -0.3587880713 1.912679295 1.675518993 -0.719408178 0.09231507506 
0.6497 -0.9135474865 -0.3630558635 1.92557204 1.645950047 -0.7151490886 0.1201619675 
0.6497 -0.915046784 -0.3676889549 1.938003721 1.616202015 -0.7110264806 0.1480849798 
0.6497 -0.9162462978 -0.3726810517 1.949974393 1.58627079 -0.7070417181 0.1760881887 
0.6497 -0.9171495107 -0.3780255792 1.961484203 1.556153501 -0.703196529 0.2041754299 
0.6497 -0.9177598421 -0.383715601 1.972533453 1.525848532 -0.6994930409 0.2323502714 
0.6497 -0.918080692 -0.3897437389 1.983122664 1.495355565 -0.6959338219 0.2606159725 
0.6497 -0.9181154802 -0.3961020981 1.993252642 1.464675617 -0.6925219207 0.2889754336 
0.6497 -0.9178676846 -0.4027821972 2.00292455 1.433811096 -0.6892609103 0.3174311367 
0.6497 -0.917340876 -0.4097749012 2.012139969 1.402765857 -0.6861549301 0.3459850743 
0.6497 -0.9165387481 -0.4170703631 2.020900975 1.371545269 -0.6832087285 0.374638668 
0.6497 -0.9154651441 -0.4246579745 2.02921021 1.340156277 -0.6804276993 0.4033926828 
0.6497 -0.9141240788 -0.4325263199 2.037070949 1.308607478 -0.6778179229 0.4322471267 
0.6497 -0.9125197546 -0.44066315 2.04448718 1.276909179 -0.6753861924 0.461201152 
0.6497 -0.9106565708 -0.4490553609 2.051463668 1.24507347 -0.6731400416 0.4902529472 
0.6497 -0.908539128 -0.4576889933 2.058006026 1.213114268 -0.6710877597 0.5193996312 
0.6497 -0.9061722194 -0.4665492489 2.064120777 1.18104737 -0.6692383961 0.5486371512 
0.6497 -0.9035608178 -0.4756205237 2.069815409 1.148890474 -0.6676017549 0.5779601842 
0.6497 -0.9007100497 -0.4848864674 2.075098425 1.116663187 -0.6661883732 0.6073620558 
0.6497 -0.8976251573 -0.4943300638 2.079979375 1.084387003 -0.6650094839 0.6368346716 
0.6497 -0.8943114553 -0.5039337336 2.084468878 1.052085263 -0.664076965 0.666368468 
0.6497 -0.890774267 -0.5136794684 2.088578624 1.019783067 -0.6634032654 0.6959524004 
0.6497 -0.8870188579 -0.5235489799 2.092321357 0.9875071602 -0.663001321 0.7255739511 
0.6497 -0.883050355 -0.5335238786 2.095710838 0.9552857806 -0.6628844479 0.7552191803 
0.6497 -0.8788736571 -0.5435858666 2.098761782 0.9231484687 -0.6630662256 0.7848728139 
0.6497 -0.8744933386 -0.553716947 2.10148977 0.8911258419 -0.6635603662 0.814518371 
0.6497 -0.8699135494 -0.563899644 2.103911147 0.8592493354 -0.6643805736 0.844138331 
0.6497 -0.8651379123 -0.5741172211 2.106042883 0.8275509231 -0.665540403 0.8737143356 
0.6497 -0.8601694196 -0.5843539021 2.107902429 0.7960628119 -0.6670531141 0.9032274284 
0.6497 -0.8550103364 -0.5945950763 2.109507551 0.7648171298 -0.6689315367 0.9326583174 
0.6497 -0.8496621086 -0.6048274866 2.110876153 0.7338456156 -0.6711879403 0.9619876557 
0.6497 -0.8441252835 -0.6150393947 2.112026099 0.7031793148 -0.6738339233 0.9911963336 
0.6497 -0.838399439 -0.6252207155 2.112975031 0.6728482975 -0.6768803178 1.020265771 
0.6497 -0.8324831283 -0.6353631196 2.113740194 0.6428814047 -0.6803371169 1.049178198 
0.6497 -0.8261903572 -0.6458386874 2.114182647 0.6128289037 -0.6839867025 1.078401904 
0.6497 -0.820067967 -0.6555069938 2.114785276 0.5841479551 -0.6885174513 1.106466566 
0.6497 -0.8135108252 -0.6655051282 2.115090762 0.5554140973 -0.693274846 1.134867056 
0.6497 -0.8067484127 -0.6754477253 2.115275556 0.5271486932 -0.6984754703 1.163047179 
0.6497 -0.799776246 -0.685335575 2.115353117 0.4993724638 -0.7041235993 1.190994297 
0.6497 -0.7925893478 -0.6951712374 2.115335787 0.4721039565 -0.7102222459 1.218697498 
0.5497 -0.8879916496 -0.555497089 2.19223651 0.4930807213 -0.8035912227 1.105290524 
0.5497 -0.8807989256 -0.5662685968 2.191769344 0.4664628795 -0.8088538785 1.130436755 
0.5497 -0.8734074057 -0.577030743 2.191157131 0.4402092467 -0.8144895329 1.155444878 
0.5497 -0.8658164837 -0.5877832312 2.190409609 0.4143367769 -0.8205011752 1.180304425 
0.5497 -0.8580255094 -0.5985269915 2.18953587 0.3888609078 -0.8268907369 1.205005847 
0.5497 -0.850033811 -0.6092641413 2.188544315 0.3637954976 -0.833659099 1.229540638 
0.5497 -0.8419870814 -0.620000975 2.187450683 0.3391541329 -0.8407169139 1.253792752 
0.5497 -0.8330907241 -0.6307224176 2.186220737 0.3149524139 -0.8485521325 1.278335904 
0.5497 -0.8242247598 -0.6414510752 2.184910437 0.2912130799 -0.8566280459 1.302506765 
0.5497 -0.8150821569 -0.6521857017 2.183509848 0.2679474713 -0.8651307192 1.326523994 
0.4497 -0.8909027251 -0.5330182083 2.248989113 0.2696024223 -0.9336008886 1.231556269 
0.4497 -0.8819004458 -0.5446569089 2.246732211 0.2459882088 -0.9411884907 1.253798238 
0.4497 -0.8726499477 -0.5562969332 2.244354818 0.2227815203 -0.949162214 1.27592895 
0.4497 -0.863142993 -0.5679407632 2.24186304 0.1999971222 -0.957528165 1.297945137 
0.4497 -0.8536126823 -0.5796058601 2.23927034 0.1776085673 -0.9661131891 1.319717644 
0.4497 -0.8433240661 -0.5912534234 2.236558848 0.1557522099 -0.9754600884 1.341624764 
0.4497 -0.8330825006 -0.6028676342 2.233780209 0.1344239273 -0.9849132902 1.363154705 
0.4497 -0.8223670018 -0.6146289105 2.230861072 0.1133641156 -0.9950290852 1.384827225 
0.4497 -0.8114353667 -0.6263536718 2.227876082 0.09289980134 -1.005440825 1.406250313 
0.4497 -0.8001865551 -0.6381114842 2.224805913 0.07293950005 -1.016277628 1.427556956 
0.4497 -0.7886939878 -0.649861986 2.221668442 0.05355423407 -1.027418137 1.448652312 
0.3497 -0.8538194337 -0.5439646207 2.276012777 0.03892891059 -1.075766271 1.359133744 
0.3497 -0.8427275774 -0.5564414631 2.271774948 0.0185489316 -1.085905903 1.378844125 
0.3497 -0.8313780806 -0.5689130126 2.267443688 -0.001334476216 -1.096409578 1.398422439 
0.3497 -0.8197796891 -0.5813780437 2.263024478 -0.02070666804 -1.107252897 1.417856832 
0.3497 -0.8079435656 -0.5938367148 2.25852126 -0.03955910414 -1.118406048 1.437138241 
0.3497 -0.7957512581 -0.6063450717 2.253921751 -0.05792525084 -1.130042269 1.456362141 
0.3497 -0.7832471272 -0.6188841036 2.249238009 -0.07576750009 -1.142081201 1.475482942 
0.3497 -0.7704207128 -0.6314610942 2.244473407 -0.09307377381 -1.154526647 1.494504508 
0.3497 -0.7572611264 -0.6440838199 2.239631276 -0.1098318035 -1.167382411 1.513431675 
0.3497 -0.7437570228 -0.6567605536 2.234714955 -0.1260290423 -1.180652335 1.532270301 
0.2497 -0.804388456 -0.5575972297 2.279470848 -0.1549101043 -1.209974997 1.443272396 
0.2497 -0.7919899899 -0.5705195436 2.273415409 -0.1723738767 -1.221548864 1.460584772 
0.2497 -0.7793307445 -0.5834428651 2.267276015 -0.1893246558 -1.233474142 1.477788396 
0.2497 -0.7664034009 -0.5963740199 2.261055728 -0.2057534419 -1.245752394 1.49488589 
0.2497 -0.7532003868 -0.6093202643 2.254757586 -0.2216511616 -1.258385163 1.511880668 
0.2497 -0.7397138468 -0.6222892922 2.248384634 -0.2370085953 -1.271374013 1.528776973 
0.2497 -0.7259356114 -0.6352892479 2.241939967 -0.2518163003 -1.284720589 1.545579909 
0.2497 -0.7118571485 -0.6483287478 2.235426759 -0.2660645261 -1.298426669 1.562295484 
0.2497 -0.6974695185 -0.6614169041 2.228848309 -0.2797431216 -1.312494228 1.57893066 
0.1497 -0.7582024594 -0.5638225201 2.266227596 -0.3209954103 -1.321592973 1.488689779 
0.1497 -0.7455844948 -0.5766717436 2.258562936 -0.3362868171 -1.333300401 1.503819361 
0.1497 -0.7327639304 -0.5895015968 2.250828753 -0.3510781406 -1.345284746 1.518835498 
0.1497 -0.7197362144 -0.602319477 2.243027612 -0.365364795 -1.357545038 1.533741276 
0.1497 -0.7068631766 -0.6151476396 2.235176293 -0.3793165552 -1.369771446 1.548535339 
0.1497 -0.6930400741 -0.6279506431 2.227234914 -0.3924050459 -1.382890322 1.563237235 
0.1497 -0.6796890266 -0.6408593283 2.219206298 -0.4053951462 -1.395638125 1.577848872 
0.1497 -0.6654612881 -0.653758962 2.211103169 -0.4175287841 -1.409213532 1.592491393 
0.1497 -0.6511794066 -0.6666803738 2.203019191 -0.4291099612 -1.423054146 1.606930753 
0.1497 -0.6360606797 -0.680204338 2.194477216 -0.4408720149 -1.437727372 1.621966948 
0.0497 -0.7049457166 -0.5787531285 2.225617015 -0.4966381762 -1.418859524 1.52921152 
0.0497 -0.6931678054 -0.5907980342 2.21653578 -0.5098550413 -1.429550921 1.542199735 
0.0497 -0.6812800329 -0.6027947736 2.207406139 -0.522637763 -1.440405194 1.555067915 
0.0497 -0.669280821 -0.6147514211 2.198228809 -0.5349891204 -1.451418497 1.567820294 
0.0497 -0.6574648843 -0.6266791274 2.189023576 -0.5470581632 -1.462347594 1.580492533 
0.0497 -0.644938472 -0.6385774584 2.17973478 -0.5584051251 -1.473912465 1.592995264 
0.0497 -0.6326978114 -0.650469888 2.170444969 -0.5694964974 -1.4853382 1.605430525 
0.0497 -0.6202921635 -0.6623569194 2.161113315 -0.5801338498 -1.496955766 1.617762943 
0 -0.654192876 -0.6143201438 2.170493009 -0.6191898582 -1.480012589 1.578232924 
0 -0.643203132 -0.6254745524 2.160772504 -0.6305863992 -1.489931857 1.589935217 
0 -0.632106104 -0.6365893015 2.151014947 -0.6415854811 -1.499985835 1.601521867 
0 -0.6209007966 -0.6476713201 2.141222125 -0.6521884153 -1.510171366 1.612995402 
0 -0.6095860713 -0.6587276948 2.131395874 -0.6623963378 -1.520485586 1.624358615 
-0.0503 -0.6480257332 -0.6068282329 2.140764684 -0.704437563 -1.494474647 1.585684591 
-0.0503 -0.6383075441 -0.6169873822 2.130648843 -0.7155407724 -1.502901599 1.59658817 
-0.0503 -0.6285361311 -0.6270836921 2.120506299 -0.7263090493 -1.511401819 1.60737476 
-0.0503 -0.6189314761 -0.6371156829 2.110358576 -0.7368571175 -1.519806408 1.618097286 
-0.0503 -0.6093150501 -0.6470928369 2.100190638 -0.747101176 -1.528248499 1.628717226 
-0.0503 -0.5996797414 -0.6570204541 2.090003246 -0.7570415259 -1.536730678 1.639235032 
-0.0503 -0.5900184902 -0.6669039551 2.079797197 -0.7666781999 -1.545255514 1.649651195 
-0.1503 -0.6847598875 -0.5455240523 2.110511703 -0.8443971345 -1.464471447 1.572506596 
-0.1503 -0.6784733639 -0.5534821113 2.100114527 -0.8564848553 -1.469100741 1.582988749 
-0.1503 -0.6722216194 -0.5613146048 2.089713631 -0.868350178 -1.473720074 1.593373123 
-0.1503 -0.666000497 -0.5690245863 2.07930948 -0.8799964801 -1.478328883 1.603658858 
-0.1503 -0.6598061311 -0.5766150235 2.068902576 -0.8914270964 -1.482926378 1.613845156 
-0.1503 -0.6536349555 -0.5840887941 2.058493464 -0.9026453352 -1.487511551 1.623931289 
-0.1503 -0.6477141815 -0.5913534417 2.048163878 -0.9137248324 -1.491902147 1.633916107 
-0.1503 -0.6418534932 -0.5985124456 2.037830833 -0.9246303616 -1.496251347 1.643829006 
-0.1503 -0.6360516174 -0.6055701994 2.027493563 -0.9353673951 -1.500558631 1.653672973 
-0.1503 -0.6303070455 -0.6125310902 2.017151274 -0.9459410722 -1.504823843 1.663450906 
-0.1503 -0.6246180311 -0.619399511 2.006803133 -0.9563561936 -1.509047187 1.673165596 
-0.1503 -0.6189825859 -0.6261798739 1.996448278 -0.9666172149 -1.513229222 1.682819724 
-0.1503 -0.6133984745 -0.6328766237 1.986085816 -0.9767282395 -1.517370854 1.692415851 
-0.1503 -0.6078632115 -0.6394942509 1.97571482 -0.986693013 -1.521473337 1.701956412 
-0.1503 -0.6023740584 -0.6460373055 1.965334334 -0.9965149156 -1.525538259 1.711443711 
-0.1503 -0.5969280187 -0.6525104112 1.95494337 -1.006196955 -1.529567548 1.720879912 
-0.1503 -0.5922471554 -0.6585362241 1.944820135 -1.016014675 -1.532968263 1.730244366 
-0.1503 -0.5868610938 -0.6645691855 1.934602445 -1.025301054 -1.536796768 1.739257882 
-0.1503 -0.5814786336 -0.6709112692 1.924135225 -1.034582884 -1.540779754 1.748588826 
-0.1503 -0.5765095995 -0.6768298821 1.913904167 -1.043828126 -1.544340166 1.757700161 
-0.1503 -0.5716349858 -0.6826403874 1.903694506 -1.052975429 -1.547806315 1.766751953 
-0.1503 -0.5668573276 -0.6883421317 1.893507611 -1.062031093 -1.551174737 1.775745988 
-0.1503 -0.5621792446 -0.6939342574 1.88334487 -1.071001462 -1.554441953 1.784684071 
-0.1503 -0.5576034449 -0.6994156996 1.873207697 -1.079892929 -1.557604463 1.793568028 
-0.1503 -0.5537086098 -0.7045114488 1.863278632 -1.088990838 -1.560211795 1.802456662 
-0.1503 -0.5487700018 -0.7100412009 1.853015826 -1.097465033 -1.563601223 1.811180993 
-0.1503 -0.5451371524 -0.7148001947 1.843205784 -1.106446838 -1.565900875 1.819901872 
-0.1503 -0.5403806484 -0.7202057333 1.832943815 -1.114799887 -1.569136356 1.828600065 
-0.1503 -0.5363603784 -0.7251100908 1.822956582 -1.123395112 -1.571721655 1.837241798 
-0.1503 -0.5324608183 -0.7298926665 1.813003971 -1.131951346 -1.574180447 1.845841037 
-0.1503 -0.528685456 -0.7345507623 1.803087611 -1.140475585 -1.576508908 1.854399882 
-0.1503 -0.5250379146 -0.7390814187 1.79320917 -1.148974952 -1.578703144 1.862920495 
-0.1503 -0.521521955 -0.7434814077 1.783370361 -1.157456703 -1.580759189 1.871405105 
-0.1503 -0.5185291698 -0.7476715347 1.773615839 -1.166169181 -1.582460993 1.880027804 
-0.1503 -0.5155730652 -0.751413202 1.764080214 -1.174759089 -1.583852253 1.888278706 
-0.1503 -0.5118033568 -0.7558609184 1.754109615 -1.18287103 -1.586057358 1.896666415 
-0.1503 -0.5089809866 -0.7596735635 1.744461322 -1.191438262 -1.587452003 1.905088118 
-0.1503 -0.5062758837 -0.7633414151 1.734858059 -1.20000499 -1.588707328 1.913470944 
-0.1503 -0.5036953935 -0.7668594815 1.725302236 -1.208580723 -1.589816982 1.921818651 
-0.1503 -0.5012470194 -0.7702224125 1.715796331 -1.217175215 -1.590774592 1.930135148 
-0.1503 -0.4989384165 -0.7734244982 1.706342893 -1.225798458 -1.591573776 1.938424509 
-0.1503 -0.4967773895 -0.7764596659 1.696944548 -1.234460689 -1.592208144 1.946690978 
-0.1503 -0.4947718839 -0.7793214821 1.687604006 -1.243172388 -1.592671312 1.954938982 
-0.1503 -0.4929299724 -0.7820031598 1.678324062 -1.251944273 -1.59295692 1.963173135 
-0.1503 -0.4912598456 -0.7844975619 1.669107607 -1.260787294 -1.593058647 1.971398252 
-0.1503 -0.4897697917 -0.7867972154 1.659957628 -1.269712621 -1.592970232 1.979619356 
-0.1503 -0.4886748139 -0.7887362091 1.650780405 -1.278909064 -1.592464447 1.987977743 
-0.1503 -0.4877506064 -0.7904952356 1.641701885 -1.288189149 -1.591803493 1.996326018 
-0.1503 -0.4867582996 -0.7923663892 1.632968694 -1.297298286 -1.59136425 2.004455987 
-0.1503 -0.4861780023 -0.7937747016 1.624127568 -1.306742017 -1.590407332 2.012768745 
-0.1503 -0.4858233333 -0.7949444095 1.615369873 -1.316329835 -1.589230512 2.021108585 
-0.1503 -0.4857025143 -0.7958665057 1.606699306 -1.326073771 -1.587828721 2.029481967 
-0.1503 -0.485826164 -0.7965300255 1.598121113 -1.335987642 -1.586195304 2.037800565 
-0.1503 -0.4863583776 -0.7967191864 1.589459017 -1.346279519 -1.584083082 2.046519789 
-0.1503 -0.4869121977 -0.7969385194 1.581151539 -1.35647555 -1.582093573 2.054963346 
-0.1503 -0.4877164358 -0.7968960005 1.572967043 -1.366851162 -1.579883628 2.063448623 
-0.1503 -0.4885795068 -0.796605581 1.564825582 -1.377339598 -1.577500048 2.071886041 
-0.1503 -0.4897440834 -0.7959982656 1.556789191 -1.388068128 -1.574843582 2.080415494 
-0.1503 -0.4916550831 -0.7949190577 1.548906024 -1.399364457 -1.571731044 2.089281606 
-0.1503 -0.4936880501 -0.7933692694 1.540920302 -1.410794485 -1.568202884 2.09832217 
-0.1503 -0.4958392104 -0.7917174023 1.53320572 -1.422351075 -1.564686488 2.107235091 
-0.1503 -0.498258185 -0.7897451347 1.525619166 -1.434151625 -1.56093328 2.116238516 
-0.1503 -0.5009460493 -0.7874473919 1.51816538 -1.446202888 -1.556945512 2.125338752 
-0.1503 -0.5034223303 -0.7851302628 1.51094737 -1.458145869 -1.553063186 2.134138878 
-0.1503 -0.5068555557 -0.7820372588 1.503732894 -1.470871448 -1.548468874 2.143620454 
-0.1503 -0.5106221022 -0.7785622311 1.496648695 -1.483917099 -1.543610584 2.153281687 
-0.1503 -0.5143805048 -0.7749278746 1.489774134 -1.497023127 -1.53872487 2.162829602 
-0.1503 -0.5184010565 -0.7709552543 1.483056423 -1.510401404 -1.533629318 2.172503434 
-0.1503 -0.5226798133 -0.7666447244 1.476500294 -1.524053423 -1.528331594 2.182308157 
-0.1503 -0.5272119553 -0.7619976934 1.470110389 -1.537979655 -1.522840228 2.192248338 
-0.1503 -0.5319918125 -0.7570166312 1.463891239 -1.552179538 -1.51716456 2.202328099 
-0.1503 0.2246335769 -1.604257469 1.467786321 -0.7069428321 -2.278585565 2.237905542 
-0.1503 0.2184994971 -1.602017087 1.457408116 -0.7216370377 -2.269204092 2.236686821 
-0.1503 0.2127411239 -1.600155339 1.447285797 -0.7356814191 -2.260206397 2.235922756 
-0.1503 0.2073501236 -1.598668992 1.437407265 -0.7491028391 -2.251584681 2.235575948 
-0.1503 0.2023177945 -1.597554129 1.427761464 -0.7619266219 -2.243330444 2.235611639 
-0.1503 0.1977662059 -1.596839233 1.418249136 -0.7739709812 -2.235402038 2.236112729 
-0.1503 0.1933040063 -1.596494468 1.408939945 -0.7856853225 -2.227851917 2.236976423 
-0.1503 0.189184593 -1.596237391 1.400062825 -0.7971707389 -2.220608568 2.237692171 
-0.1503 0.1854726941 -1.59652354 1.391242531 -0.807858779 -2.213712842 2.238956478 
-0.1503 0.1822087655 -1.597372556 1.382698758 -0.8178803455 -2.207233337 2.240474089 
-0.1503 0.1791284029 -1.598371746 1.374265244 -0.8275834775 -2.200974938 2.242201511 
-0.1503 0.1762185181 -1.599506692 1.365935005 -0.8369892662 -2.194925478 2.244122419 
-0.1503 0.1737761242 -1.601320805 1.357723594 -0.8455745273 -2.189251086 2.246458334 
-0.1503 0.1716808996 -1.603268689 1.349916951 -0.8539265476 -2.183847721 2.248575219 
-0.1503 0.1696034285 -1.605581392 1.342260945 -0.8620517317 -2.178770275 2.250922773 
-0.1503 0.1679432192 -1.608175186 1.334630892 -0.8695612775 -2.173849533 2.253516371 
-0.1503 0.1665044839 -1.611048836 1.327167127 -0.8767274066 -2.169168285 2.256212747 
-0.1503 0.165278 -1.614196129 1.319866132 -0.8835620819 -2.16471661 2.259000993 
-0.1503 0.1642546159 -1.617610702 1.312724617 -0.8900769152 -2.160484674 2.261871066 
-0.1503 0.1634252803 -1.621286081 1.305739496 -0.8962831721 -2.156462766 2.264813736 
-0.1503 0.1627810694 -1.625215713 1.29890787 -0.9021917757 -2.152641334 2.267820532 
-0.1503 0.1623132099 -1.629392996 1.292227014 -0.9078133105 -2.149011009 2.270883698 
-0.1503 0.1620130984 -1.633811311 1.285694357 -0.9131580275 -2.145562626 2.27399614 
-0.1503 0.1618723191 -1.638464039 1.279307469 -0.9182358476 -2.14228725 2.277151388 
-0.1503 0.1618826568 -1.643344591 1.273064047 -0.9230563672 -2.139176185 2.280343549 
-0.1503 0.1624376426 -1.648889093 1.267099611 -0.9270532696 -2.136527009 2.283745054 
-0.1503 0.1630678925 -1.654546908 1.261235352 -0.9309104678 -2.133935668 2.287019617 
-0.1503 0.1630930648 -1.659341589 1.255032001 -0.935650358 -2.130597017 2.290213648 
-0.1503 0.1637759689 -1.665082061 1.249303482 -0.9393756889 -2.128001779 2.293531989 
-0.1503 0.1645875748 -1.671016909 1.243714289 -0.942877613 -2.12552671 2.296857733 
-0.1503 0.1655216464 -1.677140499 1.2382635 -0.9461634197 -2.123164998 2.30018741 
-0.1503 0.1665721928 -1.683447322 1.232950264 -0.9492401055 -2.120910112 2.303517896 
-0.1503 0.168203113 -1.69063121 1.228094844 -0.9513941968 -2.119318251 2.306934581 
-0.1503 0.1692585448 -1.696976814 1.222911808 -0.9543945299 -2.117006349 2.310277564 
-0.1503 0.1703663386 -1.703413967 1.217828269 -0.9572812697 -2.114725191 2.31348767 
-0.1503 0.1718722482 -1.710470416 1.213077454 -0.9595098227 -2.112885849 2.316883266 
-0.1503 0.1738681595 -1.718470446 1.208430689 -0.9613236147 -2.111304159 2.320294363 
-0.1503 0.1755351845 -1.725792541 1.20393334 -0.9632319609 -2.109569448 2.323632302 
-0.1503 0.1772778839 -1.733241053 1.199559322 -0.9649874138 -2.107882628 2.32694071 
-0.1503 0.1790944063 -1.740814662 1.195310321 -0.9665919787 -2.106242163 2.330113952 
-0.1503 0.1809789167 -1.748504921 1.191183053 -0.9680536036 -2.104639951 2.333357094 
-0.1503 0.1829284164 -1.756308089 1.187177389 -0.9693761445 -2.103072385 2.336680789 
-0.1503 0.1849430592 -1.764225826 1.183296955 -0.9705588439 -2.101540959 2.339863648 
-0.1503 0.1870188278 -1.772252291 1.179540091 -0.971607188 -2.100040264 2.343013766 
-0.1503 0.1891532806 -1.780384243 1.175906897 -0.9725244007 -2.098567391 2.34613077 
-0.1503 0.1913617127 -1.788686094 1.17250889 -0.9733050299 -2.097226102 2.349296476 
-0.1503 0.1936494051 -1.797124801 1.169251189 -0.9739199086 -2.095933626 2.352264298 
-0.1503 0.1960098355 -1.805689907 1.166129289 -0.9743785025 -2.094680682 2.355308317 
-0.1503 0.198441198 -1.814379225 1.163144575 -0.9746833117 -2.093465729 2.358336911 
-0.1503 0.2009407131 -1.823188625 1.160296974 -0.9748383813 -2.092285518 2.361350037 
-0.1503 0.2035057562 -1.832114075 1.157586416 -0.9748476113 -2.091136973 2.364347765 
-0.1503 0.2061338503 -1.841151626 1.155012835 -0.9747147657 -2.090017178 2.367330269 
-0.1503 0.2088226596 -1.850297415 1.152576164 -0.9744434815 -2.08892337 2.37029782 
-0.1503 0.2115689282 -1.859545713 1.150274845 -0.9740388693 -2.08785114 2.373343247 
-0.1503 0.2143737421 -1.868898627 1.148113262 -0.9734995633 -2.08680338 2.376189597 
-0.1503 0.2170705533 -1.878112931 1.146123666 -0.9731578581 -2.08569692 2.37893671 
-0.1503 0.2198341861 -1.887445857 1.144275879 -0.9726639058 -2.084623755 2.38167889 
-0.1503 0.2226622338 -1.896893081 1.142569577 -0.9720217372 -2.083581082 2.3844167 
-0.1503 0.2254683555 -1.906445858 1.14071046 -0.9711766491 -2.08243991 2.387421683 
-0.1503 0.2284133205 -1.916108114 1.139270975 -0.9702483914 -2.081444015 2.390165233 
-0.1503 0.2314234308 -1.92587269 1.137996724 -0.9691880726 -2.080481669 2.392883899 
-0.1503 0.2345749684 -1.935741219 1.137152498 -0.9680476394 -2.079663984 2.395338444 
-0.1503 0.2376934383 -1.945697773 1.136148484 -0.9667210707 -2.078736363 2.398065704 
-0.1503 0.240864474 -1.955744256 1.135283812 -0.9652682946 -2.077825099 2.400793598 
-0.1503 0.2440864826 -1.965876838 1.134558069 -0.963692675 -2.076928216 2.403523175 
-0.1503 0.2471705264 -1.975715862 1.134037174 -0.9624608843 -2.075904336 2.405949165 
-0.1503 0.2502199026 -1.985644258 1.133361028 -0.9610461849 -2.074779103 2.408646115 
-0.1503 0.2533822294 -1.995669834 1.133020619 -0.959533953 -2.073758937 2.411178776 
-0.1503 0.256886319 -2.006307968 1.133148658 -0.957412972 -2.073174943 2.413767597 
-0.1503 0.2601799939 -2.016526489 1.1331647 -0.9556454104 -2.072235501 2.416269756 
-0.1503 0.2635107984 -2.026783321 1.133328448 -0.9538027676 -2.071293432 2.418749789 
-0.1503 0.2666429346 -2.036626988 1.133382139 -0.9523004695 -2.070001225 2.421139988 
-0.1503 0.2701060622 -2.047060599 1.133903351 -0.9502118381 -2.06913461 2.423593473 
-0.1503 0.2736812054 -2.057567283 1.134769128 -0.9480427223 -2.068365488 2.425887228 
-0.1503 0.2772038725 -2.068134015 1.13546211 -0.9457201651 -2.067478329 2.428464875 
-0.1503 0.280621969 -2.078299335 1.136426328 -0.9438134235 -2.066425601 2.430626544 
-0.1503 0.2839566815 -2.088531052 1.137123325 -0.9417360404 -2.065225678 2.43315269 
-0.1503 0.287692333 -2.099373443 1.138532908 -0.9391003112 -2.064570383 2.435579901 
-0.1503 0.2912460195 -2.109816385 1.139842576 -0.9367848114 -2.063584253 2.437920393 
-0.1503 0.2948288155 -2.120269326 1.14129486 -0.9344177874 -2.062588131 2.44024659 
-0.1503 0.2984409729 -2.130729349 1.142889455 -0.9320009543 -2.061581076 2.442559294 
-0.1503 0.3020827719 -2.141193555 1.14462602 -0.9295360036 -2.060562153 2.444859319 
-0.1503 0.3055564292 -2.15125864 1.146262635 -0.9273785589 -2.059213356 2.447066236 
-0.1503 0.3094211456 -2.161897383 1.14861657 -0.9246973115 -2.058398199 2.449190641 
-0.1503 0.3131892235 -2.172582553 1.150683564 -0.9218689959 -2.057424855 2.451691638 
-0.1503 0.3169155741 -2.182769606 1.15309518 -0.9194928729 -2.05624671 2.453672206 
-0.1503 0.3207396692 -2.193475717 1.155419572 -0.9165535988 -2.055258388 2.456198949 
-0.1503 0.3245463438 -2.203901686 1.157988258 -0.9138500893 -2.054152277 2.458441378 
-0.1503 0.3283746003 -2.214310278 1.160689844 -0.9111179575 -2.053029666 2.460677159 
-0.1503 0.3322249283 -2.224698814 1.163523628 -0.9083585944 -2.051889619 2.462906921 
-0.1503 0.3360978394 -2.235064649 1.166488883 -0.9055733521 -2.050731196 2.465131292 
-0.1503 0.3399938671 -2.245405179 1.169584854 -0.9027635431 -2.049553456 2.467350903 
-0.1503 0.3439135653 -2.255717839 1.17281076 -0.8999304396 -2.048355458 2.469566379 
-0.1503 0.3478315925 -2.265733478 1.176284147 -0.897327307 -2.047034035 2.471492264 
-0.1503 0.3518262891 -2.2762495 1.179649131 -0.8941992311 -2.045894897 2.473987433 
-0.1503 0.3557890838 -2.286256874 1.18315708 -0.8914693748 -2.044377286 2.476119111 
-0.1503 0.3599508271 -2.296658408 1.187055996 -0.8883046303 -2.043322286 2.478402155 
-0.1503 0.3640346196 -2.306800705 1.190938874 -0.8853448861 -2.042002111 2.4806083 
-0.1503 0.3681336219 -2.316898528 1.194940045 -0.8823781049 -2.040658096 2.482814074 
-0.1503 0.3722485035 -2.326949668 1.199058491 -0.8794051633 -2.039289293 2.485019802 
-0.1503 0.3763799515 -2.336951966 1.203293182 -0.8764268832 -2.037894754 2.487225798 
-0.1503 0.380528671 -2.34690332 1.207643075 -0.8734440323 -2.036473534 2.489432375 
-0.1503 0.3846953842 -2.356801681 1.212107119 -0.8704573231 -2.035024685 2.491639835 
-0.1503 0.3887920924 -2.366420024 1.216544691 -0.8676721887 -2.03330092 2.493760097 
-0.1503 0.3930857662 -2.376431495 1.221373403 -0.8644749056 -2.032040315 2.496058587 
-0.1503 0.3973168568 -2.385889888 1.226062119 -0.8616217445 -2.03021195 2.498176268 
-0.1503 0.4018204005 -2.395904789 1.231240844 -0.8582988423 -2.028882678 2.50051308 
-0.1503 0.4061953756 -2.405535815 1.236321873 -0.8552273651 -2.027260036 2.502743367 
-0.1503 0.4105767144 -2.415094758 1.241499854 -0.8521669621 -2.025607097 2.504975572 
-0.1503 0.4147599111 -2.424550288 1.246661594 -0.8492661088 -2.023962063 2.507184641 
-0.1503 0.4193622466 -2.433991517 1.252142828 -0.8460792372 -2.022207107 2.509445401 
-0.1503 0.4237683157 -2.443326946 1.257605867 -0.8430517357 -2.020458449 2.51168285 
-0.1503 0.4281844983 -2.452585517 1.263161949 -0.8400349473 -2.018676289 2.513921868 
-0.1503 0.4324874655 -2.461456315 1.268619438 -0.8372492699 -2.016594499 2.516037509 
-0.1503 0.4370509179 -2.470867528 1.274549199 -0.8340326543 -2.015008318 2.518404227 
-0.1503 0.4417063189 -2.479933886 1.280495319 -0.8309104721 -2.013077836 2.520681964 
-0.1503 0.4463658227 -2.488921382 1.286526354 -0.8278084564 -2.011110869 2.522962338 
-0.1503 0.450783603 -2.497796503 1.292506922 -0.8248961887 -2.009156524 2.525200957 
-0.1503 0.455420902 -2.506618823 1.298686389 -0.8218549033 -2.007121313 2.527477614 
-0.1503 0.4600882673 -2.515361741 1.304959843 -0.818816387 -2.005042493 2.529759781 
-0.1503 0.4647858032 -2.52402387 1.311325584 -0.8157809442 -2.002919313 2.532047391 
-0.1503 0.4695136039 -2.532603854 1.317781904 -0.8127488141 -2.000751048 2.534340337 
-0.1503 0.4744509874 -2.541122019 1.324423603 -0.8096008902 -1.998498882 2.536676531 
-0.1503 0.4791601548 -2.549524 1.331013014 -0.8066291593 -1.996255027 2.538963491 
-0.1503 0.4838793754 -2.557837907 1.337677089 -0.8036736879 -1.99396885 2.541249605 
-0.1503 0.4889487958 -2.566019935 1.3448251 -0.8006095384 -1.991694382 2.543381753 
-0.1503 0.4935788596 -2.574184582 1.351333377 -0.7976424576 -1.989227334 2.54586946 
-0.1503 0.498481428 -2.582234295 1.35828953 -0.7946309726 -1.986780106 2.548187514 
-0.1503 0.503419215 -2.590199789 1.365328502 -0.7916222877 -1.98428093 2.550510601 
-0.1503 0.5083922121 -2.59807976 1.372448405 -0.7886163406 -1.98172912 2.552838385 
-0.1503 0.5134004037 -2.60587294 1.379647355 -0.7856129913 -1.979124028 2.55517049 
-0.1503 0.5184437653 -2.613578098 1.386923475 -0.7826120209 -1.976465044 2.557506509 
-0.1503 0.5235222648 -2.621194038 1.394274896 -0.7796131319 -1.973751592 2.559845991 
-0.1503 0.528864275 -2.628678743 1.402051826 -0.776575546 -1.971050875 2.562026202 
-0.1503 0.5337845008 -2.636153649 1.409196211 -0.7736200133 -1.968159197 2.564533382 
-0.1503 0.539182178 -2.643409883 1.417062407 -0.7705502372 -1.96535359 2.566743526 
-0.1503 0.5441080548 -2.650644467 1.42433132 -0.7676181604 -1.96240026 2.569201448 
-0.1503 0.5493934763 -2.65783825 1.432058726 -0.764626361 -1.959384686 2.571561196 
-0.1503 0.5546643908 -2.664875117 1.439809994 -0.7616254261 -1.956348408 2.573904071 
-0.1503 0.5599697385 -2.671815471 1.447624074 -0.758621686 -1.953255492 2.576246193 
-0.1503 0.5653098053 -2.678658836 1.455499541 -0.7556142974 -1.950105407 2.578586994 
-0.1503 0.5706848794 -2.685404757 1.463434983 -0.7526023667 -1.946897642 2.580925881 
-0.1503 0.5760522073 -2.692002286 1.471396274 -0.7495745004 -1.943666731 2.583247138 
-0.1503 0.5817654539 -2.698537234 1.479784148 -0.7464917152 -1.940366234 2.585478706 
-0.1503 0.5870230405 -2.705053549 1.487587249 -0.7435296531 -1.936923368 2.587924771 
-0.1503 0.59277384 -2.711331125 1.496012418 -0.7403854695 -1.933526328 2.590175598 
-0.1503 0.5980955076 -2.717657878 1.503963357 -0.7374398856 -1.929976773 2.59256918 
-0.1503 0.6036867233 -2.723810427 1.512229757 -0.7343792038 -1.926413064 2.59488279 
-0.1503 0.609314981 -2.72986274 1.520546626 -0.7313063624 -1.92278855 2.597189664 
-0.1503 0.61498057 -2.735814457 1.528912661 -0.728220081 -1.919102858 2.599489014 
-0.1503 0.620683778 -2.741665221 1.537326572 -0.7251190318 -1.915355635 2.60178003 
-0.1503 0.6264248899 -2.74741468 1.545787083 -0.7220018395 -1.911546548 2.604061876 
-0.1503 0.6322041893 -2.753062482 1.554292933 -0.7188670809 -1.907675285 2.606333691 
-0.1503 0.6382519005 -2.758538569 1.563097018 -0.7156119622 -1.903781583 2.608536801 
-0.1503 0.6438784634 -2.764051714 1.571435669 -0.7125389366 -1.899745098 2.610843656 
-0.1503 0.6497739856 -2.769392439 1.5800701 -0.709342467 -1.895685664 2.613079955 
-0.1503 0.6435112915 -2.763714505 1.570897387 -0.7127379649 -1.899996719 2.610703454 
-0.1503 0.6376572124 -2.75826466 1.562307233 -0.7159109844 -1.90398925 2.608453619 
-0.1503 0.6318418591 -2.752712479 1.553760013 -0.7190635456 -1.907919066 2.606192013 
-0.1503 0.6260649546 -2.747058313 1.54525696 -0.7221971636 -1.911786434 2.603919546 
-0.1503 0.6203262198 -2.741302512 1.536799324 -0.7253133058 -1.915591646 2.601637101 
-0.1503 0.6146253716 -2.735445428 1.528388368 -0.7284133923 -1.919335013 2.59934554 
-0.1503 0.6089621242 -2.729487414 1.520025368 -0.7314987952 -1.92301687 2.597045696 
-0.1503 0.6033365285 -2.723429123 1.511712086 -0.7345706457 -1.926637887 2.59470163 
-0.1503 0.5977472799 -2.717270024 1.503448413 -0.7376308028 -1.930197495 2.592424373 
-0.1503 0.5924206973 -2.710945092 1.495532293 -0.7406046955 -1.933752508 2.589998537 
-0.1503 0.5866318895 -2.70459871 1.487043939 -0.7437064375 -1.937176538 2.587762599 
-0.1503 0.5811997859 -2.698196058 1.478975366 -0.7467502629 -1.94051661 2.585449703 
-0.1503 0.5757560618 -2.691640169 1.470927687 -0.7497737193 -1.943837533 2.583116301 
-0.1503 0.5703479061 -2.684986 1.462937287 -0.752790763 -1.947099826 2.580779768 
-0.1503 0.5649750286 -2.678233976 1.455005552 -0.7558023827 -1.950303972 2.578440743 
-0.1503 0.5596371399 -2.671384535 1.447133881 -0.7588095178 -1.953450468 2.576099843 
-0.1503 0.5542808202 -2.664372989 1.43928076 -0.7618035771 -1.956579975 2.573739277 
-0.1503 0.5492946324 -2.657326485 1.431879968 -0.7647354268 -1.959633261 2.571293492 
-0.1503 0.5438305403 -2.650256386 1.423893432 -0.7678126669 -1.96254928 2.569071676 
-0.1503 0.5388473515 -2.642962769 1.416611263 -0.7707636467 -1.965543795 2.566571201 
-0.1503 0.5334356361 -2.635658403 1.408703398 -0.7738043301 -1.968355488 2.564377955 
-0.1503 0.5282922041 -2.628222153 1.401213687 -0.7768010638 -1.971173504 2.562034245 
-0.1503 0.5231848619 -2.620695903 1.393796664 -0.7797990564 -1.973935451 2.559693365 
-0.1503 0.5181136556 -2.613080823 1.386454207 -0.7827987013 -1.976641873 2.557355823 
-0.1503 0.5130786233 -2.605378115 1.379188205 -0.7858003118 -1.979293354 2.555022084 
-0.1503 0.508079796 -2.59758902 1.372000557 -0.7888041213 -1.981890519 2.552692582 
-0.1503 0.5031171964 -2.589714814 1.364893169 -0.7918102841 -1.984434028 2.55036771 
-0.1503 0.4984319394 -2.581724318 1.358226964 -0.7947675909 -1.986990987 2.547882069 
-0.1503 0.4933007403 -2.573716361 1.350926827 -0.7978298894 -1.989362902 2.545733242 
-0.1503 0.4885253492 -2.565568767 1.344102354 -0.800775787 -1.991741916 2.543440299 
-0.1503 0.4837595576 -2.557331738 1.337349277 -0.8037384738 -1.994077358 2.541145652 
-0.1503 0.4787514152 -2.548976432 1.330533917 -0.806884853 -1.996423785 2.538794927 
-0.1503 0.473964254 -2.540558493 1.323906443 -0.8099103547 -1.998681504 2.536491969 
-0.1503 0.4692083166 -2.532057045 1.317366994 -0.8129393595 -2.000892379 2.534194282 
-0.1503 0.4644835376 -2.523473423 1.310917327 -0.8159717098 -2.003057121 2.531902033 
-0.1503 0.4597898417 -2.514808997 1.304559191 -0.8190071794 -2.005176467 2.529615348 
-0.1503 0.4553270835 -2.506090949 1.298402904 -0.8219086125 -2.007210347 2.527371274 
-0.1503 0.4506087598 -2.49725824 1.292186145 -0.8250080899 -2.009259094 2.525079181 
-0.1503 0.4458943639 -2.488345131 1.286051305 -0.8281290276 -2.011269849 2.522789428 
-0.1503 0.441402027 -2.479385547 1.280120149 -0.8311199608 -2.013199476 2.520538552 
-0.1503 0.4369213527 -2.470344857 1.274276958 -0.8341227349 -2.015092542 2.518288917 
-0.1503 0.4324514544 -2.461224182 1.268522819 -0.8371376777 -2.01694981 2.51604069 
-0.1503 0.4277815174 -2.451995089 1.262744132 -0.8403142811 -2.018812775 2.513764069 
-0.1503 0.423319028 -2.442715841 1.257165025 -0.8433634111 -2.020602693 2.511519088 
-0.1503 0.4188823611 -2.433362624 1.251687882 -0.8464127178 -2.022355772 2.509278439 
-0.1503 0.4146617562 -2.423964782 1.24641817 -0.8493239046 -2.024036618 2.507065024 
-0.1503 0.4102323121 -2.414461746 1.241125253 -0.8524028312 -2.025726768 2.504826175 
-0.1503 0.405674487 -2.404568734 1.235729964 -0.8557343591 -2.027117378 2.502475386 
-0.1503 0.401388679 -2.395238566 1.230826539 -0.858599905 -2.029014924 2.500355563 
-0.1503 0.3970428894 -2.385327608 1.225771481 -0.8618094833 -2.030331493 2.498046019 
-0.1503 0.392957599 -2.375925267 1.221180418 -0.8645764863 -2.032106959 2.495937174 
-0.1503 0.3886882566 -2.366042444 1.216432678 -0.8676024901 -2.033627707 2.493715741 
-0.1503 0.3844897341 -2.356193423 1.211854778 -0.8706026645 -2.035105979 2.491505676 
-0.1503 0.3803074276 -2.34628909 1.20738872 -0.8736015602 -2.036556156 2.489296831 
-0.1503 0.3761406063 -2.336331435 1.203035584 -0.8765985309 -2.037979182 2.487088965 
-0.1503 0.3719885564 -2.326322506 1.198796439 -0.8795928736 -2.039375999 2.484881832 
-0.1503 0.3678505819 -2.316264401 1.194672349 -0.882583829 -2.040747552 2.482675176 
-0.1503 0.3636272693 -2.305926406 1.190519144 -0.8857895191 -2.041846892 2.48038735 
-0.1503 0.3596141649 -2.296009342 1.186773529 -0.8885522572 -2.04341864 2.478262251 
-0.1503 0.3556082252 -2.285837635 1.182991867 -0.8915827799 -2.044455045 2.476041507 
-0.1503 0.3517136602 -2.275844385 1.179524421 -0.894276951 -2.045933589 2.473904381 
-0.1503 0.3477898156 -2.265677054 1.176096269 -0.8971226964 -2.047169856 2.471699433 
-0.1503 0.3438170039 -2.25534642 1.172714972 -0.8999976319 -2.04839144 2.469484489 
-0.1503 0.3398916279 -2.245031594 1.169490297 -0.9028349048 -2.049589846 2.467268594 
-0.1503 0.3359876083 -2.234688579 1.166394416 -0.9056506682 -2.050768427 2.465048687 
-0.1503 0.3321043977 -2.224319938 1.163428132 -0.9084436569 -2.051928125 2.462824193 
-0.1503 0.3282110033 -2.213862144 1.160571612 -0.9112348184 -2.053078089 2.460580804 
-0.1503 0.3243886638 -2.203283516 1.158048359 -0.9142024984 -2.054099218 2.458060255 
-0.1503 0.3205442991 -2.193020167 1.155295609 -0.9166945907 -2.055311315 2.456103679 
-0.1503 0.3167312279 -2.182346455 1.152967645 -0.919596701 -2.056311016 2.453608946 
-0.1503 0.3130145719 -2.17212931 1.150580928 -0.9219923275 -2.057473187 2.451594923 
-0.1503 0.3092935034 -2.161671332 1.148432128 -0.9245817367 -2.058530842 2.449326867 
-0.1503 0.3056011062 -2.151208729 1.146423033 -0.927129415 -2.059574219 2.447048611 
-0.1503 0.3019370169 -2.140744341 1.144554106 -0.9296337595 -2.060604246 2.444759353 
-0.1503 0.2983008974 -2.130281026 1.142825777 -0.9320931403 -2.061621858 2.4424583 
-0.1503 0.2946924368 -2.119821667 1.141238438 -0.934505901 -2.062627988 2.440144669 
-0.1503 0.2908974781 -2.108946369 1.139541406 -0.9372504125 -2.063292165 2.437740415 
-0.1503 0.2875101449 -2.098689842 1.138577935 -0.9394331672 -2.06451702 2.435239899 
-0.1503 0.284030325 -2.088496432 1.137325777 -0.9414475139 -2.065586895 2.433120668 
-0.1503 0.280421752 -2.07780885 1.136335766 -0.9439105271 -2.066481169 2.430557683 
-0.1503 0.2767911757 -2.06725204 1.135186199 -0.9461982584 -2.067256354 2.428294964 
-0.1503 0.2735182064 -2.057235784 1.134656552 -0.9479760123 -2.06849498 2.42595139 
-0.1503 0.2700948279 -2.046886166 1.134064261 -0.9500155738 -2.069447844 2.423529698 
-0.1503 0.2667069509 -2.036565759 1.133619091 -0.9519869171 -2.070395307 2.421088294 
-0.1503 0.2633545877 -2.026277546 1.133321019 -0.9538881397 -2.071338376 2.418626363 
-0.1503 0.2600377895 -2.016024512 1.133169981 -0.9557173207 -2.072278079 2.416143123 
-0.1503 0.2565593957 -2.005440626 1.132956996 -0.9578161398 -2.072931754 2.413585546 
-0.1503 0.2534524706 -1.995431276 1.133364962 -0.9593748159 -2.074064691 2.41092775 
-0.1503 0.2503019241 -1.985506396 1.13359789 -0.9607531107 -2.075087589 2.408558194 
-0.1503 0.2470160938 -1.975264354 1.134046953 -0.9624939432 -2.075974758 2.405862587 
-0.1503 0.2437799708 -1.9651049 1.134634251 -0.9641142941 -2.076875182 2.40317244 
-0.1503 0.2405073623 -1.955025122 1.135066783 -0.9655594375 -2.077665665 2.400750131 
-0.1503 0.2373299311 -1.944963502 1.135886951 -0.9669479832 -2.078576484 2.398087686 
-0.1503 0.2342494799 -1.935074843 1.136880586 -0.9681829686 -2.079522551 2.395419445 
-0.1503 0.2312333549 -1.925285072 1.138041506 -0.9692885864 -2.080501637 2.392727723 
-0.1503 0.228283045 -1.915598111 1.139369409 -0.9702614538 -2.081515773 2.39001187 
-0.1503 0.2254599873 -1.906021073 1.141073341 -0.9711399455 -2.082657076 2.387078339 
-0.1503 0.2226193542 -1.896549871 1.14264162 -0.9718191467 -2.083708053 2.384397366 
-0.1503 0.2198433636 -1.887193613 1.144351559 -0.9723488539 -2.084790224 2.381714364 
-0.1503 0.2169468793 -1.877663325 1.14623691 -0.9731125654 -2.085796995 2.378817937 
-0.1503 0.214106107 -1.868231768 1.148260294 -0.9737456141 -2.086823496 2.375909934 
-0.1503 0.2113230369 -1.85890271 1.150421842 -0.9742445782 -2.087872118 2.372989773 
-0.1503 0.2085997821 -1.849679993 1.152721681 -0.974605932 -2.08894538 2.37005695 
-0.1503 0.2059385846 -1.840567529 1.155159927 -0.9748260391 -2.090045939 2.367111045 
-0.1503 0.2033028151 -1.831488778 1.157728974 -0.9749270893 -2.091162154 2.364141839 
-0.1503 0.2007728774 -1.822608783 1.160445097 -0.9748533018 -2.092325448 2.361168591 
-0.1503 0.1983125643 -1.813851287 1.163299968 -0.9746266025 -2.093524917 2.358181568 
-0.1503 0.1959247011 -1.805220549 1.166293707 -0.9742428263 -2.094763855 2.355180758 
-0.1503 0.1936122769 -1.796720932 1.169426443 -0.9736976533 -2.096045735 2.352166271 
-0.1503 0.1913037058 -1.788293449 1.172754884 -0.9731232883 -2.09739017 2.349106781 
-0.1503 0.1890545724 -1.779973253 1.176212129 -0.9724156244 -2.098762716 2.345911024 
-0.1503 0.1868650881 -1.771759826 1.179795304 -0.9715746261 -2.100162614 2.342752448 
-0.1503 0.1847384777 -1.763657887 1.183505259 -0.970595824 -2.10159403 2.339573633 
-0.1503 0.1826773983 -1.755670959 1.187341923 -0.969475674 -2.103060106 2.336375016 
-0.1503 0.1806846644 -1.747802663 1.191305242 -0.9682104724 -2.104564156 2.33315716 
-0.1503 0.1787632565 -1.740056724 1.19539518 -0.9667963454 -2.106109683 2.329920756 
-0.1503 0.1769149984 -1.732434672 1.199610136 -0.9652311951 -2.107698225 2.326765047 
-0.1503 0.175105871 -1.72486518 1.203955336 -0.9635313601 -2.10931922 2.323442647 
-0.1503 0.1734188659 -1.717511356 1.208426816 -0.9616439825 -2.111013184 2.320094784 
-0.1503 0.1720578208 -1.710681405 1.213213747 -0.9592124754 -2.113081016 2.316884134 
-0.1503 0.1707498853 -1.703945306 1.218104514 -0.9566643887 -2.115177386 2.313645388 
-0.1503 0.1689954253 -1.696553287 1.222752574 -0.954769996 -2.116702827 2.310161021 
-0.1503 0.1677188287 -1.689895557 1.22779876 -0.9521033807 -2.118768523 2.306832523 
-0.1503 0.1665496854 -1.683410358 1.232981343 -0.9492390781 -2.120928096 2.303498972 
-0.1503 0.165493446 -1.677102911 1.238300954 -0.9461706788 -2.123187521 2.300162912 
-0.1503 0.1645557984 -1.670978562 1.243758285 -0.9428915004 -2.125553046 2.296827191 
-0.1503 0.1641609872 -1.665647933 1.249626812 -0.9387627062 -2.128526154 2.293681167 
-0.1503 0.1632997463 -1.659645208 1.255243666 -0.9353122065 -2.130911457 2.290277189 
-0.1503 0.1625149681 -1.653759539 1.26096457 -0.9317180944 -2.133352909 2.28685555 
-0.1503 0.1621815784 -1.648440879 1.266937893 -0.9274299649 -2.136178739 2.283599795 
-0.1503 0.1619816629 -1.643307848 1.273083952 -0.9228707421 -2.139169448 2.28035733 
-0.1503 0.1619346701 -1.638425459 1.279341678 -0.918090236 -2.142297554 2.277155895 
-0.1503 0.1620419731 -1.633770079 1.285743983 -0.9130508291 -2.145588728 2.273989503 
-0.1503 0.1623116374 -1.629348186 1.292292965 -0.90774304 -2.149051595 2.270864119 
-0.1503 0.1627519362 -1.625166291 1.298990855 -0.9021570537 -2.152695022 2.26778629 
-0.1503 0.1633713379 -1.621230919 1.30584003 -0.8962827137 -2.156528113 2.264763182 
-0.1503 0.1641784907 -1.617548591 1.312843032 -0.8901095167 -2.160560184 2.261802626 
-0.1503 0.1657908895 -1.614940667 1.320365197 -0.8827369538 -2.165507501 2.259088992 
-0.1503 0.1663914258 -1.610968944 1.327321591 -0.8768227658 -2.169259478 2.256104106 
-0.1503 0.1680022978 -1.608118792 1.334694994 -0.8694332474 -2.173878503 2.253494639 
-0.1503 0.1696235611 -1.605597778 1.342204727 -0.8618408337 -2.178791383 2.251081748 
-0.1503 0.1716171068 -1.603361187 1.349912494 -0.853783782 -2.18393779 2.248733849 
-0.1503 0.1738132015 -1.601259185 1.357995506 -0.8456049299 -2.189365525 2.246208258 
-0.1503 0.1763889084 -1.599677465 1.366159584 -0.8366676842 -2.195118451 2.244092067 
-0.1503 0.1791862206 -1.598358082 1.374419381 -0.8274057411 -2.20108902 2.242168691 
-0.1503 0.1822739902 -1.597368177 1.382857472 -0.8176915927 -2.207354358 2.240445285 
-0.1503 0.1857216645 -1.596859728 1.391347349 -0.8072817505 -2.213929498 2.239178092 
-0.1503 0.1895007721 -1.596466669 1.400229211 -0.7966282399 -2.220798066 2.237778141 
-0.1503 0.1933683395 -1.596423817 1.409293586 -0.7856686874 -2.228021028 2.236688166 
-0.1503 0.1977168982 -1.596816507 1.418507159 -0.7739596762 -2.235574524 2.235987636 
-0.1503 0.202405866 -1.597571055 1.427934284 -0.7616993669 -2.243476833 2.235607818 
-0.1503 0.2074446165 -1.598692613 1.43758421 -0.748864969 -2.251737652 2.235578766 
-0.1503 0.2128421987 -1.600185731 1.447467059 -0.735432488 -2.260366109 2.23593282 
-0.1503 -0.5421706278 -0.7461726335 1.452087256 -1.581123277 -1.50541175 2.222731131 
-0.1503 -0.5369197761 -0.7518042585 1.457955192 -1.566386763 -1.5114222 2.212364523 
-0.1503 -0.5319030092 -0.7571098668 1.464002415 -1.551919737 -1.517269014 2.202144178 
-0.1503 -0.5270985132 -0.7621149495 1.47026413 -1.537636944 -1.522976312 2.192004441 
-0.1503 -0.5225724832 -0.7667538035 1.476658141 -1.523717394 -1.528463066 2.182067612 
-0.1503 -0.5182999668 -0.7710561091 1.483218265 -1.510072057 -1.533755959 2.172266137 
-0.1503 -0.513954785 -0.7752561613 1.490031032 -1.496440655 -1.539086394 2.162284612 
-0.1503 -0.5105337902 -0.7786466001 1.496818179 -1.483601019 -1.543726996 2.153050524 
-0.1503 -0.5070470957 -0.7819351563 1.503848441 -1.47077129 -1.548390737 2.143626074 
-0.1503 -0.5038278418 -0.7848878457 1.511025811 -1.458207781 -1.552831871 2.134316451 
-0.1503 -0.5008773301 -0.787507306 1.518345449 -1.445906108 -1.557045481 2.125115775 
-0.1503 -0.4981960266 -0.7897970609 1.525802528 -1.433861031 -1.561027566 2.116017974 
-0.1503 -0.4957835957 -0.7917614553 1.533392259 -1.42206651 -1.564775024 2.10701683 
-0.1503 -0.4936389447 -0.7934055814 1.541109904 -1.410515777 -1.568285627 2.098106037 
-0.1503 -0.4914506591 -0.794939546 1.5490207 -1.398976236 -1.57180352 2.089030785 
-0.1503 -0.4901358529 -0.795762092 1.556960488 -1.388046797 -1.574609688 2.080475623 
-0.1503 -0.4887524908 -0.7964447133 1.564987573 -1.377160362 -1.577362803 2.071808817 
-0.1503 -0.4876445546 -0.7968333859 1.573132979 -1.366497277 -1.579877063 2.063211418 
-0.1503 -0.4868036663 -0.7969387791 1.58139323 -1.356045193 -1.582157314 2.054674454 
-0.1503 -0.4862209627 -0.7967717948 1.589764983 -1.345791519 -1.584209168 2.046189256 
-0.1503 -0.4858871814 -0.7963434728 1.598245024 -1.335723511 -1.58603892 2.037747478 
-0.1503 -0.4857927417 -0.7956649033 1.606830282 -1.325828351 -1.587653454 2.029341126 
-0.1503 -0.4859278204 -0.7947471479 1.61551782 -1.31609322 -1.589060172 2.020962569 
-0.1503 -0.4862824208 -0.793601169 1.624304842 -1.306505365 -1.590266914 2.012604555 
-0.1503 -0.4868794909 -0.7922038555 1.633125559 -1.297163543 -1.591246555 2.004331948 
-0.1503 -0.4876097065 -0.7906675309 1.642166828 -1.287721144 -1.592113618 1.995923099 
-0.1503 -0.4888559297 -0.7885671598 1.65103035 -1.278674701 -1.592317241 1.987863145 
-0.1503 -0.4899410071 -0.7866962174 1.660250311 -1.269524099 -1.592913278 1.979429006 
-0.1503 -0.4913995931 -0.7843882021 1.669454872 -1.260514065 -1.59301819 1.971133709 
-0.1503 -0.4930328524 -0.7818980601 1.678669167 -1.251644788 -1.592930728 1.962887641 
-0.1503 -0.4948378469 -0.779220365 1.687946834 -1.242846758 -1.592659928 1.954632757 
-0.1503 -0.4968064318 -0.7763622344 1.69728499 -1.23410906 -1.592212083 1.946364252 
-0.1503 -0.4989305785 -0.7733304401 1.706680842 -1.225421012 -1.591593527 1.938077528 
-0.1503 -0.5012023898 -0.7701313988 1.716131689 -1.216772169 -1.590810612 1.929768173 
-0.1503 -0.5036141087 -0.7667711692 1.725634909 -1.208152328 -1.589869698 1.92143196 
-0.1503 -0.5061581283 -0.7632554488 1.735187959 -1.19955153 -1.588777138 1.913064833 
-0.1503 -0.5091515227 -0.7595210466 1.744823792 -1.191165849 -1.587366552 1.904809223 
-0.1503 -0.512263091 -0.7556448758 1.75450498 -1.182777654 -1.585813455 1.896513595 
-0.1503 -0.5150175308 -0.7517253696 1.764177639 -1.174084777 -1.58437793 1.887965735 
-0.1503 -0.5182636837 -0.7475923504 1.773933471 -1.165615944 -1.582605002 1.879545016 
-0.1503 -0.5216492234 -0.7433215191 1.783732443 -1.157144165 -1.580685874 1.871092901 
-0.1503 -0.5251925262 -0.7388887069 1.793634371 -1.148608832 -1.578611341 1.862553857 
-0.1503 -0.5288456564 -0.7343524899 1.803514483 -1.140108541 -1.576411235 1.854031641 
-0.1503 -0.5330196971 -0.7296204997 1.813476754 -1.131820542 -1.573854127 1.84564128 
-0.1503 -0.5371760539 -0.7244764597 1.823647669 -1.123332979 -1.571049837 1.83684568 
-0.1503 -0.5405566849 -0.7199915325 1.833375268 -1.114428234 -1.569022078 1.828226459 
-0.1503 -0.5452881587 -0.7146568331 1.843592349 -1.106074544 -1.565840795 1.819582389 
-0.1503 -0.5489558757 -0.7098168988 1.853449992 -1.097088828 -1.563476684 1.810803371 
-0.1503 -0.5533233218 -0.7045559511 1.863532952 -1.088333033 -1.560529305 1.802019952 
-0.1503 -0.5577986272 -0.6991816132 1.873644315 -1.079511025 -1.557470288 1.793186056 
-0.1503 -0.562378895 -0.6936953731 1.88378262 -1.070616288 -1.55430319 1.784299804 
-0.1503 -0.5670613278 -0.6880984995 1.893946431 -1.061642372 -1.551031538 1.775359346 
-0.1503 -0.5718432204 -0.6823920488 1.904134337 -1.052582887 -1.54765883 1.766362857 
-0.1503 -0.576721958 -0.6765768692 1.914344949 -1.043431491 -1.544188544 1.757308535 
-0.1503 -0.5822808027 -0.6703789661 1.924814311 -1.03436617 -1.540174244 1.748186975 
-0.1503 -0.5867918526 -0.6645846788 1.934892972 -1.024768993 -1.536945971 1.738961717 
-0.1503 -0.5920865132 -0.6583071156 1.945259442 -1.015329636 -1.53305922 1.729650805 
-0.1503 -0.5974244296 -0.651963409 1.955616265 -1.005759615 -1.52913443 1.720292216 
-0.1503 -0.6028086771 -0.6455491371 1.965964354 -0.9960562803 -1.525169458 1.710884004 
-0.1503 -0.6079254736 -0.6393844202 1.976074653 -0.9861801976 -1.521486571 1.701609818 
-0.1503 -0.6134156837 -0.6328148399 1.986406978 -0.9762094981 -1.517429958 1.692100925 
-0.1503 -0.6192665113 -0.6258398388 1.99696494 -0.9661145565 -1.513016671 1.682340088 
-0.1503 -0.6248619949 -0.6191004977 2.007286674 -0.9558443881 -1.508875777 1.672711186 
-0.1503 -0.630515583 -0.6122694251 2.017603821 -0.9454223964 -1.504688707 1.663020928 
-0.1503 -0.6362289306 -0.6053424856 2.027917122 -0.9348438672 -1.500455241 1.653266608 
-0.1503 -0.6420034677 -0.5983155484 2.038227289 -0.924103762 -1.4961755 1.643445417 
-0.1503 -0.6480143657 -0.5909867311 2.048681797 -0.9131810747 -1.491677122 1.633417592 
-0.1503 -0.6540788406 -0.5835509185 2.059165394 -0.9020096972 -1.487154844 1.62328125 
-0.1503 -0.6601712463 -0.5760409548 2.069589254 -0.8907188546 -1.48261743 1.613121632 
-0.1503 -0.66630768 -0.5684324795 2.079999641 -0.8792370122 -1.478060092 1.602891733 
-0.1503 -0.6724903003 -0.5607198913 2.090397787 -0.8675588861 -1.473482772 1.592588397 
-0.1503 -0.6787209733 -0.5528976008 2.100784874 -0.8556787962 -1.468885865 1.582208376 
-0.1503 -0.6850012819 -0.5449600135 2.111162031 -0.8435906774 -1.464270218 1.571748351 
-0.1503 -0.6913325355 -0.5369015154 2.121530342 -0.8312880923 -1.459637131 1.561204943 
-0.1503 -0.6977157772 -0.528716457 2.131890832 -0.8187642414 -1.454988362 1.550574732 
-0.1503 -0.7041517958 -0.5203991394 2.142244476 -0.8060119769 -1.45032612 1.539854272 
-0.1503 -0.7109678396 -0.511886226 2.152663532 -0.7931330112 -1.445406342 1.529097209 
-0.1503 -0.7172460794 -0.5032529395 2.16300488 -0.7797555306 -1.440918329 1.518051137 
-0.1503 -0.7238671027 -0.494463933 2.173373786 -0.7662522337 -1.436213869 1.507003993 
-0.1503 -0.7305773353 -0.4854699022 2.183798324 -0.7524028996 -1.431486233 1.495788474 
-0.1503 -0.7372920798 -0.4763787859 2.194147812 -0.738372633 -1.42679918 1.484543023 
-0.0503 -0.667481133 -0.5856664981 2.161493633 -0.6802771019 -1.477669337 1.562736904 
-0.0503 -0.6770150076 -0.5752804943 2.171517017 -0.6681197471 -1.469510021 1.551462863 
-0.0503 -0.6865269394 -0.5648093503 2.181511011 -0.6556276579 -1.461415971 1.540073162 
-0.0503 -0.6962723582 -0.5542461094 2.191498126 -0.6429109059 -1.453188584 1.528618982 
-0.0503 -0.7054834353 -0.5435911178 2.201405312 -0.6296210367 -1.445440647 1.516941359 
-0.0503 -0.7154664901 -0.5326452196 2.211417794 -0.6162776079 -1.437049115 1.505152299 
-0.0503 -0.7243473164 -0.5219704859 2.221165391 -0.6022203146 -1.429778806 1.493332151 
0 -0.6979483409 -0.5684667794 2.209575653 -0.5688728946 -1.441016264 1.529497908 
0 -0.7086335431 -0.5570123883 2.219100351 -0.5555398093 -1.431649131 1.517212533 
0 -0.719250683 -0.5454803643 2.228580631 -0.5418106916 -1.42240945 1.504804679 
0 -0.7298002471 -0.5338647311 2.238014835 -0.527682765 -1.413301256 1.492273113 
0 -0.7403479962 -0.5220861243 2.247459797 -0.513061175 -1.404273061 1.479537376 
0.0497 -0.7175010337 -0.5658736898 2.235195263 -0.4821923974 -1.407425195 1.515288527 
0.0497 -0.7295114342 -0.5535420622 2.244304156 -0.468129705 -1.396722938 1.501906895 
0.0497 -0.740472935 -0.5415318159 2.253060892 -0.4535384901 -1.386922889 1.48872342 
0.0497 -0.7519701874 -0.529579636 2.261738201 -0.4388863234 -1.376734679 1.475569256 
0.0497 -0.7629995809 -0.5169124865 2.270695075 -0.4231259969 -1.367161924 1.461660805 
0.0497 -0.7740996962 -0.5044832448 2.27942036 -0.4072591313 -1.357567958 1.447940899 
0.0497 -0.7850929809 -0.4919663127 2.288081671 -0.390951421 -1.348169567 1.434094963 
0.0497 -0.7959809253 -0.4793559137 2.296676842 -0.3742027212 -1.338970121 1.420123284 
0.1497 -0.745656032 -0.5765995289 2.258606246 -0.3362021978 -1.333233772 1.503734655 
0.1497 -0.7582728695 -0.5637501761 2.266270507 -0.3209079909 -1.321527905 1.488604428 
0.1497 -0.7706915172 -0.5508743456 2.273862677 -0.305118244 -1.310100011 1.47335827 
0.1497 -0.7826455895 -0.538300744 2.281197398 -0.2890224922 -1.299157747 1.458318193 
0.1497 -0.7950257557 -0.5249355251 2.288866674 -0.2719639042 -1.288015389 1.44241412 
0.1497 -0.8072820782 -0.5119621408 2.296245825 -0.2548671947 -1.27707435 1.426781177 
0.1497 -0.8185399769 -0.4988944446 2.303503525 -0.2369828187 -1.267125615 1.411087077 
0.1497 -0.8300283378 -0.4857911223 2.310695 -0.2187818335 -1.257104414 1.395244162 
0.1497 -0.8413426748 -0.4726257205 2.317797876 -0.2001141558 -1.247366433 1.379282819 
0.2497 -0.7921387367 -0.5703660993 2.273487815 -0.172169487 -1.221409366 1.460379912 
0.2497 -0.8045341488 -0.5574437587 2.279542239 -0.1546996774 -1.209839662 1.443066233 
0.2497 -0.8166759509 -0.5445159577 2.285509549 -0.1367259763 -1.198619716 1.425641933 
0.2497 -0.8285710091 -0.5315767427 2.291386534 -0.1182574385 -1.18774778 1.408105908 
0.2497 -0.8402259836 -0.5186206036 2.29716986 -0.09930323547 -1.177221961 1.390457771 
0.2497 -0.8516473356 -0.5056424913 2.302856042 -0.07987271689 -1.167040176 1.372697825 
0.2497 -0.8627289736 -0.4926882756 2.308420223 -0.06002769135 -1.157376647 1.354912719 
0.2497 -0.8738140127 -0.4796025664 2.313922119 -0.03962132805 -1.147699266 1.336847042 
0.2497 -0.8846378195 -0.4664513469 2.319327277 -0.01868912064 -1.138478538 1.318646677 
0.2497 -0.8951839543 -0.45334455 2.32458538 0.002550511101 -1.129649342 1.300454877 
0.3497 -0.8428452941 -0.5562619271 2.271834779 0.01885473544 -1.085847971 1.378575998 
0.3497 -0.8539403854 -0.5437835597 2.276070572 0.03924015594 -1.075701334 1.358860611 
0.3497 -0.8647602093 -0.53130886 2.28020356 0.06009310463 -1.06595446 1.339039613 
0.3497 -0.875303488 -0.5188408623 2.284225931 0.08138814252 -1.056615954 1.319127826 
0.3497 -0.8855705911 -0.5063835038 2.288129264 0.1030969874 -1.047690083 1.29914112 
0.3497 -0.8955632758 -0.4939415818 2.291904694 0.1251891299 -1.039177174 1.279096079 
0.3497 -0.9053523651 -0.4814667245 2.295567391 0.1477293779 -1.03098348 1.258909629 
0.3497 -0.9149134262 -0.4689792389 2.299102205 0.1706675098 -1.023147057 1.238626525 
0.3497 -0.9242527175 -0.4564782718 2.302503258 0.1939892302 -1.015662092 1.218251092 
0.3497 -0.9333760854 -0.443963711 2.305764351 0.217679778 -1.008522477 1.197788151 
0.3497 -0.9422889558 -0.431436207 2.308878964 0.2417239104 -1.001721809 1.177242961 
0.4497 -0.882122795 -0.5443732094 2.246788682 0.2465590193 -0.9409989771 1.253257488 
0.4497 -0.8911191225 -0.5327345169 2.249042567 0.2701829775 -0.9334207081 1.231012855 
0.4497 -0.8998751039 -0.5210954076 2.251169299 0.2941988534 -0.9262220529 1.208661074 
0.4497 -0.908397868 -0.5094549949 2.25316198 0.3185909099 -0.9193963988 1.186206836 
0.4497 -0.9166939908 -0.4978132203 2.255013326 0.3433428933 -0.9129368654 1.163655454 
0.4497 -0.9249811588 -0.4861724164 2.256732391 0.3684534147 -0.9066994344 1.140862052 
0.4497 -0.9326298326 -0.4745296246 2.258261046 0.3938589778 -0.9010872641 1.118285211 
0.4497 -0.9402799199 -0.4628919972 2.259641084 0.4195879321 -0.8956820639 1.095479477 
0.4497 -0.9477241089 -0.4512614029 2.260847174 0.4456065529 -0.8906127344 1.072602701 
0.4497 -0.9549662096 -0.4396421178 2.261870442 0.4718960429 -0.8858710678 1.049662256 
0.5497 -0.8811898051 -0.5659998601 2.191801873 0.4671481788 -0.8086100709 1.129637123 
0.5497 -0.8883664932 -0.5552260788 2.192265715 0.4937800979 -0.8033663782 1.104491844 
0.5497 -0.8953729972 -0.544378102 2.192573572 0.5209222343 -0.7984690779 1.079076378 
0.5497 -0.9023705057 -0.5335776071 2.192737704 0.5482912893 -0.7938593948 1.053479726 
0.5497 -0.9086765144 -0.5228102477 2.192668981 0.5758115684 -0.7898320458 1.028261478 
0.5497 -0.9149204967 -0.5120423738 2.192423848 0.6036443582 -0.7860866912 1.002830974 
0.5497 -0.9209987496 -0.501286257 2.191979646 0.631738919 -0.782665004 0.9772987338 
0.5497 -0.9269086523 -0.4905485507 2.191324583 0.6600743066 -0.7795614611 0.9516775208 
0.5497 -0.9326475319 -0.4798369767 2.190446694 0.6886287642 -0.7767697495 0.9259801133 
0.5497 -0.938212684 -0.4691602407 2.189333945 0.7173799262 -0.7742828554 0.9002191225 
0.6497 -0.8440760114 -0.6147637675 2.11196202 0.7039904927 -0.6737976767 0.990577482 
0.6497 -0.8496426899 -0.6045483605 2.110810016 0.734678974 -0.6711502344 0.9613261566 
0.6497 -0.8550348109 -0.5943087531 2.109441372 0.765683665 -0.6688916736 0.9319344151 
0.6497 -0.8602503997 -0.5840563127 2.107837998 0.7969740067 -0.6670118476 0.9024222446 
0.6497 -0.8652870421 -0.573803948 2.105981729 0.8285187276 -0.665499711 0.8728095074 
0.6497 -0.8699149311 -0.5639207495 2.103700621 0.8599573515 -0.6640615866 0.8434802958 
0.6497 -0.8746584287 -0.5533423432 2.101394723 0.892304274 -0.6635364375 0.8134256372 
0.6497 -0.8790313152 -0.5432134961 2.098655111 0.9243316843 -0.6630540592 0.7837794771 
0.6497 -0.8832004197 -0.5331543976 2.095591956 0.9564726339 -0.6628835371 0.7541258679 
0.6497 -0.8871611536 -0.5231830587 2.092189705 0.9886965416 -0.6630111623 0.7244812486 
0.6497 -0.8909086076 -0.5133177851 2.088433676 1.020973911 -0.6634233621 0.6948608468 
0.6497 -0.8944376492 -0.5035769653 2.084310147 1.053276555 -0.6641068328 0.6652785501 
0.6497 -0.8977430086 -0.4939788803 2.07980641 1.085577788 -0.6650486546 0.6357468225 
0.6497 -0.9008193615 -0.4845415263 2.074910816 1.117852572 -0.6662363976 0.606276656 
0.6497 -0.9036613959 -0.4752824625 2.069612784 1.150077634 -0.6676582074 0.5768775565 
0.6497 -0.9062638719 -0.4662186829 2.063902805 1.182231548 -0.6693028755 0.5475575668 
0.6497 -0.9086216687 -0.4573665119 2.057772414 1.214294777 -0.6711598912 0.5183233109 
0.6497 -0.9107298199 -0.4487415239 2.051214158 1.246249694 -0.6732194782 0.4891800617 
0.6497 -0.9125943144 -0.440306884 2.044176466 1.278279095 -0.6754872877 0.4599505817 
0.6497 -0.9141873752 -0.432181368 2.036741158 1.309971183 -0.6779268467 0.4310008208 
0.6497 -0.9155169916 -0.4243248825 2.028861154 1.341513291 -0.6805441433 0.4021506971 
0.6497 -0.9165789697 -0.4167496404 2.0205325 1.372895185 -0.6833324159 0.3734010195 
0.6497 -0.9173693025 -0.4094670217 2.011751947 1.404108343 -0.6862856146 0.3447517445 
0.6497 -0.9178841539 -0.402487601 2.002516881 1.435145888 -0.6893983738 0.3162020778 
0.6497 -0.9181198359 -0.3958211934 1.992825249 1.466002519 -0.6926659725 0.2877505704 
0.6497 -0.9180727827 -0.3894769043 1.982675487 1.496674443 -0.6960842966 0.2593952074 
0.6497 -0.9177395194 -0.3834631886 1.972066451 1.527159314 -0.6996497969 0.2311334875 
0.6497 -0.9171166273 -0.3777879177 1.960997349 1.557456173 -0.7033594452 0.202962494 
0.6497 -0.9162007073 -0.3724584484 1.949467669 1.587565396 -0.7072106943 0.1748789523 
0.6497 -0.9149883378 -0.3674817007 1.937477119 1.617488652 -0.711201434 0.1468792837 
0.6497 -0.9134760325 -0.3628642343 1.925025555 1.647228868 -0.7153299537 0.11895964 
0.6497 -0.9116478832 -0.3585869218 1.912030772 1.676974408 -0.719621986 0.09094214231 
0.6497 -0.9095228212 -0.3547090247 1.898654167 1.706361174 -0.7240231846 0.0631705065 
0.6497 -0.9070864727 -0.3512088222 1.884816399 1.735581073 -0.7285590545 0.03546596307 
0.6497 -0.9043345958 -0.3480923082 1.870517298 1.764641932 -0.7332291298 0.0078237878 
0.6497 -0.9012626197 -0.3453655728 1.855756521 1.793552823 -0.7380331827 -0.01976096312 
0.6497 -0.8978655783 -0.34303491 1.84053349 1.8223241 -0.7429711985 -0.04729346851 
0.6497 -0.8941380381 -0.341106931 1.824847316 1.850967454 -0.7480433558 -0.07477917165 
0.6497 -0.8900740213 -0.3395886868 1.808696726 1.879495979 -0.7532500089 -0.1022238168 
0.6497 -0.8856669169 -0.3384878036 1.792079981 1.907924262 -0.7585916712 -0.1296334943 
0.6497 -0.8809093823 -0.3378126286 1.774994787 1.936268496 -0.7640690049 -0.1570146998 
0.6497 -0.8758190885 -0.3376191309 1.757540439 1.96435542 -0.7695677406 -0.1842111699 
0.6497 -0.870313943 -0.3377844422 1.739423626 1.992748066 -0.775415212 -0.2116941021 
0.6497 -0.8644342281 -0.3384223651 1.720849208 2.021063859 -0.7813731025 -0.2391267865 
0.6497 -0.8581555694 -0.3395796631 1.701778313 2.049369948 -0.7873910755 -0.2665739973 
0.6497 -0.8514989224 -0.3411994379 1.682286596 2.077604816 -0.7935621561 -0.2939301339 
0.6497 -0.8444248611 -0.3433212763 1.6622947 2.105896959 -0.7998755653 -0.3213102348 
0.6497 -0.8369166537 -0.3459648028 1.641792945 2.134279949 -0.8063328235 -0.3487264898 
0.6497 -0.8289552429 -0.3491526588 1.620769836 2.162791418 -0.8129355671 -0.3761925965 
0.5497 -0.93471265 -0.1918793067 1.689702895 2.065968103 -0.8975855206 -0.3431492358 
0.5497 -0.9281807285 -0.1939440203 1.670075467 2.089490246 -0.903785753 -0.3670134748 
0.5497 -0.9213339053 -0.1963814675 1.650051305 2.112999335 -0.9101309525 -0.3908730826 
0.5497 -0.914162475 -0.1992022325 1.629624201 2.136515505 -0.9166225435 -0.4147331337 
0.5497 -0.9066555358 -0.2024185163 1.608786857 2.160060811 -0.9232620823 -0.4385993356 
0.5497 -0.8988008245 -0.2060443861 1.587530744 2.183659496 -0.9300512699 -0.4624781237 
0.5497 -0.8906592488 -0.2100793631 1.565759065 2.207409904 -0.9371004264 -0.4865241334 
0.5497 -0.8819360816 -0.2146218725 1.543581268 2.231275986 -0.9441310025 -0.5104531715 
0.5497 -0.8729451605 -0.2195873845 1.520999922 2.255208371 -0.9513819189 -0.534417665 
0.5497 -0.8635391269 -0.2250445043 1.497949621 2.279320774 -0.958790955 -0.5584304075 
0.4497 -0.9592018265 -0.06688997919 1.575327003 2.187313763 -1.026467019 -0.5165677341 
0.4497 -0.9514471171 -0.07069639901 1.553911078 2.207187148 -1.03356916 -0.5379242919 
0.4497 -0.9434042652 -0.07482242271 1.532136693 2.22708595 -1.040822065 -0.5592728311 
0.4497 -0.9351390519 -0.07926162302 1.509872847 2.247105212 -1.048365652 -0.5807827679 
0.4497 -0.9264491227 -0.08407319573 1.487407524 2.267079111 -1.055863261 -0.6020494811 
0.4497 -0.917433268 -0.08924486226 1.464560982 2.287142278 -1.063509538 -0.6233160899 
0.4497 -0.9080659604 -0.09498946504 1.441228253 2.307451012 -1.07121827 -0.6448052347 
0.4497 -0.8984480605 -0.1007263041 1.417498774 2.327728362 -1.079444583 -0.6660745152 
0.4497 -0.8883972215 -0.1070910774 1.393327326 2.34826868 -1.087653262 -0.6874809604 
0.4497 -0.877947883 -0.1139074432 1.36869992 2.369023152 -1.096031019 -0.7089211934 
0.3497 -0.9673304221 0.04689343445 1.453984717 2.282104527 -1.150882468 -0.6621741312 
0.3497 -0.9586774515 0.04208946891 1.431248075 2.298980997 -1.158910762 -0.681494886 
0.3497 -0.9497543156 0.03701694595 1.408159842 2.315908531 -1.167102862 -0.7008058181 
0.3497 -0.9405499436 0.03166374389 1.384703566 2.33290629 -1.175465681 -0.7201132753 
0.3497 -0.9309975287 0.02579497743 1.360835473 2.350093293 -1.183832646 -0.7395659891 
0.3497 -0.9212452222 0.0200569205 1.33661117 2.367197554 -1.192734239 -0.7587450421 
0.3497 -0.9110750277 0.01375668159 1.312055717 2.384501032 -1.201530668 -0.7779726861 
0.3497 -0.9005631535 0.007103639079 1.287056631 2.401973888 -1.210520304 -0.7972252216 
0.3497 -0.8897438704 8.75015033e-05 1.261377233 2.419702848 -1.219920739 -0.8166859916 
0.3497 -0.878487811 -0.007348524288 1.235363235 2.437617582 -1.229366792 -0.8360409031 
0.2497 -0.9639179881 0.1564787984 1.329215865 2.355292257 -1.273130831 -0.7858203881 
0.2497 -0.954597064 0.1513347403 1.305436034 2.369532401 -1.282089249 -0.8033994648 
0.2497 -0.9450126638 0.1459805609 1.28129652 2.383821828 -1.291224351 -0.8209573806 
0.2497 -0.9350957864 0.1403967133 1.256630183 2.398252966 -1.300619801 -0.8385879625 
0.2497 -0.9249185398 0.134574071 1.23183109 2.412665966 -1.310014993 -0.8560255713 
0.2497 -0.9144809214 0.1285319409 1.206372402 2.427219447 -1.319840895 -0.8736273923 
0.2497 -0.9037294746 0.1224135008 1.180813451 2.441732731 -1.329733432 -0.8908605731 
0.2497 -0.8925564621 0.1156002432 1.154318891 2.456669391 -1.339891812 -0.9086514127 
0.2497 -0.8810490161 0.1086842412 1.127543054 2.471634928 -1.350255172 -0.9261711716 
0.2497 -0.8691431388 0.1014342693 1.100219134 2.486799188 -1.360860464 -0.9437049823 
0.1497 -0.9519581094 0.2674388171 1.203690728 2.409539437 -1.393976587 -0.8908030006 
0.1497 -0.9421409449 0.2626306624 1.179071676 2.421236724 -1.403850037 -0.906807877 
0.1497 -0.9320636264 0.257693539 1.154059304 2.432947451 -1.413928649 -0.9227884725 
0.1497 -0.9217113206 0.2526221732 1.128628329 2.444679432 -1.424223645 -0.938748177 
0.1497 -0.9111165186 0.2475959113 1.103037159 2.456329315 -1.43467052 -0.954404487 
0.1497 -0.9001132466 0.2420520652 1.07639324 2.468241082 -1.445514901 -0.9706205646 
0.1497 -0.8884389645 0.2365481326 1.048804357 2.480093754 -1.456800207 -0.9867782014 
0.1497 -0.8771131003 0.2308262889 1.021918159 2.492070845 -1.467917473 -1.002542047 
0.1497 -0.8650871765 0.2249753777 0.9938803619 2.504048149 -1.479522752 -1.018451772 
0.0497 -0.9437646449 0.3883952429 1.105166184 2.436748632 -1.502566566 -0.9643694851 
0.0497 -0.933848786 0.3846796614 1.080269907 2.445825872 -1.513113538 -0.9789641769 
0.0497 -0.9236868261 0.3809583115 1.054954889 2.454827094 -1.523897888 -0.9935379393 
0.0497 -0.9132634711 0.3772386468 1.0291896 2.463746069 -1.534936501 -1.008097771 
0.0497 -0.902561498 0.3735297285 1.0029382 2.472574698 -1.546248679 -1.022651298 
0 -0.9329429253 0.4495173455 1.045124954 2.449801487 -1.56071068 -1.003458232 
0 -0.9229046237 0.4465834723 1.019951385 2.45746151 -1.571691444 -1.017449972 
0 -0.9122890649 0.4438875223 0.9937490442 2.464768357 -1.583193156 -1.031459737 
-0.0503 -0.9412636446 0.5187661201 1.037000197 2.445367873 -1.596012224 -1.011734355 
-0.0503 -0.9316088257 0.516548014 1.012483 2.451889106 -1.606872674 -1.02510799 
-0.0503 -0.9216720731 0.5144501773 0.9873926295 2.458259735 -1.618061281 -1.038542269 
-0.0503 -0.911562287 0.5125219934 0.9620058419 2.464377223 -1.629460745 -1.051876027 
-0.0503 -0.9012020074 0.5107778097 0.936128145 2.470253406 -1.641164735 -1.06519964 
-0.1503 -0.9622884775 0.6568737779 1.045638206 2.434614154 -1.651649721 -1.012377902 
-0.1503 -0.9535256747 0.6556508379 1.022860164 2.439473231 -1.661897651 -1.024710807 
-0.1503 -0.9446028759 0.6546095421 0.9997656932 2.44411431 -1.672357647 -1.036927665 
-0.1503 -0.9355080557 0.6537773492 0.9763267193 2.448510088 -1.683049074 -1.049287731 
-0.1503 -0.926232722 0.6531791436 0.9525184774 2.452634678 -1.693988874 -1.061560709 
-0.1503 -0.9167640531 0.6528488714 0.9283080328 2.456453102 -1.705199885 -1.073813974 
-0.1503 -0.9070880458 0.6528259331 0.9036582612 2.459924211 -1.716707964 -1.086056372 
-0.1503 -0.8971885349 0.6531576288 0.8785258489 2.462998152 -1.728543429 -1.098298729 
-0.2503 -0.9528647584 0.7914202553 0.9918777846 2.440140899 -1.731004182 -1.043448551 
-0.2503 -0.9445559338 0.7914113153 0.9701315644 2.443187788 -1.740996974 -1.054729103 
-0.2503 -0.9360599977 0.7916645654 0.9479631326 2.445971822 -1.751258238 -1.066048538 
-0.2503 -0.9274737238 0.7922081802 0.9256242268 2.448425801 -1.761678338 -1.077277679 
-0.2503 -0.9187349041 0.7930792429 0.9029511648 2.450529715 -1.772340709 -1.088492126 
-0.2503 -0.9098321668 0.7943206908 0.8799127827 2.452238072 -1.783269018 -1.099701242 
-0.2503 -0.9007518765 0.7959844509 0.8564720604 2.45349555 -1.794491496 -1.110959203 
-0.2503 -0.8914790664 0.79813106 0.832586785 2.454236872 -1.806040337 -1.122227084 
-0.2503 -0.8819953095 0.8008353163 0.8082056369 2.454381004 -1.817954789 -1.133522334 
-0.2503 -0.8722783626 0.8041894852 0.7832664205 2.453827309 -1.830282469 -1.144867086 
-0.3503 -0.9260073692 0.9297340808 0.9082357728 2.447525564 -1.8195856 -1.085668059 
-0.3503 -0.918133761 0.9311656438 0.8874864284 2.448710353 -1.829251777 -1.09592591 
-0.3503 -0.9101440889 0.9329507125 0.8664703538 2.449531336 -1.839123791 -1.106166195 
-0.3503 -0.9020291169 0.9351320071 0.8451621465 2.449942654 -1.849222472 -1.116398208 
-0.3503 -0.8937260343 0.9377780299 0.8233958354 2.449887748 -1.85963773 -1.126696592 
-0.3503 -0.8853251365 0.9409167453 0.8014064701 2.449301128 -1.8702692 -1.136948568 
-0.3503 -0.8765195714 0.9450549149 0.7786626629 2.44759069 -1.881496985 -1.147254513 
-0.3503 -0.8680123523 0.9490256722 0.7561794062 2.44619779 -1.892517365 -1.157541844 
-0.3503 -0.8590572679 0.9542010406 0.732825439 2.443454907 -1.904229493 -1.168072358 
-0.3503 -0.8498680283 0.9602985868 0.7088801762 2.43972233 -1.916413192 -1.178637695 
-0.4503 -0.9013772213 1.067896282 0.8451050159 2.454824989 -1.891258462 -1.115002326 
-0.4503 -0.8943394587 1.069896393 0.8261250518 2.455205775 -1.899823084 -1.124306852 
-0.4503 -0.8872218431 1.072240496 0.8069471356 2.455241103 -1.908547497 -1.133600213 
-0.4503 -0.8800182596 1.074965346 0.7875527763 2.454890619 -1.9174477 -1.142794818 
-0.4503 -0.872452496 1.078638778 0.7675537796 2.453484785 -1.926868875 -1.152162061 
-0.4503 -0.8653115232 1.081766296 0.7480093987 2.452806054 -1.935868678 -1.161498878 
-0.4503 -0.8574710112 1.086725939 0.7273911401 2.450117851 -1.945853398 -1.170808501 
-0.4503 -0.849747265 1.091635814 0.7066294638 2.44758789 -1.955814071 -1.180278254 
-0.4503 -0.8422755759 1.096382868 0.6861790848 2.445087871 -1.965547499 -1.189765292 
